Feature ID,Feature Name,Feature count topic 1,Feature log2 fold change topic 1,Feature count topic 2,Feature log2 fold change topic 2,Feature count topic 3,Feature log2 fold change topic 3,Feature count topic 4,Feature log2 fold change topic 4,Feature count topic 5to6,Feature log2 fold change topic 5to6,Feature count topic 7,Feature log2 fold change topic 7,Feature count topic 8,Feature log2 fold change topic 8,Feature count topic 9,Feature log2 fold change topic 9,Feature count topic 10to13,Feature log2 fold change topic 10to13
ENSG00000228794,LINC01128,2,-3.1271,7,-1.3481,4,-2.1317,18,0.03658,15,-0.2305,25,0.54329,17,-0.0621,13,-0.3974,28,1.08660
ENSG00000188976,NOC2L,27,-0.5752,36,-0.1775,28,-0.5545,15,-1.4630,33,-0.3181,53,0.44903,61,0.64987,36,-0.1641,50,0.47037
ENSG00000188290,HES4,157,1.13309,12,-2.7628,96,0.33061,45,-0.8354,61,-0.4176,47,-0.7643,71,-0.1467,70,-0.1647,98,0.51301
ENSG00000187608,ISG15,53,-0.6743,34,-1.3505,30,-1.5234,58,-0.5262,64,-0.4152,19,-2.1461,153,1.00153,76,-0.1219,130,1.07341
ENSG00000188157,AGRN,2,-3.8530,24,-0.2654,65,1.30780,5,-2.5121,21,-0.4999,22,-0.4009,40,0.49496,15,-0.9340,40,0.72693
ENSG00000131591,C1orf159,2,-2.5900,14,0.23723,12,0.00688,19,0.76985,10,-0.2094,20,0.78178,9,-0.3952,9,-0.4367,12,0.05884
ENSG00000078808,SDF4,60,-0.3358,86,0.23855,104,0.52972,89,0.28413,62,-0.3040,67,-0.1595,64,-0.2356,100,0.47733,68,-0.1840
ENSG00000176022,B3GALT6,2,-3.8158,15,-0.9383,20,-0.4943,52,0.96580,24,-0.2973,32,0.21292,38,0.46959,21,-0.4541,35,0.45663
ENSG00000160087,UBE2J2,2,-4.3525,29,-0.5359,54,0.42655,33,-0.3198,27,-0.6533,44,0.11519,47,0.20937,36,-0.1819,58,0.79595
ENSG00000131584,ACAP3,69,0.07100,56,-0.2464,35,-0.9635,33,-1.0220,58,-0.2198,95,0.58684,71,0.11509,68,0.05258,78,0.37022
ENSG00000127054,INTS11,7,-2.7960,58,0.29191,60,0.35082,30,-0.6830,40,-0.3052,55,0.20855,77,0.76698,50,0.07409,51,0.14300
ENSG00000224051,CPTP,41,0.55543,14,-1.0379,25,-0.2141,30,0.10005,20,-0.5556,32,0.17159,34,0.27548,15,-0.9298,35,0.42343
ENSG00000107404,DVL1,101,0.98664,50,-0.1254,57,0.06037,10,-2.5492,62,0.21796,47,-0.2236,19,-1.6049,59,0.12239,61,0.22785
ENSG00000175756,AURKAIP1,2,-6.2899,180,0.18873,207,0.40395,81,-1.0267,179,0.19056,146,-0.1472,216,0.47163,198,0.33387,173,0.16864
ENSG00000221978,CCNL2,40,-0.3336,54,0.12825,37,-0.4394,23,-1.1584,45,-0.1567,41,-0.2937,81,0.77592,70,0.53880,53,0.10800
ENSG00000224870,MRPL20-AS1,2,-2.2413,13,0.51680,6,-0.5357,1,-3.2589,9,-0.0447,12,0.42201,12,0.33914,23,1.42563,9,-0.1599
ENSG00000242485,MRPL20,45,-2.0951,200,0.13465,224,0.31229,124,-0.6040,185,0.01079,191,0.06154,211,0.21218,265,0.57662,190,0.06847
ENSG00000235098,ANKRD65,43,0.81168,63,1.46524,21,-0.3003,0,-5.2039,23,-0.1745,16,-0.6951,25,-0.0550,9,-1.6165,28,0.15663
ENSG00000179403,VWA1,2,-4.8269,350,3.40408,101,0.90738,15,-1.9964,54,-0.0798,29,-1.0082,22,-1.4013,31,-0.9212,21,-1.7962
ENSG00000197785,ATAD3A,2,-3.2639,11,-0.8218,36,0.98198,31,0.74573,9,-1.1356,31,0.78168,17,-0.1813,30,0.71149,18,-0.1066
ENSG00000205090,TMEM240,2,-3.6763,7,-1.8447,20,-0.3453,2,-3.7242,29,0.20741,42,0.80110,20,-0.3428,23,-0.1453,39,1.00241
ENSG00000160075,SSU72,2,-6.1913,97,-0.6492,128,-0.2207,241,0.78782,138,-0.1141,120,-0.3161,237,0.75592,157,0.10076,165,0.23823
ENSG00000228594,FNDC10,2,-3.6910,4,-2.6790,10,-1.4284,20,-0.4018,27,0.08932,9,-1.5942,29,0.20570,61,1.38536,37,0.79846
ENSG00000272106,AL691432.2,2,-3.5204,19,-0.2561,27,0.27909,40,0.86543,18,-0.4113,31,0.48365,15,-0.6117,45,1.09747,20,-0.2196
ENSG00000197530,MIB2,47,0.42650,20,-0.8464,63,0.89149,16,-1.2398,39,0.12796,34,-0.1005,28,-0.3686,48,0.45607,33,-0.1504
ENSG00000189339,SLC35E2B,2,-3.9047,18,-0.7413,19,-0.6897,29,-0.0565,30,-0.0250,33,0.16624,14,-1.1455,60,1.10937,39,0.57210
ENSG00000215790,SLC35E2A,2,-3.6594,17,-0.6374,26,0.04619,59,1.38265,21,-0.2708,19,-0.4544,27,0.11233,25,-0.0129,28,0.19792
ENSG00000008130,NADK,2,-3.5625,21,-0.1918,42,0.92611,13,-0.8910,23,-0.0181,31,0.44446,23,-0.0675,34,0.55923,24,0.00349
ENSG00000078369,GNB1,216,-0.8965,259,-0.6208,274,-0.5365,334,-0.2302,347,-0.1883,476,0.32122,461,0.27060,432,0.16746,474,0.44070
ENSG00000187730,GABRD,2,-5.5109,2,-5.3651,14,-2.7334,65,-0.5277,61,-0.6611,151,0.78705,121,0.43427,102,0.15690,154,1.25120
ENSG00000067606,PRKCZ,72,-1.4127,80,-1.2573,74,-1.3714,221,0.29167,159,-0.2418,218,0.26960,239,0.41747,254,0.51992,227,0.46829
ENSG00000162585,FAAP20,2,-4.4753,71,0.61616,81,0.82890,19,-1.3799,57,0.28165,52,0.13432,29,-0.7641,76,0.73197,45,-0.1227
ENSG00000157933,SKI,2,-3.4343,32,0.61801,18,-0.2713,1,-4.2724,33,0.75569,15,-0.5056,13,-0.7161,29,0.45382,26,0.39608
ENSG00000157916,RER1,2,-5.2838,93,0.26841,112,0.56598,118,0.64977,55,-0.5779,66,-0.2671,93,0.27410,121,0.68374,76,-0.0644
ENSG00000157911,PEX10,43,0.33891,46,0.43826,52,0.64744,81,1.38332,24,-0.5750,22,-0.6495,34,-0.0185,15,-1.2708,27,-0.4887
ENSG00000149527,PLCH2,2,-3.1644,27,0.67104,2,-2.9139,2,-2.9100,16,-0.1877,0,-4.8624,30,0.83415,36,1.10148,25,0.76443
ENSG00000157881,PANK4,2,-3.3977,8,-1.4966,8,-1.3772,0,-4.7245,12,-0.9511,30,0.53764,26,0.31909,49,1.36353,32,0.96551
ENSG00000157870,PRXL2B,127,1.49101,14,-1.8961,26,-1.0155,49,-0.0749,44,-0.2613,55,0.09682,69,0.47610,46,-0.1753,48,-0.1269
ENSG00000177133,PRDM16-DT,60,2.51638,4,-1.8490,12,-0.2083,0,-4.3672,24,0.92785,2,-2.7613,1,-3.3464,3,-2.2051,13,-0.1343
ENSG00000158109,TPRG1L,90,-0.8650,46,-1.8526,64,-1.3833,112,-0.5454,133,-0.2966,196,0.32955,295,0.99447,157,-0.0182,211,0.62437
ENSG00000116213,WRAP73,2,-2.3656,15,0.58919,17,0.77000,0,-3.9228,12,0.24045,12,0.26576,10,-0.0452,3,-1.5239,12,0.41466
ENSG00000130764,LRRC47,74,-0.1718,63,-0.4248,38,-1.1595,157,1.02879,58,-0.5990,105,0.37031,109,0.43584,82,-0.0141,83,0.01183
ENSG00000116198,CEP104,2,-2.9832,36,1.34392,14,-0.2215,17,0.12312,16,0.00982,18,0.23964,9,-0.8770,14,-0.1266,16,-0.0085
ENSG00000198912,C1orf174,2,-2.2718,14,0.60993,2,-2.1094,2,-2.3996,11,0.28782,10,0.07263,13,0.50972,4,-1.2645,14,0.78626
ENSG00000196581,AJAP1,52,0.72616,17,-0.9509,5,-2.8117,10,-1.6978,18,-0.9365,49,0.63685,38,0.24652,40,0.32268,44,0.67417
ENSG00000069424,KCNAB2,234,0.42398,22,-3.0885,99,-0.9047,93,-1.0029,173,-0.0558,179,0.00613,250,0.53272,164,-0.1291,234,0.60126
ENSG00000116254,CHD5,79,-0.3224,5,-4.1798,31,-1.7132,200,1.17048,84,-0.2495,132,0.48575,94,-0.0426,104,0.10008,113,0.31610
ENSG00000116251,RPL22,659,0.47143,977,1.12215,689,0.54300,291,-0.7965,616,0.40152,324,-0.6352,314,-0.6802,447,-0.1398,357,-0.6184
ENSG00000116237,ICMT,2,-3.8801,21,-0.5420,13,-1.1958,31,0.10176,25,-0.2981,19,-0.6883,44,0.61634,21,-0.4915,46,1.03031
ENSG00000097021,ACOT7,54,-2.5249,55,-2.4948,140,-1.1179,276,-0.0861,173,-0.8486,324,0.16805,647,1.30424,589,1.14347,339,0.32688
ENSG00000215788,TNFRSF25,2,-2.7847,1,-3.0320,1,-3.2931,4,-1.8310,17,0.34681,39,1.70497,18,0.40206,6,-1.2526,18,0.65807
ENSG00000171680,PLEKHG5,38,0.68672,1,-4.6270,5,-2.2401,11,-1.1977,17,-0.6260,41,0.83448,33,0.45727,30,0.31516,31,0.55245
ENSG00000162408,NOL9,61,1.24335,14,-1.0890,29,0.06117,44,0.69613,29,0.03749,36,0.37908,20,-0.5020,12,-1.2114,23,-0.3902
ENSG00000162413,KLHL21,2,-3.8241,45,0.73373,36,0.36756,26,-0.1477,26,-0.1674,34,0.26632,39,0.50238,24,-0.2601,28,-0.0228
ENSG00000116273,PHF13,2,-2.7737,8,-0.7342,2,-2.5433,30,1.29604,10,-0.5161,24,0.89206,13,-0.1050,35,1.53461,11,-0.4680
ENSG00000041988,THAP3,2,-3.2422,17,-0.1901,10,-0.9596,34,0.93611,20,0.12364,16,-0.2204,22,0.22884,15,-0.3836,22,0.36167
ENSG00000007923,DNAJC11,75,1.34396,14,-1.2567,17,-0.9723,46,0.53076,26,-0.4002,47,0.57712,42,0.38905,14,-1.2944,30,-0.1884
ENSG00000171735,CAMTA1,2,-6.1138,102,-0.6145,193,0.38053,219,0.58296,164,0.12898,144,-0.0788,146,-0.0631,169,0.16595,168,0.21291
ENSG00000049245,VAMP3,2,-4.5135,243,3.02289,114,1.49532,18,-1.4344,34,-0.4912,16,-1.6116,4,-3.3656,57,0.35155,19,-1.6087
ENSG00000049246,PER3,2,-3.3840,44,1.21068,41,1.09556,8,-1.4802,22,0.06134,29,0.52391,11,-0.9283,13,-0.6818,20,-0.1048
ENSG00000116288,PARK7,271,-0.4677,347,-0.0895,432,0.25470,515,0.53605,367,-0.0037,436,0.27006,514,0.53382,314,-0.2419,303,-0.3844
ENSG00000116285,ERRFI1,2,-3.5829,27,0.19949,23,-0.0367,57,1.40575,15,-0.7225,19,-0.3629,23,-0.0567,20,-0.2789,27,0.28451
ENSG00000162426,SLC45A1,35,-0.1525,8,-2.3027,13,-1.5635,111,1.77593,19,-1.0994,41,0.12804,56,0.60535,24,-0.6999,42,0.22077
ENSG00000142599,RERE,143,0.77939,70,-0.3454,85,-0.0538,78,-0.1836,83,-0.0965,55,-0.7060,77,-0.1955,100,0.21271,91,0.08779
ENSG00000074800,ENO1,551,-0.3558,435,-0.7166,1020,0.61582,615,-0.1848,562,-0.3495,699,0.01369,946,0.49281,904,0.41989,679,-0.0434
ENSG00000142583,SLC2A5,72,2.60939,18,0.16193,36,1.29875,1,-3.7193,24,0.70064,6,-1.5088,3,-2.4935,2,-2.8119,6,-1.7273
ENSG00000171612,SLC25A33,44,-0.0075,41,-0.0866,96,1.27280,13,-1.7913,56,0.44163,34,-0.3888,22,-1.0086,60,0.48962,36,-0.3603
ENSG00000188807,TMEM201,2,-2.6055,12,0.06271,24,1.08479,9,-0.4857,7,-0.7554,7,-0.7740,13,0.11757,23,1.05188,13,0.12285
ENSG00000171608,PIK3CD,2,-2.5818,4,-1.6037,0,-7.5058,16,0.42963,12,-0.0937,21,0.82008,6,-1.0864,16,0.41393,18,0.86109
ENSG00000171603,CLSTN1,1056,0.77548,151,-2.1945,428,-0.6438,614,-0.0891,372,-0.9112,788,0.30185,1012,0.70710,875,0.47078,696,0.14436
ENSG00000178585,CTNNBIP1,41,0.10539,40,0.08295,32,-0.2721,41,0.12375,40,0.08306,29,-0.3877,47,0.35381,42,0.17481,35,-0.1554
ENSG00000162441,LZIC,2,-3.8400,76,1.59503,52,0.94313,37,0.40159,32,0.21284,26,-0.1209,19,-0.6283,8,-1.8136,22,-0.5224
ENSG00000162444,RBP7,2,-3.3080,161,4.25585,22,0.18070,22,0.18697,11,-0.9751,6,-1.8008,1,-4.0027,11,-0.8774,3,-3.1424
ENSG00000130939,UBE4B,2,-4.2664,34,-0.2477,47,0.24845,69,0.87995,28,-0.5971,48,0.30311,47,0.25858,36,-0.1550,45,0.25299
ENSG00000054523,KIF1B,125,-1.0103,307,0.37186,318,0.42712,259,0.10348,227,-0.1127,264,0.13282,282,0.23491,162,-0.6224,246,0.02689
ENSG00000142657,PGD,19,-1.5227,43,-0.3323,59,0.16189,85,0.74835,42,-0.3866,70,0.43533,73,0.48946,57,0.10221,50,-0.1117
ENSG00000241563,CORT,2,-8.2667,12,-5.6986,49,-3.7701,7498,7.21940,67,-3.4299,16,-5.3647,41,-4.0323,62,-3.4160,71,-3.6084
ENSG00000160049,DFFA,2,-4.0688,42,0.34698,86,1.53305,32,-0.0894,30,-0.1776,24,-0.5074,12,-1.4976,50,0.61083,32,-0.0741
ENSG00000142655,PEX14,138,2.53461,17,-0.9343,16,-0.9982,21,-0.6254,21,-0.7203,32,-0.0072,30,-0.0949,11,-1.6434,28,-0.2871
ENSG00000120948,TARDBP,2,-4.7874,71,0.37754,38,-0.5768,101,0.96252,52,-0.1180,53,-0.0821,77,0.52001,66,0.26177,53,-0.1033
ENSG00000116649,SRM,156,0.55345,45,-1.3525,91,-0.2857,99,-0.1543,95,-0.2470,113,0.04328,104,-0.0804,155,0.54990,118,0.16161
ENSG00000171824,EXOSC10,2,-3.8108,29,0.04525,37,0.43359,29,0.06084,19,-0.6485,28,-0.0174,30,0.10965,39,0.53083,33,0.36374
ENSG00000198793,MTOR,8,-2.4923,18,-1.2614,64,0.66877,23,-0.8816,32,-0.4464,43,0.05252,57,0.48187,68,0.77303,50,0.37349
ENSG00000120942,UBIAD1,2,-2.1160,21,1.42713,26,1.80418,0,-3.6761,8,-0.0813,8,-0.0832,5,-0.6394,5,-0.8414,7,-0.4044
ENSG00000116661,FBXO2,32,-2.9088,237,0.06714,433,1.04319,161,-0.5293,284,0.38767,109,-1.1219,282,0.34059,290,0.38520,210,-0.1575
ENSG00000132879,FBXO44,2,-5.6922,33,-1.7372,76,-0.4846,56,-0.9379,97,-0.1269,172,0.79667,181,0.88222,101,-0.0565,136,0.58249
ENSG00000116670,MAD2L2,2,-3.4708,50,1.31912,27,0.28271,12,-0.9358,26,0.29973,18,-0.3439,19,-0.2221,12,-0.8675,24,0.15982
ENSG00000177674,AGTRAP,2,-2.7010,34,1.59033,78,3.31249,0,-4.2551,17,0.45099,5,-1.2602,0,-8.3300,0,-5.4525,4,-2.0880
ENSG00000177000,MTHFR,2,-2.6282,9,-0.4141,12,-0.0020,34,1.68466,13,0.12272,11,-0.1387,11,-0.1308,4,-1.5588,12,-0.0122
ENSG00000011021,CLCN6,39,-0.4147,36,-0.5458,22,-1.2408,171,2.03881,31,-0.8120,44,-0.2258,59,0.21141,41,-0.3358,48,-0.1377
ENSG00000116685,KIAA2013,70,0.90028,69,0.88312,37,-0.1058,1,-5.0846,34,-0.2431,47,0.26808,32,-0.3196,46,0.21659,37,-0.1739
ENSG00000083444,PLOD1,2,-3.6462,38,0.67672,74,1.79565,8,-1.6724,29,0.25507,27,0.12413,14,-0.8310,39,0.69960,16,-0.8259
ENSG00000116688,MFN2,70,-0.3108,63,-0.4656,96,0.17472,136,0.73855,63,-0.4961,91,0.10246,108,0.37117,50,-0.8287,93,0.17210
ENSG00000116691,MIIP,2,-3.0479,12,-0.4677,29,0.90920,0,-4.5994,15,-0.1990,23,0.50771,15,-0.0931,25,0.63680,20,0.36863
ENSG00000048707,VPS13D,39,-0.1002,31,-0.4641,42,-0.0022,16,-1.4723,34,-0.3226,56,0.45951,65,0.70042,38,-0.1582,47,0.25423
ENSG00000162496,DHRS3,2,-4.0772,30,-0.1729,147,2.56956,5,-2.8329,38,0.19146,33,-0.0537,7,-2.3214,27,-0.3218,28,-0.3497
ENSG00000116731,PRDM2,37,-0.7695,38,-0.7160,56,-0.1318,19,-1.7704,63,0.04007,148,1.44752,45,-0.4677,87,0.55271,60,-0.0377
ENSG00000189337,KAZN,64,0.48501,61,0.42862,32,-0.5724,51,0.15249,36,-0.4071,56,0.27157,47,-0.0023,51,0.15347,43,-0.1694
ENSG00000142634,EFHD2,130,0.02191,16,-3.0639,76,-0.7946,140,0.13439,136,0.10249,657,2.96034,59,-1.1820,87,-0.6008,57,-1.4703
ENSG00000132906,CASP9,68,2.57038,15,-0.0201,22,0.53584,0,-4.5127,9,-0.8329,11,-0.4582,6,-1.4765,14,-0.0963,11,-0.5704
ENSG00000116138,DNAJC16,2,-3.8184,20,-0.5253,38,0.46807,93,2.00182,13,-1.2424,30,0.09605,35,0.35135,24,-0.2621,25,-0.2534
ENSG00000197312,DDI2,2,-3.4524,17,-0.3508,9,-1.3405,21,-0.0634,11,-1.0193,22,0.03857,23,0.10467,51,1.37551,29,0.61028
ENSG00000116786,PLEKHM2,124,0.90486,34,-1.1152,30,-1.3072,32,-1.1740,79,0.18543,57,-0.3266,68,-0.0526,81,0.22569,83,0.35851
ENSG00000065526,SPEN,2,-3.6595,50,1.09629,49,1.05339,0,-5.1123,26,0.03567,33,0.42049,26,0.02086,27,0.11107,22,-0.2329
ENSG00000116809,ZBTB17,2,-2.5344,25,1.24562,5,-1.2249,0,-4.0172,21,1.05631,13,0.23681,12,0.03738,7,-0.8044,11,-0.0997
ENSG00000185519,FAM131C,35,0.86826,58,1.74144,10,-1.0369,20,-0.0323,17,-0.2504,4,-2.3587,10,-1.0265,12,-0.8228,20,-0.0331
ENSG00000037637,FBXO42,2,-3.2457,14,-0.4862,18,-0.0860,34,0.93722,12,-0.7512,13,-0.5673,18,-0.0337,20,0.09030,26,0.68793
ENSG00000055070,SZRD1,33,0.30650,58,1.22994,66,1.44660,33,0.32810,27,-0.0119,13,-1.1039,5,-2.2981,28,0.07909,15,-1.0611
ENSG00000157191,NECAP2,2,-2.9563,43,1.67732,47,1.84887,0,-4.2384,16,0.01565,6,-1.2622,14,-0.1477,19,0.28760,9,-0.8983
ENSG00000219481,NBPF1,2,-2.8993,27,0.96625,16,0.16656,1,-3.8084,12,-0.3965,7,-1.1542,9,-0.7272,26,0.88274,20,0.69789
ENSG00000058453,CROCC,2,-2.6750,13,0.08770,7,-0.7704,18,0.52038,7,-0.9656,24,1.04128,15,0.27850,23,0.91134,12,-0.0970
ENSG00000159363,ATP13A2,111,-0.5521,36,-2.2005,74,-1.1639,255,0.75702,133,-0.2914,112,-0.5334,221,0.52940,214,0.47418,193,0.42811
ENSG00000117118,SDHB,42,-1.4275,96,-0.1785,141,0.42233,178,0.79617,95,-0.2143,84,-0.3794,147,0.49254,75,-0.5548,112,0.08373
ENSG00000117115,PADI2,2,-4.4154,311,3.89236,98,1.34117,0,-5.9270,42,-0.0145,18,-1.3035,8,-2.5034,11,-2.0127,6,-3.1578
ENSG00000179051,RCC2,2,-2.7292,16,0.29683,5,-1.2601,5,-1.4482,18,0.54058,14,0.09899,17,0.43906,4,-1.8450,18,0.68172
ENSG00000074964,ARHGEF10L,80,2.54151,10,-0.8725,9,-1.1015,16,-0.1887,13,-0.6084,9,-1.0431,14,-0.3664,13,-0.5665,16,-0.3027
ENSG00000117154,IGSF21,2,-4.9387,12,-2.4355,88,0.46316,77,0.24756,69,0.10298,232,2.16452,60,-0.1378,45,-0.5554,49,-0.5763
ENSG00000159423,ALDH4A1,2,-3.5280,18,-0.3623,90,2.33337,24,0.08615,36,0.79371,14,-0.7652,9,-1.4322,16,-0.5541,14,-0.9707
ENSG00000127463,EMC1,2,-3.6538,22,-0.2013,26,0.07913,31,0.33690,21,-0.2751,32,0.36545,37,0.62259,21,-0.3062,28,0.24681
ENSG00000053372,MRTO4,2,-3.7781,12,-1.2777,16,-0.7674,0,-5.3255,29,0.11563,47,0.84182,43,0.72403,36,0.42065,35,0.56160
ENSG00000053371,AKR7A2,157,1.76400,64,0.25257,142,1.58653,6,-3.1097,51,-0.1067,29,-0.9378,33,-0.7655,30,-0.8975,36,-0.7972
ENSG00000040487,SLC66A1,64,2.46258,8,-0.9054,19,0.30092,8,-0.9267,5,-1.5828,22,0.52973,17,0.11564,5,-1.6992,12,-0.5319
ENSG00000077549,CAPZB,28,-2.6309,155,-0.1044,225,0.48462,135,-0.3220,167,0.01036,207,0.35389,178,0.11076,124,-0.4466,192,0.31888
ENSG00000173436,MICOS10,282,-0.1200,246,-0.3326,315,0.05005,225,-0.4663,327,0.12097,262,-0.2327,335,0.14954,363,0.27469,320,0.10170
ENSG00000158747,NBL1,173,-0.2282,44,-2.2815,173,-0.2315,467,1.38749,184,-0.1424,371,0.99286,233,0.23899,163,-0.3207,153,-0.5272
ENSG00000169914,OTUD3,2,-2.5341,3,-1.7684,14,0.36542,0,-4.0536,8,-0.4768,7,-0.6439,26,1.30764,3,-1.9754,19,1.18186
ENSG00000162545,CAMK2N1,766,0.05683,544,-0.4722,168,-2.2200,426,-0.8432,710,-0.0678,255,-1.6126,699,-0.0862,528,-0.5199,1200,1.16731
ENSG00000090432,MUL1,2,-3.5882,25,0.08596,13,-0.9013,7,-1.8396,19,-0.3941,30,0.35357,36,0.61607,42,0.88279,30,0.47694
ENSG00000183114,FAM43B,2,-3.9099,1,-4.4574,24,-0.3426,162,3.05974,26,-0.2329,108,2.17708,6,-2.3740,9,-1.7956,7,-2.5157
ENSG00000158828,PINK1,114,-1.9049,139,-1.6108,271,-0.6153,543,0.46688,376,-0.1221,538,0.45237,641,0.73583,513,0.37600,436,0.16024
ENSG00000244038,DDOST,2,-3.7035,20,-0.3819,26,-0.0073,13,-1.0515,26,0.00140,39,0.63873,30,0.21632,32,0.31791,31,0.38434
ENSG00000117245,KIF17,166,3.19116,0,-10.398,1,-4.9474,27,-0.1043,16,-0.9602,70,1.42629,28,-0.0423,7,-2.0252,12,-1.5756
ENSG00000189410,SH2D5,2,-3.4204,1,-3.6283,5,-2.1480,6,-1.9356,21,-0.0276,32,0.64619,41,1.02309,19,-0.1861,33,0.97340
ENSG00000127483,HP1BP3,151,0.19263,151,0.18864,179,0.46091,81,-0.7633,117,-0.2330,198,0.62037,104,-0.3955,99,-0.4604,136,0.03172
ENSG00000075151,EIF4G3,205,0.75388,76,-0.7937,62,-1.0963,29,-2.1912,97,-0.4648,151,0.25507,168,0.42974,215,0.82867,141,0.20519
ENSG00000117298,ECE1,3,-2.2729,26,0.97683,68,2.78089,0,-4.3819,15,0.10915,9,-0.6929,3,-1.9801,10,-0.5769,8,-0.9461
ENSG00000076864,RAP1GAP,240,0.57170,21,-3.0629,97,-0.8245,163,-0.0372,125,-0.4782,367,1.28446,212,0.37708,190,0.20022,158,-0.1172
ENSG00000090686,USP48,2,-4.3627,63,0.66172,81,1.07797,69,0.82651,28,-0.6207,45,0.14227,35,-0.2529,18,-1.2681,42,0.03148
ENSG00000070831,CDC42,113,-1.0837,239,0.05728,205,-0.1824,236,0.03696,149,-0.7222,281,0.31029,310,0.46622,236,0.03981,270,0.34071
ENSG00000173372,C1QA,111,1.32311,78,0.72299,92,1.00898,7,-2.8058,96,1.23847,26,-0.9541,13,-1.9335,35,-0.4980,21,-1.5391
ENSG00000159189,C1QC,2,-3.8119,81,1.21785,104,1.66027,2,-4.2396,88,1.59006,30,-0.3505,7,-2.3969,32,-0.2630,15,-1.6605
ENSG00000173369,C1QB,117,0.81430,145,1.17409,190,1.64779,7,-3.2667,123,1.00624,32,-1.1768,10,-2.8277,35,-1.0637,33,-1.3868
ENSG00000004487,KDM1A,9,-2.3811,24,-0.9740,30,-0.6190,45,0.00906,38,-0.2843,81,0.92857,66,0.59622,46,0.01173,53,0.33065
ENSG00000169641,LUZP1,124,1.69540,7,-2.7125,16,-1.4903,16,-1.5582,43,-0.0763,59,0.44643,30,-0.5845,48,0.12586,48,0.17121
ENSG00000125944,HNRNPR,16,-2.4980,117,0.44315,104,0.25002,64,-0.4908,64,-0.5256,135,0.67120,103,0.23420,85,-0.0691,99,0.24758
ENSG00000125945,ZNF436,39,1.43621,8,-1.0776,16,-0.0373,0,-4.5422,9,-0.8456,29,0.94681,26,0.76686,3,-2.2327,17,0.13150
ENSG00000117318,ID3,100,1.27132,117,1.54303,280,3.40371,8,-2.4743,36,-0.3900,3,-4.0155,1,-5.5837,1,-5.4449,3,-4.2308
ENSG00000142676,RPL11,754,0.81435,883,1.07709,460,0.02220,372,-0.3066,569,0.39519,266,-0.8201,238,-0.9856,476,0.07376,328,-0.6354
ENSG00000011007,ELOA,3,-2.4108,23,0.58383,22,0.52216,0,-4.4494,17,0.13914,17,0.14302,6,-1.4831,23,0.56758,19,0.41996
ENSG00000057757,PITHD1,14,-3.9436,140,-0.5709,85,-1.3229,427,1.20923,139,-0.6291,180,-0.1830,290,0.56640,349,0.87154,219,0.16119
ENSG00000011009,LYPLA2,59,0.64835,13,-1.6269,41,0.05821,17,-1.2327,33,-0.2810,75,1.03736,49,0.33396,45,0.21602,36,-0.1598
ENSG00000117308,GALE,2,-2.7683,4,-1.7593,2,-2.7069,16,0.30073,11,-0.3935,13,-0.0392,17,0.39897,22,0.79986,19,0.79800
ENSG00000117305,HMGCL,2,-3.3342,23,0.21414,37,0.97484,12,-0.7907,18,-0.1660,20,-0.0360,18,-0.1285,28,0.50043,21,0.12243
ENSG00000179163,FUCA1,95,2.73398,6,-1.6614,21,0.02304,14,-0.5077,9,-1.2594,24,0.28944,21,0.07895,3,-2.7648,15,-0.5879
ENSG00000189266,PNRC2,40,-0.0997,59,0.50721,42,-0.0319,32,-0.4234,56,0.48957,32,-0.4069,51,0.29642,52,0.30920,33,-0.4997
ENSG00000188529,SRSF10,51,-0.1367,60,0.12030,94,0.82942,35,-0.7006,29,-1.0545,51,-0.1286,67,0.29467,99,0.92043,52,-0.1327
ENSG00000001460,STPG1,2,-2.2211,9,0.03618,15,0.73904,0,-3.4724,9,-0.0617,14,0.61477,12,0.38021,6,-0.5750,11,0.35117
ENSG00000001461,NIPAL3,2,-5.0119,178,1.66873,31,-1.1207,129,1.10919,53,-0.3230,59,-0.1400,53,-0.3254,90,0.51669,49,-0.5521
ENSG00000133226,SRRM1,2,-4.6571,70,0.51633,63,0.34950,87,0.86581,51,0.01881,55,0.11257,28,-0.8921,64,0.35598,47,-0.1582
ENSG00000169504,CLIC4,156,1.60338,294,2.87571,139,1.38915,2,-4.5179,42,-0.5669,21,-1.5550,14,-2.1608,22,-1.4804,9,-3.0342
ENSG00000117614,SYF2,42,-0.4098,101,0.99517,79,0.59977,17,-1.6926,57,0.08967,48,-0.1951,44,-0.3064,69,0.37618,48,-0.2608
ENSG00000117616,RSRP1,75,0.46724,91,0.77521,45,-0.3333,71,0.38811,43,-0.4458,73,0.42594,47,-0.2635,48,-0.2415,47,-0.3219
ENSG00000183726,TMEM50A,2,-5.4303,144,0.78971,182,1.17926,65,-0.4553,53,-0.8251,91,0.06249,90,0.03513,76,-0.2248,96,0.19846
ENSG00000204178,MACO1,73,1.47003,28,-0.0908,17,-0.8046,34,0.20913,18,-0.7660,17,-0.8251,32,0.09764,44,0.62207,26,-0.2692
ENSG00000157978,LDLRAP1,2,-1.9625,55,3.77644,27,2.13123,0,-3.5246,4,-1.0529,5,-0.6826,0,-3.4059,0,-4.7603,0,-3.8200
ENSG00000117643,MAN1C1,2,-3.8153,19,-0.5644,25,-0.1944,0,-5.1820,13,-1.2669,48,0.82831,30,0.09866,26,-0.1214,48,1.27604
ENSG00000162430,SELENON,2,-3.8486,34,0.26006,74,1.55059,2,-3.6241,34,0.26109,41,0.56461,21,-0.4625,27,-0.0725,26,-0.1819
ENSG00000117640,MTFR1L,2,-4.8293,38,-0.6254,34,-0.8128,108,1.00549,57,-0.0093,48,-0.2685,43,-0.4302,94,0.77536,67,0.31744
ENSG00000117632,STMN1,473,-1.6240,1540,0.16922,1216,-0.1999,1430,0.05228,755,-0.9873,1802,0.41876,2296,0.81312,1829,0.44308,1470,0.12930
ENSG00000158008,EXTL1,36,-0.0514,5,-2.7969,13,-1.5175,44,0.24393,36,-0.0525,123,1.99388,41,0.14673,19,-1.0319,33,-0.2386
ENSG00000175087,PDIK1L,2,-3.0866,10,-0.7579,12,-0.5015,94,3.10452,5,-1.9301,17,0.01023,15,-0.2224,6,-1.4542,14,-0.4067
ENSG00000142684,ZNF593,2,-4.5402,39,-0.2909,60,0.40433,55,0.25086,47,0.01012,67,0.56710,47,4.03633,40,-0.2575,51,0.18956
ENSG00000142669,SH3BGRL3,83,-1.6799,261,0.05248,272,0.11159,283,0.17650,290,0.23900,286,0.19179,407,0.76130,325,0.39517,197,-0.4905
ENSG00000158062,UBXN11,2,-3.0284,6,-1.5266,13,-0.3108,2,-2.7632,17,0.12057,29,0.92658,18,0.13186,9,-0.8391,24,0.91968
ENSG00000117682,DHDDS,66,1.88752,9,-1.3480,0,-4.6674,23,0.13402,16,-0.4808,19,-0.1773,17,-0.3352,19,-0.1743,23,0.15443
ENSG00000198830,HMGN2,108,-0.3841,290,1.19538,236,0.84615,203,0.59918,125,-0.1792,99,-0.5297,50,-1.5487,195,0.53506,94,-0.7504
ENSG00000117713,ARID1A,2,-4.4552,68,0.68380,48,0.13311,44,-0.0054,47,0.12646,83,1.01049,44,0.01545,32,-0.5000,39,-0.2280
ENSG00000060642,PIGV,2,-2.1880,13,0.63640,14,0.70880,0,-3.6043,11,0.40562,14,0.65044,11,0.25632,2,-1.8705,9,0.06983
ENSG00000204160,ZDHHC18,2,-3.6710,10,-1.3653,9,-1.4470,77,1.84550,17,-0.6858,31,0.32322,24,-0.0769,12,-1.1065,33,0.55850
ENSG00000142751,GPN2,2,-2.9856,15,-0.0721,14,-0.2110,17,0.13788,8,-1.0368,13,-0.3353,17,0.15951,30,1.04515,20,0.52308
ENSG00000090273,NUDC,141,-0.1620,157,-0.0013,140,-0.1731,128,-0.3104,145,-0.1284,180,0.21204,160,0.02816,226,0.58221,154,-0.0377
ENSG00000253368,TRNP1,2,-4.8068,5,-3.4970,13,-2.2146,92,0.77484,50,-0.1946,25,-1.2271,59,0.08280,90,0.75422,87,1.00516
ENSG00000090020,SLC9A1,4,-2.1878,5,-1.9108,0,-8.1737,15,-0.4345,16,-0.3302,9,-1.2294,48,1.40289,15,-0.4196,33,1.18209
ENSG00000142784,WDTC1,2,-3.3644,23,0.14581,21,0.02259,32,0.71890,25,0.35410,17,-0.3011,11,-0.9109,11,-0.9258,25,0.41767
ENSG00000186501,TMEM222,2,-4.9034,59,-0.0372,75,0.34822,26,-1.2898,58,-0.0744,67,0.16308,77,0.37991,115,1.03518,62,0.06219
ENSG00000158195,WASF2,20,-0.7403,123,2.25742,103,1.91846,0,-5.5817,34,0.06071,16,-1.0996,11,-1.6439,43,0.42999,11,-1.9598
ENSG00000126705,AHDC1,2,-4.1290,11,-1.7442,30,-0.2454,41,0.25510,32,-0.1405,67,1.02578,54,0.66634,34,-0.0289,38,0.18651
ENSG00000126709,IFI6,10,-3.5162,77,-0.5574,219,1.10688,162,0.60815,106,-0.0646,118,0.10756,160,0.58840,136,0.32099,86,-0.5074
ENSG00000009780,FAM76A,51,1.75679,17,-0.0564,25,0.58653,30,0.83088,9,-0.9638,22,0.36623,3,-2.4552,17,-0.0490,11,-0.8849
ENSG00000117758,STX12,114,0.23195,111,0.19827,83,-0.2582,26,-1.9584,94,-0.0792,153,0.70127,114,0.23033,110,0.17679,94,-0.0789
ENSG00000117751,PPP1R8,95,1.98761,32,0.15224,83,1.72968,0,-5.4050,21,-0.5725,28,-0.0552,18,-0.7493,6,-2.3232,19,-0.8161
ENSG00000117748,RPA2,2,-4.6414,46,-0.1393,32,-0.6693,17,-1.5898,39,-0.4054,91,0.95327,77,0.68859,57,0.18850,63,0.49315
ENSG00000126698,DNAJC8,77,-0.6719,152,0.38684,141,0.26459,82,-0.5699,104,-0.2272,86,-0.4946,127,0.10137,156,0.42779,129,0.17906
ENSG00000130770,ATP5IF1,578,0.04202,204,-1.5368,311,-0.9067,682,0.30376,455,-0.3538,437,-0.3897,876,0.70749,707,0.36162,652,0.31719
ENSG00000204138,PHACTR4,33,1.97385,25,1.47535,10,0.03688,0,-3.8349,11,0.14577,7,-0.5652,10,-0.0854,2,-1.9457,5,-1.1597
ENSG00000180098,TRNAU1AP,2,-3.0399,20,0.30915,12,-0.5102,46,1.68624,19,0.28319,16,0.01617,17,0.04492,11,-0.5715,13,-0.5050
ENSG00000197989,SNHG12,2,-2.2050,14,0.70577,3,-1.6875,1,-3.2980,15,0.84171,15,0.73206,10,0.22081,4,-1.0362,10,0.17459
ENSG00000120656,TAF12,2,-3.0409,22,0.46114,37,1.32742,13,-0.2995,16,-0.0163,14,-0.2820,19,0.22019,13,-0.3100,15,-0.1733
ENSG00000198492,YTHDF2,2,-5.0475,42,-0.7129,57,-0.2498,72,0.12563,51,-0.4481,102,0.67006,113,0.84641,42,-0.7137,84,0.50599
ENSG00000116350,SRSF4,2,-4.4957,60,0.44098,51,0.19379,55,0.30440,38,-0.2900,40,-0.1852,51,0.17416,56,0.34431,49,0.18076
ENSG00000116353,MECR,2,-4.1314,11,-1.6729,14,-1.4091,40,0.18278,36,0.06393,45,0.38056,54,0.68550,38,0.10796,45,0.55361
ENSG00000060656,PTPRU,2,-3.1217,11,-0.6656,3,-2.5151,12,-0.5095,20,0.26475,130,3.95052,5,-1.8708,4,-1.9265,4,-2.2598
ENSG00000162511,LAPTM5,2,-3.6163,86,1.67734,80,1.54816,2,-3.6724,74,1.63797,19,-0.7153,11,-1.5657,9,-1.8189,12,-1.7013
ENSG00000162512,SDC3,112,-0.5513,103,-0.6797,319,1.11852,147,-0.1276,162,0.02396,178,0.16375,111,-0.5622,131,-0.3144,164,0.04938
ENSG00000134644,PUM1,3,-5.1185,72,-0.4967,93,-0.1157,88,-0.1855,74,-0.4961,188,1.01867,105,0.08771,78,-0.3755,130,0.59583
ENSG00000060688,SNRNP40,2,-3.3575,42,1.14167,51,1.49145,0,-4.6489,17,-0.2529,20,-0.0063,19,-0.1468,20,-0.0657,19,-0.1165
ENSG00000121766,ZCCHC17,36,-1.5320,76,-0.4350,71,-0.5320,166,0.79603,82,-0.3433,150,0.63044,150,0.63702,92,-0.1336,101,0.00283
ENSG00000121769,FABP3,2,-6.2950,22,-3.0520,36,-2.3552,313,0.95214,107,-0.7840,64,-1.5127,337,1.07186,215,0.33776,263,0.97283
ENSG00000162517,PEF1,53,-0.5258,55,-0.4675,68,-0.1571,70,-0.1150,68,-0.1740,59,-0.3744,111,0.62259,45,-0.7677,95,0.51184
ENSG00000084636,COL16A1,2,-3.8720,55,0.99114,22,-0.4425,8,-1.8380,44,0.71358,27,-0.1025,36,0.33466,29,-0.0216,28,-0.0592
ENSG00000121753,ADGRB2,117,-0.9017,45,-2.3024,48,-2.2277,180,-0.2415,173,-0.3277,374,0.92336,242,0.21407,281,0.45584,277,0.60678
ENSG00000184007,PTP4A2,105,-0.8696,606,2.00838,293,0.72999,100,-0.9464,177,-0.0796,143,-0.3968,118,-0.6911,162,-0.2064,132,-0.6589
ENSG00000121774,KHDRBS1,112,0.17959,108,0.11135,170,0.84200,45,-1.2098,84,-0.2970,94,-0.1013,91,-0.1519,106,0.08624,102,0.04513
ENSG00000121775,TMEM39B,2,-2.5376,10,-0.2713,15,0.39058,28,1.41409,7,-0.7940,23,1.07488,15,0.39395,2,-2.1670,10,-0.1932
ENSG00000025800,KPNA6,2,-4.2301,29,-0.3833,31,-0.2853,77,1.14192,30,-0.3965,71,1.00438,45,0.27865,18,-1.1401,40,0.10469
ENSG00000084652,TXLNA,3,-2.6612,28,0.57509,29,0.58964,5,-1.9614,17,-0.2760,20,0.01032,17,-0.2526,17,-0.2082,26,0.60623
ENSG00000160050,CCDC28B,2,-2.8507,13,-0.1613,17,0.23298,0,-4.3754,20,0.60713,9,-0.6796,3,-2.1816,33,1.33059,17,0.39207
ENSG00000084623,EIF3I,2,-5.7608,102,-0.1583,145,0.39614,118,0.06525,92,-0.3458,129,0.20676,143,0.37628,108,-0.0736,134,0.37778
ENSG00000116478,HDAC1,2,-1.9656,25,1.97646,32,2.43024,0,-3.5277,10,0.52061,5,-0.6075,4,-0.7602,0,-4.7632,2,-1.9007
ENSG00000175130,MARCKSL1,160,-1.1359,1932,3.22825,741,1.27908,132,-1.4244,247,-0.5219,98,-1.8654,61,-2.5527,198,-0.8213,146,-1.5365
ENSG00000160058,BSDC1,2,-4.8722,66,0.16666,47,-0.3410,79,0.46863,52,-0.2154,73,0.32869,52,-0.1978,90,0.67964,63,0.15392
ENSG00000176261,ZBTB8OS,30,-0.4358,38,-0.0488,38,-0.0721,38,-0.0570,44,0.19024,26,-0.6285,46,0.22891,20,-1.0131,47,0.39113
ENSG00000162521,RBBP4,99,0.23982,108,0.37272,97,0.21105,48,-0.8779,66,-0.4167,105,0.33508,74,-0.2071,115,0.48044,81,-0.0856
ENSG00000162520,SYNC,2,-2.5012,12,0.17241,23,1.14201,7,-0.7421,11,-0.0544,11,0.01670,6,-0.8135,9,-0.3040,13,0.34986
ENSG00000162522,KIAA1522,2,-2.5065,3,-1.8524,0,-7.3610,26,1.31807,13,0.26628,10,-0.1746,11,-0.0584,4,-1.3735,16,0.80446
ENSG00000134684,YARS,23,-2.3106,43,-1.3896,93,-0.2240,170,0.73608,64,-0.8336,96,-0.1725,160,0.63521,102,-0.0785,144,0.67466
ENSG00000116497,S100PBP,42,1.72838,21,0.54990,8,-0.8600,13,-0.1950,12,-0.3856,8,-0.8427,6,-1.2840,9,-0.7355,15,0.05459
ENSG00000160097,FNDC5,2,-3.2772,3,-2.5403,27,0.53375,25,0.38594,19,-0.0367,2,-3.1247,20,0.02236,32,0.80679,26,0.62226
ENSG00000121905,HPCA,167,-0.3767,12,-4.1651,80,-1.4791,51,-2.1455,169,-0.3872,357,0.82980,376,0.91455,237,0.16877,287,0.67510
ENSG00000121900,TMEM54,72,0.90550,39,-0.0677,33,-0.3283,43,0.07711,32,-0.4010,17,-1.3441,43,0.09143,55,0.45511,41,0.02502
ENSG00000116514,RNF19B,2,-3.8923,16,-0.9720,30,0.02574,38,0.37451,13,-1.2575,35,0.27037,38,0.37805,27,-0.1496,44,0.87094
ENSG00000004455,AK2,2,-3.9489,75,1.44160,105,2.05838,3,-3.1519,29,-0.1089,18,-0.8524,13,-1.2453,26,-0.2850,26,-0.3636
ENSG00000142920,AZIN2,128,2.47733,45,0.59484,10,-1.6749,0,-5.2612,22,-0.5194,19,-0.7255,30,-0.0391,6,-2.2671,29,-0.1143
ENSG00000160094,ZNF362,2,-2.7775,18,0.46899,12,-0.2223,4,-1.5697,15,0.18076,15,0.14244,16,0.23165,7,-0.9858,18,0.62089
ENSG00000134686,PHC2,2,-4.7997,127,1.33193,81,0.58054,8,-2.8727,51,-0.1703,46,-0.2889,46,-0.3153,77,0.49886,60,0.15140
ENSG00000121904,CSMD2,34,1.36643,1,-3.9723,7,-1.0383,36,1.47777,16,0.11647,49,2.02304,7,-0.9882,1,-3.6172,6,-1.6272
ENSG00000163866,SMIM12,2,-4.6624,31,-0.7411,15,-1.8009,126,1.49235,55,0.13789,43,-0.2465,88,0.87475,30,-0.8015,54,0.11831
ENSG00000116544,DLGAP3,103,1.36926,2,-4.1053,26,-0.8380,22,-1.0434,49,0.14722,59,0.43192,25,-0.8564,35,-0.3800,53,0.35106
ENSG00000163867,ZMYM6,96,2.61988,18,-0.2659,15,-0.5248,18,-0.2988,11,-1.0522,13,-0.7758,18,-0.2924,12,-0.8469,17,-0.4674
ENSG00000116560,SFPQ,103,-0.3835,167,0.37592,152,0.22183,33,-2.0633,133,0.01823,170,0.39938,186,0.54616,135,0.03684,125,-0.1045
ENSG00000146463,ZMYM4,65,1.16093,24,-0.3976,35,0.14673,4,-2.9061,34,0.13773,29,-0.1342,17,-0.8938,14,-1.2170,39,0.42181
ENSG00000142687,KIAA0319L,2,-4.5977,35,-0.4954,56,0.22728,98,1.12891,34,-0.6070,55,0.18671,72,0.61294,46,-0.0824,50,0.07218
ENSG00000020129,NCDN,345,-0.3785,56,-3.0628,109,-2.1038,413,-0.1000,299,-0.6422,579,0.43035,623,0.55052,475,0.11765,633,0.83216
ENSG00000126067,PSMB2,47,-1.2580,124,0.22094,84,-0.3853,85,-0.3660,82,-0.4603,115,0.09969,166,0.68222,133,0.32361,121,0.25150
ENSG00000142686,C1orf216,2,-5.0485,12,-2.5353,32,-1.1040,33,-1.0732,66,-0.0136,106,0.73965,118,0.90933,79,0.27185,88,0.62322
ENSG00000092847,AGO1,2,-3.0418,29,0.88033,13,-0.2862,0,-4.5933,24,0.66228,39,1.42225,10,-0.7974,15,-0.1692,14,-0.2736
ENSG00000126070,AGO3,43,1.77365,35,1.42801,12,-0.3103,4,-1.8608,12,-0.3705,20,0.47729,18,0.36014,0,-5.5679,9,-0.9783
ENSG00000116863,ADPRHL2,2,-3.4122,43,1.13406,18,-0.2353,28,0.41629,16,-0.4733,32,0.66482,23,0.10329,9,-1.2320,22,0.09904
ENSG00000054116,TRAPPC3,2,-4.6480,52,0.04174,37,-0.4793,32,-0.6673,39,-0.4385,58,0.21387,79,0.70529,57,0.19229,65,0.57562
ENSG00000116871,MAP7D1,170,-0.0835,263,0.61093,134,-0.4484,242,0.47223,158,-0.2131,114,-0.6954,205,0.20892,173,-0.0521,178,-0.0099
ENSG00000054118,THRAP3,32,-0.4786,59,0.46950,30,-0.5683,58,0.44751,48,0.17206,38,-0.1952,44,0.03309,43,-0.0197,41,-0.1045
ENSG00000196182,STK40,35,0.98907,13,-0.4850,14,-0.4497,0,-4.7745,21,0.23679,12,-0.6545,9,-1.0696,26,0.53772,22,0.39282
ENSG00000181817,LSM10,2,-4.5458,33,-0.5297,35,-0.4570,87,0.98239,53,0.19386,58,0.33264,62,0.42903,33,-0.5304,49,0.08714
ENSG00000116885,OSCP1,2,-3.1025,5,-1.7987,4,-2.0066,33,1.05656,15,-0.1733,23,0.43875,32,1.01109,14,-0.2924,20,0.28390
ENSG00000116898,MRPS15,2,-4.6813,45,-0.2129,36,-0.5295,52,0.01067,51,-0.0172,42,-0.3278,57,0.16621,93,0.94477,60,0.33582
ENSG00000163873,GRIK3,2,-4.5511,3,-3.8106,13,-1.8916,367,4.13215,16,-1.6589,142,1.84404,13,-1.8860,7,-2.7972,8,-2.8980
ENSG00000163875,MEAF6,216,1.15944,41,-1.4380,54,-1.0153,72,-0.5794,65,-0.7944,102,-0.0491,150,0.55808,117,0.16057,123,0.32038
ENSG00000134697,GNL2,2,-2.8791,20,0.45299,17,0.19611,5,-1.6298,11,-0.5135,13,-0.1476,7,-1.0091,24,0.74723,20,0.74930
ENSG00000116922,C1orf109,2,-2.8428,10,-0.5631,3,-2.3067,34,1.37817,8,-0.9521,16,0.20966,20,0.49441,14,-0.0773,18,0.51521
ENSG00000185090,MANEAL,119,2.04233,4,-3.0565,5,-2.7411,1,-4.8320,18,-1.0428,43,0.28420,64,0.92926,13,-1.5201,44,0.46916
ENSG00000196449,YRDC,2,-3.0596,13,-0.4017,1,-4.1362,0,-4.6111,11,-0.6463,19,0.22313,40,1.43336,25,0.62854,23,0.77557
ENSG00000197982,C1orf122,152,-0.8770,633,1.39704,405,0.64197,246,-0.1463,277,0.04231,171,-0.7058,225,-0.2855,220,-0.3217,227,-0.3487
ENSG00000183431,SF3A3,2,-4.1432,24,-0.5856,59,0.79787,27,-0.4366,32,-0.1701,47,0.43859,43,0.30622,45,0.38822,38,0.12081
ENSG00000183520,UTP11,2,-3.7649,26,-0.0552,27,-8.3635,35,0.39652,27,0.01494,27,0.00742,45,0.80871,16,-0.7812,30,0.19867
ENSG00000185668,POU3F1,2,-2.0135,2,-1.6079,0,-6.8765,0,-3.5752,15,1.16732,0,-7.7115,1,-2.4700,2,-1.7976,16,1.85748
ENSG00000116954,RRAGC,2,-4.3874,49,0.23041,35,-0.2948,14,-1.6208,24,-0.9160,56,0.45709,50,0.25910,59,0.54179,59,0.74899
ENSG00000174574,AKIRIN1,51,-0.7350,95,0.22408,67,-0.3021,67,-0.3218,77,-0.1014,105,0.38997,104,0.36694,40,-1.0758,96,0.33597
ENSG00000168653,NDUFS5,293,-1.1776,386,-0.7623,496,-0.3810,702,0.16040,678,0.11480,563,-0.1841,797,0.36193,699,0.15339,738,0.32681
ENSG00000127603,MACF1,8,-3.8636,133,0.33136,212,1.09118,101,-0.1026,111,0.05754,143,0.44560,99,-0.1315,105,-0.0324,94,-0.2683
ENSG00000090621,PABPC4,2,-4.5368,80,0.85985,72,0.69094,40,-0.2265,58,0.37679,30,-0.6608,30,-0.6646,73,0.70078,41,-0.2672
ENSG00000116983,HPCAL4,72,-1.3773,24,-2.9695,82,-1.1805,87,-1.0986,219,0.35530,303,0.84343,279,0.70694,154,-0.2367,222,0.46920
ENSG00000084072,PPIE,2,-3.8347,35,0.30770,38,0.45744,1,-4.7731,35,0.33823,34,0.27964,34,0.27657,36,0.37322,30,0.12930
ENSG00000168389,MFSD2A,35,1.41575,22,0.60747,21,0.60004,0,-4.4312,22,0.75687,15,0.06410,21,0.59447,4,-1.7761,6,-1.4638
ENSG00000131236,CAP1,107,-0.4668,172,0.27054,218,0.65487,51,-1.5678,128,-0.2069,161,0.17068,159,0.15108,149,0.04446,152,0.10091
ENSG00000131238,PPT1,257,0.90039,107,-0.4821,119,-0.3177,256,0.89315,91,-0.7790,118,-0.3324,120,-0.3083,183,0.34656,141,-0.0824
ENSG00000259943,AL050341.2,2,-2.6634,20,0.69140,12,-0.1075,13,0.00777,10,-0.3058,26,1.14992,16,0.37768,15,0.27889,10,-0.4498
ENSG00000084073,ZMPSTE24,49,0.40323,42,0.17167,60,0.73429,7,-2.4740,23,-0.7715,45,0.29210,57,0.65557,30,-0.3295,38,0.02447
ENSG00000049089,COL9A2,35,0.68028,100,2.60900,77,2.05694,8,-1.4564,19,-0.2427,6,-1.9120,2,-3.2351,6,-1.9175,5,-2.4968
ENSG00000084070,SMAP2,6,-3.9854,41,-1.2881,26,-1.9163,59,-0.7280,82,-0.2434,100,0.07091,209,1.27992,136,0.55825,124,0.59129
ENSG00000117016,RIMS3,2,-4.6480,2,-4.4643,15,-1.7644,86,0.85869,43,-0.2809,31,-0.7199,78,0.68714,69,0.50542,71,0.79443
ENSG00000066136,NFYC,2,-3.9957,21,-0.6049,40,0.34224,25,-0.3778,23,-0.5631,46,0.58645,32,-0.0097,37,0.22761,42,0.59044
ENSG00000179862,CITED4,2,-2.9885,16,0.00746,16,0.02597,31,1.07731,7,-1.1607,1,-3.6594,18,0.24440,14,-0.1413,23,0.83782
ENSG00000171793,CTPS1,2,-2.6999,7,-0.9724,5,-1.2927,21,0.73965,8,-0.8053,10,-0.3265,16,0.34801,4,-1.5770,22,1.23880
ENSG00000127124,HIVEP3,2,-3.2233,12,-0.6320,22,0.23062,0,-4.5419,21,0.17293,28,0.65087,18,-0.0184,46,1.45770,18,-0.0565
ENSG00000198815,FOXJ3,29,-0.8537,31,-0.7415,24,-1.1420,49,-0.0655,39,-0.4534,84,0.78771,59,0.22893,74,0.57127,59,0.31576
ENSG00000177181,RIMKLA,2,-3.7250,5,-2.3337,0,-5.1075,14,-0.9813,18,-0.6268,12,-1.1674,44,0.78687,25,-0.0651,52,1.71871
ENSG00000127125,PPCS,49,-0.3390,44,-0.5106,85,0.50474,52,-0.2666,51,-0.3020,78,0.37879,71,0.23268,57,-0.1150,65,0.11875
ENSG00000186409,CCDC30,2,-2.2210,8,-0.1586,16,0.87256,0,-3.7626,14,0.71014,10,0.19053,6,-0.7163,1,-3.0182,12,0.58458
ENSG00000171960,PPIH,2,-3.0802,8,-1.0713,30,0.92280,36,1.22467,16,-0.0424,14,-0.2761,23,0.50038,11,-0.6906,15,-0.1664
ENSG00000065978,YBX1,333,1.55321,283,1.26958,232,0.93132,180,0.51638,116,-0.1901,56,-1.2635,42,-1.7104,77,-0.7960,64,-1.3220
ENSG00000164008,C1orf50,2,-3.4935,28,0.31639,28,0.33833,31,0.51330,21,-0.1415,14,-0.6701,27,0.27504,26,0.23174,24,0.11566
ENSG00000177868,SVBP,2,-4.2688,42,0.12288,36,-0.1139,15,-1.3852,34,-0.2292,47,0.29713,59,0.66161,57,0.62182,44,0.29460
ENSG00000117394,SLC2A1,120,0.97918,78,0.28149,237,2.20603,0,-6.5487,90,0.56320,20,-1.7306,32,-1.0817,21,-1.6851,40,-0.9320
ENSG00000117395,EBNA1BP2,27,-1.6531,62,-0.4263,32,-1.4197,108,0.43634,72,-0.2058,108,0.43383,143,0.89321,97,0.27713,85,0.09007
ENSG00000179178,TMEM125,2,-3.8823,220,3.96662,73,1.47769,12,-1.3419,21,-0.5732,11,-1.4769,5,-2.6243,7,-2.0449,3,-3.5181
ENSG00000066322,ELOVL1,48,-0.5931,489,3.77174,144,1.15847,18,-2.0015,40,-0.9097,28,-1.3765,11,-2.6951,30,-1.2694,16,-2.5041
ENSG00000159479,MED8,2,-3.4619,28,0.35658,17,-0.3970,43,1.07013,16,-0.4802,13,-0.7674,46,1.19723,20,-0.1065,21,-0.0980
ENSG00000178922,HYI,2,-3.3420,63,1.89032,18,-0.1700,55,1.64341,20,0.00052,12,-0.7750,12,-0.8159,10,-1.0919,13,-0.8558
ENSG00000142949,PTPRF,54,-0.8552,96,0.02328,74,-0.3649,22,-2.1965,85,-0.1686,58,-0.7526,200,1.21925,59,-0.7041,123,0.59537
ENSG00000066135,KDM4A,2,-3.1440,14,-0.3837,5,-1.8801,55,1.89747,13,-0.5227,12,-0.5298,8,-1.1048,47,1.61938,15,-0.3127
ENSG00000126091,ST3GAL3,2,-3.8438,9,-1.6415,47,0.79000,18,-0.7400,22,-0.4040,33,0.20853,31,0.12947,20,-0.5276,42,0.86830
ENSG00000117408,IPO13,2,-4.9941,186,1.77570,110,0.85702,19,-1.8350,56,-0.2389,87,0.48827,59,-0.1194,61,-0.0863,50,-0.4990
ENSG00000132768,DPH2,34,1.23230,10,-0.6142,6,-1.2968,0,-4.2396,13,-0.2630,10,-0.7237,12,-0.3853,30,1.04667,18,0.34607
ENSG00000117410,ATP6V0B,122,-1.9645,277,-0.7390,315,-0.5444,679,0.65937,217,-1.1794,512,0.20582,762,0.84753,532,0.26530,551,0.44987
ENSG00000117411,B4GALT2,47,-0.1703,39,-0.4569,48,-0.1611,23,-1.2323,61,0.24230,46,-0.2061,48,-0.1509,58,0.15623,64,0.40856
ENSG00000159214,CCDC24,2,-3.0843,2,-2.8674,25,0.62016,26,0.66990,13,-0.3746,20,0.22746,24,0.56579,7,-1.2719,22,0.54478
ENSG00000196517,SLC6A9,2,-2.7876,79,3.18013,34,1.45841,21,0.69796,8,-0.8974,5,-1.4470,0,-4.3585,5,-1.5654,4,-1.9629
ENSG00000178028,DMAP1,2,-4.3064,37,-0.1113,49,0.32265,53,0.44502,37,-0.0956,48,0.30326,46,0.21435,29,-0.4805,45,0.24342
ENSG00000117419,ERI3,49,-1.8039,95,-0.8238,163,0.00991,166,0.03788,145,-0.1889,251,0.69787,258,0.74292,199,0.31874,159,-0.0365
ENSG00000187147,RNF220,48,-1.1351,129,0.38461,73,-0.4997,105,0.06421,82,-0.3474,121,0.27735,116,0.21765,123,0.30889,109,0.15373
ENSG00000126106,TMEM53,2,-2.8065,12,-0.2562,12,-0.1896,0,-4.3596,12,-0.2658,14,0.00127,17,0.28144,22,0.68829,20,0.77608
ENSG00000142937,RPS8,816,-0.1105,1864,1.23087,1501,0.86476,737,-0.2689,1013,0.24993,545,-0.7289,600,-0.5832,693,-0.3631,652,-0.5804
ENSG00000070785,EIF2B3,2,-3.7234,16,-0.7231,16,-0.7840,8,-1.7681,17,-0.7034,38,0.57239,54,1.16053,25,-0.0752,37,0.79036
ENSG00000126107,HECTD3,2,-2.8511,17,0.25828,4,-1.7176,46,1.95305,9,-0.6939,21,0.58324,21,0.59841,3,-2.1762,13,-0.1420
ENSG00000126088,UROD,23,-1.7999,55,-0.5155,82,0.09253,94,0.30837,76,-0.0206,102,0.44772,81,0.08071,45,-0.8048,92,0.37621
ENSG00000132763,MMACHC,2,-2.5191,21,0.97933,9,-0.2554,3,-1.6536,15,0.53566,8,-0.5344,15,0.43625,7,-0.6570,12,0.20645
ENSG00000117450,PRDX1,285,-0.3927,562,0.67649,992,1.65057,186,-1.0393,375,0.03544,246,-0.6182,287,-0.3844,280,-0.4192,298,-0.4211
ENSG00000117448,AKR1A1,10,-2.2284,61,0.43732,55,0.29521,12,-2.0141,33,-0.5566,42,-0.1468,43,-0.1106,77,0.81663,58,0.51547
ENSG00000132780,NASP,2,-3.6012,60,1.40876,12,-1.0809,7,-1.7929,31,0.35240,38,0.65517,18,-0.5332,46,0.93927,21,-0.3844
ENSG00000159592,GPBP1L1,2,-3.9159,72,1.40635,28,-0.0954,21,-0.5766,25,-0.3151,30,-0.0153,23,-0.4169,43,0.55315,31,0.06209
ENSG00000159596,TMEM69,2,-3.1199,20,0.25046,16,-0.0973,24,0.49015,17,-0.0525,24,0.50532,32,0.99691,5,-1.7495,17,-0.0418
ENSG00000086015,MAST2,38,0.11506,16,-1.2249,25,-0.5133,130,2.19942,16,-1.2702,27,-0.4462,17,-1.1215,40,0.19100,35,-0.0569
ENSG00000085998,POMGNT1,2,-4.8299,87,0.66615,83,0.58568,56,-0.0206,35,-0.7817,59,0.05641,55,-0.0595,53,-0.1280,69,0.42016
ENSG00000132128,LRRC41,2,-4.3110,39,-0.0237,32,-0.3145,44,0.15059,36,-0.1844,57,0.56407,69,0.87006,27,-0.5731,44,0.21139
ENSG00000173660,UQCRH,383,-0.6302,238,-1.3450,360,-0.7275,492,-0.2497,515,-0.1951,442,-0.4121,813,0.54255,807,0.53046,736,0.53722
ENSG00000117480,FAAH,2,-4.0254,83,1.53736,23,-0.5056,14,-1.2981,23,-0.5835,55,0.83568,17,-0.9747,28,-0.2082,39,0.37904
ENSG00000282881,TMEM275,2,-2.4537,2,-2.2688,0,-3.9260,13,0.31898,13,0.34910,82,3.96138,1,-3.2601,1,-3.0140,3,-2.0543
ENSG00000079277,MKNK1,41,0.97282,6,-1.9149,28,0.34519,30,0.44720,18,-0.3738,20,-0.1510,17,-0.4521,26,0.24304,22,-0.0523
ENSG00000123472,ATPAF1,4,-4.5668,91,-0.1923,154,0.63157,71,-0.5711,129,0.39034,95,-0.1193,116,0.18094,107,0.06381,111,0.15428
ENSG00000159658,EFCAB14,53,-0.3125,130,1.10304,144,1.28140,106,0.76374,73,0.17232,28,-1.2934,26,-1.3775,41,-0.7073,45,-0.7386
ENSG00000186377,CYP4X1,2,-3.2472,0,-4.8443,15,-0.3358,11,-0.7843,8,-1.2759,43,1.30068,39,1.13197,11,-0.8639,27,0.83339
ENSG00000162368,CMPK1,2,-5.5540,89,-0.0945,86,-0.1590,77,-0.3124,81,-0.2555,113,0.26949,122,0.40260,95,0.00030,121,0.54810
ENSG00000162373,BEND5,2,-3.7700,14,-1.0285,1,-4.0040,13,-1.0631,23,-0.2791,23,-0.2452,63,1.35539,30,0.12596,41,0.91571
ENSG00000162374,ELAVL4,49,-1.6750,9,-4.1270,17,-3.2114,48,-1.7197,112,-0.4702,211,0.54615,341,1.35281,269,0.95058,193,0.57007
ENSG00000185104,FAF1,2,-3.9760,48,0.67139,27,-0.2413,18,-0.8051,30,-0.0752,30,-0.0786,33,0.05235,20,-0.6930,43,0.68830
ENSG00000123091,RNF11,7,-5.5895,101,-1.8479,232,-0.6151,477,0.50996,306,-0.2053,547,0.73373,457,0.44098,266,-0.4060,449,0.58043
ENSG00000085832,EPS15,7,-4.5155,132,-0.3752,152,-0.1553,143,-0.2545,152,-0.1738,189,0.18641,214,0.37632,256,0.67116,197,0.34552
ENSG00000117859,OSBPL9,2,-2.7026,31,1.43916,8,-0.7764,0,-4.2567,17,0.45901,13,0.04182,7,-0.9225,15,0.21515,14,0.23244
ENSG00000078618,NRDC,100,0.44444,46,-0.7742,56,-0.4699,77,0.03286,54,-0.5530,83,0.14035,72,-0.0735,90,0.27120,88,0.32257
ENSG00000169213,RAB3B,2,-6.0670,12,-3.5366,41,-1.7773,587,2.58291,81,-0.8309,129,-0.0796,23,-2.6143,113,-0.2754,172,0.53193
ENSG00000117862,TXNDC12,43,0.28421,31,-0.2463,36,0.01262,65,0.94583,24,-0.6638,47,0.43089,37,0.03326,46,0.38663,28,-0.4490
ENSG00000134717,BTF3L4,39,-0.9751,81,0.12819,71,-0.0863,67,-0.1569,66,-0.1934,89,0.26941,99,0.45090,84,0.18055,77,0.05929
ENSG00000157077,ZFYVE9,51,1.13053,13,-1.0308,2,-3.7010,16,-0.6602,20,-0.4190,17,-0.6327,27,0.09284,26,0.03942,35,0.69739
ENSG00000154222,CC2D1B,2,-2.3378,28,1.70127,16,0.78318,0,-3.8770,10,0.05757,7,-0.5816,15,0.58363,16,0.76197,6,-0.8958
ENSG00000134748,PRPF38A,2,-3.1706,44,1.45847,22,0.32887,14,-0.3241,26,0.67801,13,-0.5185,12,-0.5399,10,-0.8016,15,-0.2857
ENSG00000134744,TUT4,2,-2.9503,30,1.04939,16,0.08302,24,0.71184,20,0.46291,23,0.61169,7,-1.1940,5,-1.5392,13,-0.3042
ENSG00000162377,COA7,37,1.10842,11,-0.7979,12,-0.6000,22,0.26822,17,-0.1840,19,-0.0076,16,-0.2487,12,-0.7184,20,0.15067
ENSG00000162378,ZYG11B,17,-2.8366,44,-1.4608,48,-1.3229,103,-0.1807,79,-0.6388,158,0.49114,161,0.51544,152,0.42112,167,0.83449
ENSG00000116171,SCP2,98,0.25155,123,0.61242,179,1.23056,42,-1.0336,74,-0.1996,63,-0.4453,69,-0.3070,62,-0.4614,76,-0.1959
ENSG00000157184,CPT2,8,-0.5406,16,0.42170,33,1.63531,30,1.49842,13,0.14467,14,0.20364,0,-5.8770,4,-1.6566,6,-1.1475
ENSG00000162384,CZIB,2,-4.6948,69,0.43507,79,0.66939,24,-1.1898,49,-0.1000,65,0.35290,60,0.22491,48,-0.1280,58,0.22866
ENSG00000162385,MAGOH,2,-3.9510,35,0.20173,12,-1.3438,2,-3.6109,27,-0.1983,41,0.45445,51,0.79934,34,0.13507,42,0.69743
ENSG00000157193,LRP8,2,-5.1585,7,-3.3521,55,-0.4148,452,3.47364,41,-0.9059,123,0.86113,26,-1.5466,35,-1.0948,38,-1.1712
ENSG00000058804,NDC1,2,-2.3533,8,-0.3782,6,-0.9259,0,-3.9551,7,-0.6829,15,0.49203,13,0.35212,10,-0.1619,18,1.19437
ENSG00000058799,YIPF1,20,0.16911,12,-0.6308,41,1.33807,1,-3.7973,16,-0.2035,32,0.89910,34,1.03591,10,-0.7972,13,-0.6499
ENSG00000081870,HSPB11,68,0.76804,30,-0.4887,42,0.00092,24,-0.8437,39,-0.0933,99,1.41392,49,0.24190,30,-0.4806,30,-0.6147
ENSG00000116209,TMEM59,127,-0.8635,475,1.22562,314,0.53750,276,0.32990,148,-0.6824,174,-0.3842,249,0.16553,197,-0.1996,200,-0.2250
ENSG00000116221,MRPL37,57,-0.3042,38,-0.9141,31,-1.1901,152,1.28569,54,-0.4040,85,0.31697,91,0.42460,44,-0.6943,73,0.12142
ENSG00000157216,SSBP3,2,-6.0587,65,-1.1014,84,-0.7208,53,-1.3989,151,0.19397,284,1.21583,228,0.84479,132,-0.0350,150,0.23135
ENSG00000243725,TTC4,2,-3.0909,10,-0.7398,11,-0.6081,61,2.14834,14,-0.2568,18,0.09787,18,0.06450,5,-1.6720,17,-0.0415
ENSG00000116133,DHCR24,5,-4.9932,280,0.76778,178,0.04082,202,0.23952,84,-1.1761,175,0.01908,389,1.32233,131,-0.4311,181,0.09311
ENSG00000162402,USP24,2,-3.7362,14,-0.9423,33,0.33036,52,1.06447,30,0.22120,20,-0.4431,24,-0.1336,30,0.17265,28,0.08160
ENSG00000162407,PLPP3,170,-0.1028,154,-0.2557,976,3.06774,164,-0.1648,201,0.17132,84,-1.1676,22,-3.1077,114,-0.7193,70,-1.7214
ENSG00000162409,PRKAA2,2,-4.0056,8,-1.9793,14,-1.2451,1,-5.0161,24,-0.4665,32,-0.0256,58,0.94280,48,0.64322,52,1.12621
ENSG00000173406,DAB1,2,-2.7662,1,-3.0747,0,-7.6174,1,-3.6911,15,0.14053,1,-3.8108,28,1.18287,7,-0.8804,26,1.73095
ENSG00000162601,MYSM1,2,-3.0421,23,0.53452,5,-1.6313,1,-3.8345,14,-0.3071,18,0.18702,28,0.84530,12,-0.4397,24,0.86526
ENSG00000177606,JUN,26,-1.5959,75,0.00292,123,0.78277,31,-1.3152,49,-0.7150,20,-1.9788,117,0.70223,67,-0.1877,105,0.76518
ENSG00000172456,FGGY,2,-2.1620,10,0.17242,1,-2.3505,0,-3.7216,19,1.37860,8,-0.1835,7,-0.3372,7,-0.3262,10,0.33951
ENSG00000134709,HOOK1,2,-3.6293,1,-4.7128,4,-2.6582,36,0.59097,16,-0.7334,44,0.91652,45,0.95696,27,0.13225,33,0.63388
ENSG00000134716,CYP2J2,2,-2.9307,43,1.69914,65,2.53412,0,-4.4830,21,0.52355,2,-2.8193,2,-2.8365,3,-2.4509,10,-0.8161
ENSG00000162599,NFIA,2,-5.4452,197,1.31452,366,2.48983,48,-0.9093,118,0.51056,116,0.44328,11,-3.0759,51,-0.8237,29,-1.9552
ENSG00000162604,TM2D1,103,0.52119,82,0.15713,59,-0.3546,53,-0.5060,48,-0.7211,85,0.21333,74,-0.0107,85,0.20729,82,0.21266
ENSG00000162607,USP1,2,-3.1058,30,0.58992,49,1.38381,29,0.51903,15,-0.5455,32,0.69898,8,-1.4718,21,-0.0102,17,-0.3530
ENSG00000116641,DOCK7,2,-3.5756,28,0.25207,42,0.88847,2,-3.2281,25,0.06201,27,0.22151,33,0.52089,16,-0.5667,27,0.29052
ENSG00000125703,ATG4C,2,-3.7589,97,2.14235,41,0.63903,15,-0.8939,24,-0.2038,29,0.06311,14,-1.0484,48,0.89546,16,-1.0395
ENSG00000142856,ITGB3BP,2,-2.2080,11,0.22860,0,-7.0670,0,-3.7639,12,0.45351,1,-2.4793,17,1.01102,6,-0.7056,14,1.05522
ENSG00000203965,EFCAB7,2,-2.7156,9,-0.5140,4,-1.7432,25,1.05816,10,-0.4248,15,0.27027,19,0.63003,5,-1.4623,17,0.62084
ENSG00000079739,PGM1,2,-4.1798,34,-0.1192,84,1.36890,31,-0.2504,42,0.25058,22,-0.7883,32,-0.1881,35,-0.0409,37,0.04673
ENSG00000158966,CACHD1,34,0.77812,9,-1.2860,20,-0.0742,0,-4.9355,26,0.38304,26,0.32470,13,-0.7060,18,-0.1981,25,0.36087
ENSG00000162437,RAVER2,2,-2.5448,8,-0.4752,31,1.63439,0,-4.1002,10,-0.1853,9,-0.3321,18,0.66524,5,-1.1468,14,0.37763
ENSG00000162434,JAK1,18,-1.7381,46,-0.3589,67,0.23598,7,-3.0401,48,-0.2905,33,-0.8385,132,1.35226,45,-0.3612,76,0.61449
ENSG00000162433,AK4,23,-1.1322,18,-1.4817,146,1.80617,33,-0.6143,54,0.16347,68,0.48930,39,-0.3633,30,-0.7510,44,-0.2272
ENSG00000116675,DNAJC6,266,-0.5293,263,-0.5482,138,-1.5127,513,0.49628,233,-0.7797,426,0.19952,505,0.47275,471,0.35840,457,0.43087
ENSG00000213625,LEPROT,2,-3.1197,34,1.08859,56,1.95333,1,-3.8305,23,0.52141,16,-0.1293,9,-0.9427,16,-0.1237,11,-0.8318
ENSG00000184588,PDE4B,110,0.51361,106,0.44253,104,0.40959,112,0.54007,47,-0.8763,48,-0.7599,76,-0.0681,78,-0.0382,77,-0.0628
ENSG00000118473,SGIP1,45,-0.9684,23,-1.9729,69,-0.3386,83,-0.0461,66,-0.4270,154,0.94249,125,0.59899,82,-0.0608,100,0.33128
ENSG00000198160,MIER1,93,2.25188,42,0.82789,24,-0.0473,0,-5.1839,17,-0.6209,27,0.10441,18,-0.5164,17,-0.5297,17,-0.7197
ENSG00000142864,SERBP1,54,-1.0621,161,0.62806,158,0.58990,32,-1.8464,115,0.09391,114,0.07695,132,0.31004,103,-0.0805,107,-0.0290
ENSG00000116717,GADD45A,2,-3.7962,17,-0.7139,66,1.40788,54,1.05045,28,0.02159,51,0.97086,35,0.34749,14,-1.0446,17,-0.9548
ENSG00000172380,GNG12,2,-2.9956,36,1.31400,48,1.81412,41,1.56042,19,0.33876,8,-1.0373,3,-2.4256,5,-1.6382,6,-1.6139
ENSG00000116729,WLS,40,-1.5468,56,-1.0544,254,1.35172,585,3.01883,65,-0.8661,27,-2.1301,20,-2.5607,114,0.03797,55,-1.2982
ENSG00000033122,LRRC7,13,-2.4229,25,-1.4945,32,-1.1380,73,0.08391,40,-0.8824,130,1.02184,108,0.70805,50,-0.4964,96,0.75295
ENSG00000066557,LRRC40,2,-3.6958,17,-0.6074,17,-0.6081,15,-0.8319,18,-0.5699,40,0.66978,44,0.84574,56,1.23506,27,0.11399
ENSG00000116754,SRSF11,70,-0.4424,110,0.25383,120,0.39817,107,0.22278,84,-0.1655,125,0.46285,100,0.10653,79,-0.2632,83,-0.2324
ENSG00000118454,ANKRD13C,2,-3.8986,28,-0.1548,25,-0.3155,40,0.38715,21,-0.6200,54,0.88966,29,-0.0782,17,-0.8618,41,0.62833
ENSG00000197568,HHLA3,47,1.97943,18,0.33904,30,1.18899,0,-4.3998,10,-0.5313,10,-0.5543,21,0.61803,5,-1.5933,8,-0.9408
ENSG00000132485,ZRANB2,2,-5.0906,82,0.23612,86,0.32082,59,-0.2748,68,-0.0443,118,0.83651,79,0.17882,68,-0.0419,70,0.00860
ENSG00000172260,NEGR1,67,-1.0646,29,-2.2654,47,-1.5950,362,1.64252,100,-0.4923,255,1.03078,128,-0.0816,124,-0.1271,134,-0.0012
ENSG00000178965,ERICH3,2,-4.1222,1,-4.7738,12,-1.6145,54,0.68379,21,-0.8244,69,1.09240,65,1.00463,47,0.47676,41,0.31779
ENSG00000116791,CRYZ,2,-2.6356,13,0.09328,1,-2.9487,4,-1.6764,13,0.05880,13,0.11252,38,1.85179,9,-0.4249,13,0.19679
ENSG00000162623,TYW3,2,-3.3631,33,0.72855,38,0.98924,17,-0.2562,12,-0.7873,32,0.67428,12,-0.7858,24,0.25903,21,0.04249
ENSG00000117054,ACADM,4,-3.5100,56,0.22585,56,0.21526,183,2.27020,43,-0.2207,26,-0.9317,27,-0.9155,42,-0.2111,38,-0.4716
ENSG00000137955,RABGGTB,2,-4.4225,77,0.91917,28,-0.6355,30,-0.5262,35,-0.3514,61,0.54846,58,0.45454,33,-0.4054,50,0.33566
ENSG00000117069,ST6GALNAC5,41,-0.5006,2,-4.6952,7,-2.9982,53,-0.1115,20,-1.6235,12,-2.3064,157,1.68690,51,-0.1598,93,1.20449
ENSG00000142892,PIGK,2,-4.0803,64,1.00927,32,-0.0651,22,-0.6422,21,-0.7966,73,1.23016,32,-0.0788,33,-0.0537,35,0.09080
ENSG00000154027,AK5,77,-2.1518,216,-0.6209,187,-0.8401,275,-0.2490,203,-0.7594,875,1.65748,566,0.89987,290,-0.1690,327,0.02544
ENSG00000036549,AC118549.1,39,0.87099,30,0.43195,41,0.94327,20,-0.1559,17,-0.4432,19,-0.2511,36,0.70857,5,-2.0545,17,-0.5242
ENSG00000077254,USP33,172,0.62464,61,-0.9727,29,-2.0548,163,0.53389,62,-1.0302,169,0.59593,129,0.16500,168,0.58450,124,0.13484
ENSG00000180488,MIGA1,29,-1.6269,158,0.99680,66,-0.3788,66,-0.3952,56,-0.6812,132,0.70454,100,0.26290,70,-0.3068,93,0.18660
ENSG00000162613,FUBP1,2,-4.3013,42,0.07449,64,0.75225,43,0.11178,28,-0.5601,57,0.56702,43,0.11166,42,0.09855,42,0.11704
ENSG00000162616,DNAJB4,37,0.11999,36,0.09416,25,-0.4406,2,-3.8388,26,-0.4103,29,-0.2178,55,0.77650,14,-1.2687,47,0.74020
ENSG00000117114,ADGRL2,5,-2.4857,2,-3.7653,3,-2.9204,60,1.33566,17,-0.6613,4,-2.6862,42,0.74037,43,0.80012,37,0.76198
ENSG00000137941,TTLL7,48,-1.4358,368,1.81130,128,0.03765,90,-0.4991,97,-0.4172,142,0.20300,125,0.00191,145,0.24167,95,-0.5306
ENSG00000142875,PRKACB,252,-0.6784,390,-0.0085,292,-0.4564,579,0.61931,230,-0.8755,466,0.27148,473,0.29393,415,0.08989,443,0.26122
ENSG00000117133,RPF1,2,-3.6520,24,-0.0730,35,0.50681,25,-0.0253,18,-0.5806,24,-0.0668,37,0.60392,41,0.78587,26,0.07125
ENSG00000174021,GNG5,165,1.76607,85,0.62446,154,1.63811,0,-6.3675,88,0.77658,8,-2.9122,12,-2.3005,29,-1.0023,28,-1.2952
ENSG00000117155,SSX2IP,74,-0.1857,14,-2.6154,16,-2.4011,61,-0.4898,58,-0.6028,104,0.34868,101,0.29039,82,-0.0275,130,1.03046
ENSG00000162642,C1orf52,2,-5.0013,34,-0.9676,18,-1.8683,35,-0.9068,46,-0.5439,105,0.76959,116,0.94666,49,-0.4351,97,0.93826
ENSG00000153904,DDAH1,83,-1.2167,129,-0.5565,366,1.09840,160,-0.2332,237,0.42667,206,0.16647,157,-0.2616,206,0.16330,158,-0.3249
ENSG00000117174,ZNHIT6,41,0.66827,55,1.14892,37,0.51217,22,-0.3199,26,-0.0701,19,-0.4869,22,-0.2794,10,-1.4728,23,-0.3305
ENSG00000122417,ODF2L,2,-4.1297,12,-1.5626,11,-1.6978,123,2.13460,26,-0.4806,36,0.03819,40,0.18929,19,-0.9559,40,0.29465
ENSG00000097033,SH3GLB1,19,-0.9428,103,1.78255,55,0.70068,2,-4.2005,34,-0.0756,37,0.05317,35,0.00269,24,-0.5863,29,-0.3731
ENSG00000183291,SELENOF,3,-5.0756,171,0.81345,111,0.11817,102,-0.0151,91,-0.2124,100,-0.0415,149,0.58270,130,0.37458,97,-0.1101
ENSG00000153936,HS2ST1,5,-2.6605,23,-0.6056,46,0.42726,33,-0.0765,38,0.14404,54,0.69810,51,0.58888,16,-1.1364,37,0.12710
ENSG00000143013,LMO4,192,-1.6312,121,-2.3126,138,-2.1211,379,-0.6145,506,-0.1852,1087,1.06027,762,0.47332,589,0.06441,766,0.68725
ENSG00000065243,PKN2,2,-3.0953,37,1.24421,34,1.08312,7,-1.3832,17,-0.0438,18,0.06489,10,-0.7186,11,-0.6640,17,0.05716
ENSG00000137947,GTF2B,2,-3.7002,28,0.08877,7,-1.8393,0,-5.2309,22,-0.2910,22,-0.2247,45,0.88494,41,0.71927,37,0.80620
ENSG00000137944,KYAT3,2,-3.5361,9,-1.4565,12,-1.0141,23,0.00144,18,-0.3833,24,0.04879,39,0.83883,21,-0.1557,34,0.85571
ENSG00000213516,RBMXL1,84,2.77153,25,0.54329,12,-0.6072,0,-4.3771,12,-0.5601,18,0.08758,9,-0.9514,7,-1.4174,12,-0.7372
ENSG00000197147,LRRC8B,2,-5.4362,63,-0.5162,21,-2.1498,119,0.48012,44,-1.1232,94,0.10759,175,1.11627,77,-0.2126,126,0.82746
ENSG00000231999,LRRC8C-DT,2,-2.0592,30,2.14362,24,1.78599,0,-3.6201,9,0.20826,4,-1.0187,5,-0.5774,1,-2.4379,5,-0.8284
ENSG00000171488,LRRC8C,2,-2.7435,11,-0.2589,10,-0.4456,30,1.30888,11,-0.2826,18,0.44451,18,0.45556,13,-0.0051,12,-0.1733
ENSG00000171492,LRRC8D,11,-1.9826,124,1.75052,45,0.06282,48,0.15221,22,-1.0562,41,-0.0693,40,-0.1328,29,-0.5842,45,0.07088
ENSG00000162664,ZNF326,2,-3.7231,53,1.13211,41,0.67582,15,-0.7991,27,0.03394,40,0.67212,31,0.25656,20,-0.4223,22,-0.3930
ENSG00000233593,LINC02609,111,2.33431,21,-0.4234,1,-4.0661,0,-5.3764,20,-0.5608,0,-7.1918,55,1.05315,6,-2.2931,34,0.36603
ENSG00000122482,ZNF644,2,-3.5635,67,1.71390,29,0.30074,6,-1.9756,23,-0.0129,32,0.48857,17,-0.4935,15,-0.6852,23,-0.0390
ENSG00000172031,EPHX4,2,-3.1143,0,-9.7216,0,-5.3127,0,-4.4710,10,-0.8173,1,-3.3105,42,1.44472,5,-1.8106,38,2.22155
ENSG00000189195,BTBD8,14,-2.7241,18,-2.3859,34,-1.4290,87,-0.0105,53,-0.8129,68,-0.3986,118,0.47203,122,0.51509,144,1.18238
ENSG00000174842,GLMN,2,-2.1701,2,-1.8527,11,0.32813,2,-1.9482,9,0.07644,11,0.27735,19,1.21104,3,-1.6776,12,0.60723
ENSG00000122484,RPAP2,2,-2.6785,9,-0.4225,16,0.34632,0,-4.0635,18,0.64811,17,0.45413,11,-0.1431,12,-0.0898,15,0.34523
ENSG00000067208,EVI5,2,-3.9100,60,1.09820,44,0.59231,106,2.13630,26,-0.2613,21,-0.5764,15,-1.0102,11,-1.4831,20,-0.7412
ENSG00000122406,RPL5,246,-0.8710,747,0.87184,624,0.57694,405,-0.1096,407,-0.1111,377,-0.2170,364,-0.2750,477,0.14780,398,-0.1789
ENSG00000154511,DIPK1A,2,-4.2310,55,0.59424,50,0.43920,18,-1.0653,26,-0.6320,36,-0.0508,38,0.00489,30,-0.3377,52,0.73702
ENSG00000143033,MTF2,2,-2.5371,17,0.61762,10,-0.1831,13,0.19741,12,0.12486,10,-0.1363,13,0.14970,19,0.82984,10,-0.2847
ENSG00000117500,TMED5,96,1.20276,70,0.68189,48,0.07107,32,-0.5593,29,-0.7573,36,-0.3751,48,0.07091,60,0.42147,37,-0.4247
ENSG00000117505,DR1,174,1.84285,42,-0.4826,59,0.03248,77,0.44091,39,-0.6506,51,-0.1849,60,0.05387,33,-0.8353,45,-0.5161
ENSG00000137942,FNBP1L,98,2.08926,15,-0.9541,32,0.17600,22,-0.3895,24,-0.2818,44,0.67311,15,-0.9561,32,0.16937,16,-1.0485
ENSG00000137936,BCAR3,2,-2.5488,9,-0.2979,29,1.47689,6,-0.8649,20,0.92667,6,-0.9317,6,-1.0434,13,0.21368,10,-0.3036
ENSG00000067334,DNTTIP2,2,-4.0691,36,0.10363,15,-1.2096,11,-1.6371,34,0.01154,29,-0.2462,42,0.36255,43,0.37143,48,0.80669
ENSG00000023909,GCLM,2,-3.5313,13,-0.9063,45,1.06444,32,0.52897,21,-0.1482,30,0.39898,38,0.79992,17,-0.4966,20,-0.2496
ENSG00000117528,ABCD3,74,0.81218,75,0.84068,60,0.48499,47,0.07815,33,-0.4800,55,0.33548,39,-0.2100,29,-0.6195,33,-0.5890
ENSG00000117525,F3,2,-4.0472,19,-0.8030,220,3.61656,4,-3.1548,55,0.89355,13,-1.4213,3,-3.5271,6,-2.5470,14,-1.5629
ENSG00000117519,CNN3,96,-0.1943,172,0.73050,409,2.28541,31,-1.8540,137,0.39839,67,-0.7325,42,-1.4281,96,-0.1861,56,-1.2239
ENSG00000172339,ALG14,2,-2.6228,30,1.43489,9,-0.4090,1,-3.0847,13,0.11356,13,0.13437,9,-0.4976,1,-3.3114,17,0.71470
ENSG00000152078,TLCD4,41,0.22235,19,-0.9428,39,0.15147,23,-0.6816,31,-0.2136,27,-0.4462,35,-0.0522,43,0.30258,44,0.43276
ENSG00000122481,RWDD3,2,-2.6665,17,0.47046,0,-7.3866,2,-2.6475,13,0.07177,18,0.58246,14,0.14332,10,-0.2880,19,0.88256
ENSG00000228971,LINC02607,281,1.86440,0,-7.6712,19,-2.3515,55,-0.7917,34,-1.5887,223,1.44368,119,0.39882,78,-0.2593,90,-0.0598
ENSG00000117569,PTBP2,2,-4.7699,69,0.34981,30,-0.9303,21,-1.4425,37,-0.6564,74,0.48059,67,0.32148,53,-0.0390,81,0.89429
ENSG00000162627,SNX7,2,-3.0460,14,-0.2019,21,0.40189,7,-1.2947,17,0.02226,70,2.50511,18,0.15544,3,-2.1874,11,-0.7371
ENSG00000117598,PLPPR5,2,-4.2093,1,-4.9279,11,-1.7941,78,1.19703,19,-1.0926,70,1.01165,51,0.51379,53,0.56171,45,0.40610
ENSG00000117600,PLPPR4,118,-0.6555,8,-4.5948,18,-3.4430,194,0.10459,80,-1.3219,319,0.90502,248,0.49468,140,-0.4062,289,1.10912
ENSG00000162688,AGL,2,-3.6538,16,-0.6758,65,1.54284,53,1.20932,17,-0.6119,41,0.78499,24,-0.0880,12,-1.0464,20,-0.4650
ENSG00000117620,SLC35A3,2,-2.6841,22,0.85593,11,-0.1616,3,-2.1892,11,-0.2355,17,0.43051,11,-0.2197,28,1.25298,12,-0.0412
ENSG00000156875,MFSD14A,38,-0.3956,65,0.45884,27,-0.9146,48,-0.0138,28,-0.8692,67,0.50872,34,-0.5482,27,-0.9164,68,0.74187
ENSG00000137992,DBT,2,-3.6646,28,0.17795,42,0.79711,20,-0.3705,22,-0.2459,42,0.80063,25,-0.0235,29,0.21949,24,-0.0775
ENSG00000137996,RTCA,175,1.93293,26,-1.1601,19,-1.5873,20,-1.5385,35,-0.7464,67,0.30755,91,0.78825,20,-1.5392,58,0.10126
ENSG00000181656,GPR88,2,-3.3904,2,-3.3115,0,-8.2357,0,-4.9400,7,-1.6837,1,-4.4226,15,-0.4568,1,-3.8790,59,3.79488
ENSG00000162694,EXTL2,44,0.33437,17,-1.0695,12,-1.5586,7,-2.3378,22,-0.7569,13,-1.5416,55,0.68795,17,-1.1335,63,1.41917
ENSG00000117543,DPH5,2,-2.9159,12,-0.3855,36,1.41265,37,1.44518,11,-0.4387,27,0.93924,12,-0.2901,4,-1.7150,10,-0.6730
ENSG00000170989,S1PR1,2,-4.0759,14,-1.2813,149,2.60047,14,-1.2873,60,1.02517,21,-0.7096,11,-1.6215,14,-1.2663,23,-0.7004
ENSG00000118733,OLFM3,42,0.17444,0,-5.9439,1,-4.6138,21,-0.8298,20,-0.9929,18,-1.0635,97,1.57731,32,-0.2283,58,1.03652
ENSG00000185946,RNPC3,91,2.51823,14,-0.5704,2,-3.2534,30,0.52122,25,0.25411,18,-0.2419,17,-0.3258,2,-3.2691,13,-0.8912
ENSG00000198890,PRMT6,109,2.89192,11,-0.9864,0,-8.2755,7,-1.5494,10,-1.1682,16,-0.4794,27,0.37505,10,-1.1251,20,-0.1645
ENSG00000162631,NTNG1,185,2.17314,5,-3.3240,0,-9.5256,2,-4.6780,12,-2.2405,0,-10.360,58,0.18962,9,-2.4867,97,1.61586
ENSG00000162636,FAM102B,41,-0.4768,3,-3.9881,34,-0.7588,34,-0.7674,33,-0.8641,118,1.20615,83,0.60955,55,-0.0347,74,0.61235
ENSG00000162639,HENMT1,2,-3.1971,8,-1.1613,0,-4.5619,0,-4.7085,15,-0.2882,27,0.62309,44,1.43336,13,-0.4751,28,0.96623
ENSG00000134186,PRPF38B,2,-4.0908,59,0.88125,46,0.47482,52,0.66315,48,0.59524,50,0.61046,19,-0.8806,23,-0.5936,24,-0.6754
ENSG00000116266,STXBP3,2,-4.5205,148,1.93825,76,0.76995,72,0.69732,32,-0.6336,75,0.75299,26,-0.8708,33,-0.5205,28,-0.9757
ENSG00000121957,GPSM2,2,-3.0291,55,2.04308,29,0.93631,12,-0.4004,23,0.58055,14,-0.2657,5,-1.5515,16,0.02442,8,-1.2993
ENSG00000121940,CLCC1,3,-2.9344,45,1.07735,17,-0.4408,23,0.01404,22,-0.1129,24,0.07743,23,-0.0075,15,-0.6856,27,0.29991
ENSG00000085433,WDR47,130,-0.0725,29,-2.2869,75,-0.9182,109,-0.3501,61,-1.2896,267,1.08562,207,0.66158,232,0.85037,151,0.21036
ENSG00000197780,TAF13,66,-0.1940,90,0.28896,77,0.05990,24,-1.6818,83,0.17981,77,0.05969,98,0.42632,76,0.03596,74,-0.0227
ENSG00000215717,TMEM167B,2,-4.2169,46,0.32193,38,0.02606,19,-1.0496,34,-0.1715,44,0.25632,43,0.21849,37,-0.0094,47,0.52408
ENSG00000179902,C1orf194,2,-2.1211,6,-0.4838,13,0.60759,0,-3.6811,14,0.80713,20,1.31464,1,-2.3182,8,-0.0302,8,-0.0461
ENSG00000116299,KIAA1324,2,-3.4551,1,-4.2115,12,-0.9049,36,0.80145,11,-1.0596,41,1.01793,20,-0.1100,25,0.23621,31,0.78019
ENSG00000031698,SARS,189,-0.0733,119,-0.7818,116,-0.8188,146,-0.4701,143,-0.5417,223,0.18513,292,0.61705,130,-0.6429,268,0.68625
ENSG00000143126,CELSR2,97,-0.4999,125,-0.1091,103,-0.4091,81,-0.7772,89,-0.6778,234,0.89043,152,0.19639,182,0.48005,148,0.21338
ENSG00000134222,PSRC1,42,0.69510,63,1.36493,17,-0.6660,0,-5.2619,25,-0.1280,60,1.28219,24,-0.1873,3,-3.0664,23,-0.3156
ENSG00000134243,SORT1,71,-1.6081,460,1.30748,188,-0.1504,97,-1.1451,148,-0.5536,314,0.66266,299,0.58308,228,0.15567,184,-0.2389
ENSG00000143106,PSMA5,2,-5.2508,73,-0.0818,65,-0.2598,71,-0.1172,71,-0.1367,101,0.43272,132,0.86345,82,0.10465,83,0.15799
ENSG00000174151,CYB561D1,2,-2.8850,8,-0.9725,2,-2.6237,0,-4.4376,8,-0.9638,19,0.39952,9,-0.6560,18,0.32343,29,1.76676
ENSG00000181754,AMIGO1,2,-4.1404,1,-4.3329,35,-0.0135,60,0.83730,23,-0.7005,40,0.18859,52,0.61016,48,0.47617,44,0.47126
ENSG00000065135,GNAI3,39,1.00424,38,0.95808,49,1.38971,0,-4.9248,22,0.10706,16,-0.3934,4,-2.2889,16,-0.3725,16,-0.5342
ENSG00000116337,AMPD2,2,-4.8247,17,-1.8147,60,0.08713,56,-0.0377,49,-0.2540,85,0.62695,37,-0.6568,81,0.54707,77,0.65951
ENSG00000168765,GSTM4,35,0.77111,18,-0.2704,25,0.26917,17,-0.3677,19,-0.1582,13,-0.7010,23,0.10696,24,0.19815,21,-0.0493
ENSG00000134201,GSTM5,3,-4.3939,67,0.17456,239,2.40337,29,-1.1049,102,0.96418,32,-0.9546,17,-1.8975,28,-1.1273,40,-0.7842
ENSG00000134202,GSTM3,104,-1.0217,125,-0.7391,480,1.41200,240,0.26396,230,0.20886,201,-0.0172,129,-0.6947,209,0.04645,173,-0.3194
ENSG00000184371,CSF1,4,-0.9609,44,2.94035,40,2.70542,0,-3.6618,9,0.12742,0,-6.1305,0,-7.8672,0,-4.8970,1,-3.4107
ENSG00000168710,AHCYL1,4,-5.7083,441,1.07270,1019,2.65627,26,-3.2136,278,0.34761,132,-0.8267,84,-1.5086,151,-0.6270,135,-0.9832
ENSG00000143093,STRIP1,24,-0.5199,10,-1.7837,20,-0.7935,11,-1.6174,26,-0.4282,40,0.28264,57,0.83381,45,0.48263,44,0.61157
ENSG00000197106,SLC6A17,166,0.58045,9,-3.7676,25,-2.2427,149,0.41247,77,-0.6677,123,0.10773,178,0.69989,117,0.02668,143,0.48446
ENSG00000116396,KCNC4,2,-4.4440,9,-2.3847,30,-0.5701,78,0.93541,39,-0.1733,41,-0.0964,58,0.43687,73,0.81328,50,0.27443
ENSG00000134248,LAMTOR5,186,0.02911,197,0.11609,177,-0.0504,193,0.08135,166,-0.1660,118,-0.6781,220,0.29192,172,-0.0928,196,0.14361
ENSG00000177301,KCNA2,37,-1.2554,11,-3.0645,34,-1.3753,99,0.22778,53,-0.7799,62,-0.4925,84,-0.0333,204,1.42005,119,0.74607
ENSG00000121931,LRIF1,14,-0.4737,16,-0.2452,6,-1.6562,26,0.49340,13,-0.5965,29,0.64750,21,0.13364,32,0.80068,19,0.03996
ENSG00000156171,DRAM2,2,-2.4146,25,1.39878,26,1.42350,0,-3.9714,11,0.03157,4,-1.3296,5,-1.0126,12,0.16273,10,-0.0340
ENSG00000134255,CEPT1,2,-3.5838,42,0.90431,40,0.82690,10,-1.3035,12,-1.1500,26,0.13076,23,-0.0336,23,-0.0291,30,0.50398
ENSG00000116455,WDR77,2,-3.2932,9,-1.0641,3,-2.5725,0,-4.6633,14,-0.5097,31,0.74654,42,1.23239,31,0.72378,27,0.67778
ENSG00000116459,ATP5PB,59,-1.9172,156,-0.4739,206,-0.0461,238,0.18077,163,-0.4404,243,0.21223,381,0.93808,185,-0.2149,242,0.27658
ENSG00000121933,TMIGD3,2,-2.0548,37,2.45871,21,1.43050,0,-3.6961,14,0.80795,10,0.22973,1,-3.0747,0,-4.2077,3,-1.5523
ENSG00000116473,RAP1A,9,-2.7295,204,2.06720,88,0.60527,110,0.97147,50,-0.3028,36,-0.7874,38,-0.7099,42,-0.5424,39,-0.8420
ENSG00000197852,INKA2,2,-3.5660,3,-3.0421,1,-3.8841,28,0.26616,23,-0.0375,48,1.12351,27,0.21487,31,0.43873,30,0.53953
ENSG00000171385,KCND3,18,-1.8181,6,-3.2787,31,-1.0236,83,0.48778,35,-0.9107,62,0.01825,67,0.13726,80,0.43413,94,1.01530
ENSG00000143079,CTTNBP2NL,2,-2.1643,14,0.71507,20,1.29001,5,-0.9060,13,0.72764,6,-0.4496,10,0.20624,2,-2.0254,7,-0.3930
ENSG00000116489,CAPZA1,6,-3.1739,78,0.44752,42,-0.5165,124,1.22109,38,-0.6818,42,-0.5037,71,0.31139,76,0.40889,61,0.08540
ENSG00000155366,RHOC,25,-1.2768,100,0.89520,150,1.58666,31,-0.9521,91,0.82921,47,-0.3081,15,-2.0013,48,-0.2612,37,-0.8440
ENSG00000155380,SLC16A1,40,1.14973,36,0.98789,61,1.87390,0,-4.7593,25,0.41643,7,-1.4199,7,-1.4932,3,-2.5298,12,-0.8606
ENSG00000198799,LRIG2,2,-2.5218,18,0.74636,9,-0.3354,38,2.00507,12,0.14338,10,-0.2538,8,-0.5249,3,-1.7658,9,-0.4992
ENSG00000081026,MAGI3,47,2.22136,7,-0.7826,9,-0.5419,0,-4.2290,14,0.13159,4,-1.7667,18,0.58959,2,-2.6358,12,-0.0475
ENSG00000116793,PHTF1,2,-3.0863,4,-1.9729,2,-2.8819,28,0.77774,10,-0.7739,45,1.59378,34,1.10467,11,-0.5893,18,0.15971
ENSG00000081019,RSBN1,2,-3.5011,17,-0.4407,35,0.69080,30,0.41901,17,-0.4453,48,1.20163,26,0.23452,17,-0.4687,21,-0.1126
ENSG00000134262,AP4B1,2,-3.4451,9,-1.2879,12,-0.8489,26,0.26675,12,-0.8877,33,0.63731,26,0.29476,44,1.13543,26,0.41668
ENSG00000163349,HIPK1,49,-0.0922,49,-0.0921,51,-0.0225,71,0.50995,46,-0.1842,79,0.67952,33,-0.6722,63,0.31100,46,-0.2358
ENSG00000116774,OLFML3,2,-1.9750,18,1.32193,25,1.90209,0,-3.5370,20,1.75517,0,-3.3394,0,-7.7432,3,-1.2298,3,-1.4608
ENSG00000197323,TRIM33,2,-4.1716,36,0.01028,36,-0.0100,21,-0.8218,35,-0.0399,47,0.42064,59,0.77135,32,-0.1928,42,0.29837
ENSG00000116752,BCAS2,42,-1.1006,56,-0.6692,47,-0.9195,84,-0.0406,67,-0.4182,105,0.30157,129,0.63071,102,0.25067,107,0.45303
ENSG00000213281,NRAS,2,-3.6693,25,-0.0319,11,-1.2785,60,1.39717,12,-1.1364,27,0.08600,26,0.03145,14,-0.8977,35,0.73963
ENSG00000009307,CSDE1,151,-0.8043,275,0.11178,235,-0.1352,287,0.17639,201,-0.4018,296,0.22954,315,0.32433,314,0.32165,263,0.05899
ENSG00000052723,SIKE1,2,-2.9873,32,1.15089,18,0.22955,5,-1.7244,18,0.24151,10,-0.6971,18,0.22637,6,-1.3214,19,0.42025
ENSG00000163393,SLC22A15,35,1.46757,38,1.62809,13,-0.1479,0,-4.3844,6,-1.3304,12,-0.1899,5,-1.5766,4,-1.8113,16,0.26462
ENSG00000163399,ATP1A1,167,-1.4871,121,-1.9573,184,-1.3401,301,-0.5994,228,-1.0814,480,0.12131,843,1.03433,701,0.72757,632,0.80350
ENSG00000198162,MAN1A2,377,1.35882,172,0.07445,222,0.47226,91,-0.9043,212,0.44692,110,-0.6118,44,-1.9851,148,-0.1575,137,-0.3652
ENSG00000065183,WDR3,2,-2.7917,12,-0.1978,4,-1.6646,40,1.76349,13,-0.1140,13,-0.0206,22,0.75510,4,-1.8771,14,0.00882
ENSG00000092621,PHGDH,2,-5.5715,321,2.04950,427,2.63513,24,-2.0782,112,0.26063,53,-0.9091,25,-2.0281,41,-1.2852,33,-1.8930
ENSG00000134250,NOTCH2,5,-2.0934,19,-0.2020,101,2.66206,2,-3.3432,41,1.10753,8,-1.5311,4,-2.5753,9,-1.2533,14,-0.8053
ENSG00000265808,SEC22B,2,-4.4699,47,0.07739,59,0.43206,4,-3.5013,53,0.28986,55,0.33424,67,0.64406,32,-0.5046,52,0.33629
ENSG00000226067,LINC00623,2,-3.6263,14,-0.8232,51,1.14981,70,1.71044,27,0.13457,26,0.05558,16,-0.6404,23,-0.0922,17,-0.7532
ENSG00000171943,SRGAP2C,2,-3.8430,75,1.56734,50,0.89557,0,-5.1360,27,-0.1214,39,0.45856,14,-1.1153,24,-0.2596,29,0.02583
ENSG00000232527,LINC02802,21,-0.4450,8,-1.8928,14,-1.1035,25,-0.2279,29,0.01605,29,0.04938,49,0.87239,24,-0.2558,36,0.49002
ENSG00000196369,SRGAP2B,2,-2.9349,16,0.05199,28,0.95393,24,0.72942,18,0.28506,8,-0.9488,2,-2.6589,23,0.62962,15,-0.0569
ENSG00000265491,RNF115,2,-4.0825,22,-0.6703,32,-0.1035,52,0.68217,36,0.09331,28,-0.2702,27,-0.3338,40,0.27073,41,0.43276
ENSG00000186141,POLR3C,2,-2.7818,9,-0.6105,12,-0.1896,0,-4.3175,11,-0.4082,13,-0.0546,34,1.49238,15,0.15675,18,0.55066
ENSG00000131788,PIAS3,2,-3.2233,11,-0.7317,13,-0.5894,93,2.87016,11,-0.8725,11,-0.7308,17,-0.1696,9,-1.0093,16,-0.2987
ENSG00000198483,ANKRD35,2,-2.9299,20,0.42442,36,1.39751,0,-4.4822,30,1.23853,7,-1.0906,8,-1.0042,13,-0.1868,13,-0.3474
ENSG00000131779,PEX11B,2,-4.2574,18,-1.1051,20,-0.9511,43,0.18030,29,-0.4490,51,0.43800,73,1.02908,38,0.00202,49,0.52110
ENSG00000265241,RBM8A,50,-0.7599,106,0.41035,91,0.17261,84,0.05254,80,-0.0272,62,-0.4259,96,0.25851,95,0.23377,79,-0.0643
ENSG00000271601,LIX1L,2,-3.2506,35,0.99397,62,1.96667,23,0.29533,18,-0.0778,8,-1.2288,6,-1.7657,20,0.10855,14,-0.6321
ENSG00000272031,ANKRD34A,36,-0.2597,5,-3.1772,3,-3.7462,26,-0.7362,32,-0.4697,50,0.26353,73,0.86361,33,-0.4031,66,1.02000
ENSG00000121851,POLR3GL,2,-3.4030,35,0.80522,27,0.39468,1,-3.6077,23,0.16739,16,-0.4215,20,-0.0733,44,1.19482,20,-0.0674
ENSG00000265972,TXNIP,46,-0.0586,256,3.07976,217,2.69363,6,-3.0388,33,-0.5999,4,-3.6467,2,-4.2985,6,-2.8928,3,-4.2242
ENSG00000131791,PRKAB2,2,-2.6090,12,0.05747,22,0.94451,9,-0.4815,11,-0.1356,12,0.01763,22,0.96482,5,-1.1611,12,0.05966
ENSG00000227733,AC239809.3,2,-2.5758,12,0.05587,3,-2.0612,19,0.74182,10,-0.2886,4,-1.4360,6,-0.8678,33,1.68288,13,0.27947
ENSG00000178104,PDE4DIP,280,0.90932,155,-0.0420,174,0.14419,125,-0.3777,119,-0.4767,123,-0.3968,179,0.18854,154,-0.0474,160,0.00719
ENSG00000274265,AC245297.3,2,-2.5026,57,2.87179,30,1.58700,2,-2.3649,10,-0.1149,5,-1.2251,7,-0.7116,4,-1.4904,5,-1.5087
ENSG00000184678,HIST2H2BE,2,-2.2076,45,2.80113,23,1.45858,6,-0.6445,8,-0.2432,4,-1.2081,6,-0.6364,1,-2.8814,4,-1.3568
ENSG00000178096,BOLA1,2,-3.4063,28,0.44452,14,-0.6525,22,0.03373,22,0.08772,17,-0.3302,24,0.21507,18,-0.2561,26,0.48740
ENSG00000159164,SV2A,196,-0.7979,41,-3.0826,85,-2.0316,576,0.89670,195,-0.8594,240,-0.4911,463,0.53941,450,0.49052,462,0.76530
ENSG00000143368,SF3B4,2,-3.4801,28,0.33316,32,0.55832,0,-5.0290,21,-0.0764,19,-0.2744,33,0.63327,24,0.09765,27,0.45060
ENSG00000264522,OTUD7B,2,-2.7061,64,2.81854,28,1.26179,7,-0.8232,16,0.35766,2,-2.7974,3,-2.0536,3,-2.1287,7,-1.1540
ENSG00000136631,VPS45,2,-4.3135,21,-0.9508,33,-0.2890,33,-0.2945,29,-0.5276,57,0.56077,57,0.57104,52,0.42127,51,0.55493
ENSG00000023902,PLEKHO1,2,-4.1117,16,-1.1615,25,-0.4985,4,-2.9519,46,0.50184,25,-0.5195,33,-0.0812,58,0.83081,49,0.77002
ENSG00000143401,ANP32E,2,-4.5925,63,0.41588,99,1.14843,12,-2.0581,56,0.23926,60,0.34253,31,-0.6575,71,0.60453,45,-0.1495
ENSG00000118298,CA14,2,-2.0249,66,4.23810,24,1.81075,0,-3.5862,5,-0.6554,0,-3.7274,2,-1.9905,0,-4.8217,0,-7.5745
ENSG00000117362,APH1A,2,-3.9678,53,0.83571,64,1.15857,10,-1.7228,34,0.11859,26,-0.2970,27,-0.2357,34,0.11360,31,-0.0075
ENSG00000118292,C1orf54,5,-1.3636,12,-0.1702,50,2.14488,1,-3.3434,29,1.32284,3,-2.0231,1,-3.1417,5,-1.5559,11,-0.3951
ENSG00000266472,MRPS21,271,0.37509,114,-0.9524,238,0.17396,183,-0.2391,201,-0.1046,163,-0.4117,291,0.49070,308,0.58310,201,-0.1225
ENSG00000117360,PRPF3,2,-2.5439,17,0.64656,6,-0.8268,0,-4.0994,14,0.37914,21,0.96576,12,0.08843,14,0.29044,12,0.05385
ENSG00000163125,RPRD2,136,2.22969,29,-0.3834,14,-1.4451,6,-2.5411,27,-0.4988,40,0.14387,39,0.09901,35,-0.0868,31,-0.3232
ENSG00000143374,TARS2,2,-2.3775,8,-0.3152,1,-2.6198,2,-2.1296,9,-0.2383,25,1.42964,22,1.20092,13,0.41961,10,0.02537
ENSG00000143384,MCL1,47,0.46137,40,0.22486,103,1.80492,37,0.12069,32,-0.1144,37,0.09987,14,-1.3080,24,-0.5388,21,-0.9489
ENSG00000143420,ENSA,242,-0.0992,77,-1.8156,100,-1.4370,166,-0.6790,258,-4.7468,304,0.25809,304,0.25847,421,0.78113,306,0.37094
ENSG00000143457,GOLPH3L,2,-2.8684,16,0.13706,11,-0.4372,2,-2.8263,14,-0.0176,23,0.72412,13,-0.1819,18,0.31898,19,0.58088
ENSG00000163131,CTSS,2,-2.3471,25,1.49884,38,2.26670,0,-3.9046,20,1.25663,1,-2.9071,2,-2.4507,1,-3.0025,5,-1.1973
ENSG00000143437,ARNT,29,1.38389,9,-0.3748,8,-0.6865,7,-0.7756,9,-0.4733,15,0.32923,11,-0.1951,10,-0.2566,13,0.09381
ENSG00000143418,CERS2,2,-4.5584,350,3.95043,99,1.19617,6,-3.0492,37,-0.4052,19,-1.3396,12,-2.0434,22,-1.1690,8,-2.9318
ENSG00000143363,PRUNE1,81,2.17807,13,-0.8000,16,-0.4775,14,-0.7094,11,-1.1089,23,0.05480,31,0.50520,43,1.03055,12,-1.1498
ENSG00000197622,CDC42SE1,2,-3.7548,49,0.93538,19,-0.5529,50,0.97884,20,-0.4605,38,0.52292,26,-0.0344,18,-0.6248,27,0.02518
ENSG00000213190,MLLT11,3,-6.7062,30,-3.6755,125,-1.6211,434,0.27028,302,-0.3213,469,0.39381,605,0.80704,520,0.56080,490,0.66029
ENSG00000143434,SEMA6C,2,-2.8962,3,-2.0278,9,-0.7619,15,-0.0133,12,-0.3443,20,0.47313,15,-0.0128,21,0.52441,21,0.78399
ENSG00000163156,SCNM1,2,-3.4161,41,0.77673,36,0.53846,8,-1.7104,21,-0.2904,23,-0.1236,31,0.32978,33,0.44077,28,0.19768
ENSG00000163159,VPS72,2,-3.6810,43,0.80508,53,1.15799,6,-2.0551,24,-0.0997,30,0.24619,31,0.31250,23,-0.1558,24,-0.1105
ENSG00000143398,PIP5K1A,3,-1.9694,9,-0.6190,8,-0.9025,5,-1.3865,8,-0.8118,24,0.83548,17,0.26824,8,-0.7913,23,1.13346
ENSG00000159352,PSMD4,3,-5.0259,108,0.03686,91,-0.2290,65,-0.7310,117,0.17839,101,-0.0683,145,0.50244,138,0.43237,121,0.29940
ENSG00000143393,PI4KB,3,-4.0988,48,-0.1216,46,-0.1810,78,0.63575,39,-0.4639,78,0.63047,65,0.34213,60,0.21350,56,0.12543
ENSG00000143390,RFX5,2,-2.3946,13,0.30299,8,-0.3153,2,-2.5141,12,0.29246,5,-1.1055,12,0.28527,8,-0.3285,15,0.82317
ENSG00000143416,SELENBP1,48,0.50256,39,0.18304,141,2.43147,26,-0.4222,49,0.60470,18,-0.9798,6,-2.6412,20,-0.7964,14,-1.6613
ENSG00000159377,PSMB4,217,-0.0895,201,-0.2088,245,0.09789,212,-0.1257,178,-0.4215,238,0.05280,293,0.38555,177,-0.4027,262,0.28140
ENSG00000143442,POGZ,2,-4.0923,51,0.64311,24,-0.5391,19,-0.8506,28,-0.3034,42,0.32470,26,-0.4178,78,1.33255,36,0.12517
ENSG00000143376,SNX27,2,-4.3893,61,0.40801,45,-0.0714,114,1.44363,47,-0.0247,63,0.44336,42,-0.1888,29,-0.7539,41,-0.2680
ENSG00000159409,CELF3,48,-0.0578,2,-4.2356,5,-3.2758,30,-0.7663,48,-0.0545,75,0.65301,59,0.27683,33,-0.6060,74,0.92571
ENSG00000178796,RIIAD1,2,-3.2698,5,-1.9450,0,-8.1160,9,-1.0481,15,-0.4088,10,-0.9318,19,0.01732,38,1.08768,34,1.40512
ENSG00000143436,MRPL9,2,-4.1512,41,0.23483,33,-0.1059,37,0.07394,32,-0.1866,22,-0.7324,67,1.00892,37,0.03939,40,0.24824
ENSG00000182134,TDRKH,2,-2.2344,7,-0.4391,0,-7.0927,0,-3.7931,8,-0.1559,18,1.04016,13,0.50358,4,-1.2664,15,1.12590
ENSG00000159445,THEM4,2,-2.2448,13,0.56967,15,0.75828,1,-2.7954,12,0.39098,9,-0.0083,8,-0.2714,1,-3.2750,12,0.55545
ENSG00000197747,S100A10,27,-1.1289,118,1.17084,99,0.86825,144,1.51587,55,-0.0523,41,-0.5133,62,0.13490,33,-0.8138,27,-1.3621
ENSG00000163191,S100A11,37,0.71672,64,1.63104,91,2.31013,0,-5.1188,36,0.70866,1,-4.3748,2,-3.1578,2,-3.2428,10,-1.5916
ENSG00000197956,S100A6,2,-6.4347,279,0.74836,384,1.28687,251,0.57831,184,0.08680,47,-1.9636,219,0.35774,111,-0.6931,152,-0.2771
ENSG00000188643,S100A16,2,-4.2896,57,0.57505,200,2.93031,0,-5.8192,61,0.79125,26,-0.6483,12,-1.7539,16,-1.3806,19,-1.3276
ENSG00000189171,S100A13,343,0.98046,201,0.11623,396,1.22401,94,-1.0426,289,0.78050,125,-0.6143,66,-1.5610,191,0.03892,108,-1.0354
ENSG00000160678,S100A1,179,0.07835,177,0.06798,212,0.34935,114,-0.6138,338,1.27517,94,-0.9086,53,-1.7622,182,0.10974,130,-0.5199
ENSG00000160679,CHTOP,2,-4.6285,86,0.87835,64,0.40052,56,0.17676,53,0.11040,56,0.19402,69,0.51844,38,-0.3976,42,-0.3287
ENSG00000143553,SNAPIN,74,0.94211,50,0.32168,62,0.65066,8,-2.3496,30,-0.4917,23,-0.8863,33,-0.3402,61,0.62793,40,-0.0359
ENSG00000143621,ILF2,39,-1.1588,81,-0.0293,85,0.03078,92,0.16825,67,-0.3517,105,0.36273,114,0.49779,72,-0.2096,89,0.15120
ENSG00000143624,INTS3,12,-2.0117,27,-0.8512,39,-0.2949,33,-0.5353,34,-0.5132,78,0.79659,78,0.79168,53,0.17164,56,0.37918
ENSG00000143614,GATAD2B,2,-3.8061,39,0.53861,22,-0.3550,8,-1.8914,34,0.34968,60,1.21988,41,0.59087,13,-1.1820,28,-0.0158
ENSG00000198837,DENND4B,48,0.75493,26,-0.1969,20,-0.6143,0,-5.2052,41,0.59076,24,-0.2926,29,-0.0345,33,0.15325,30,0.05810
ENSG00000143570,SLC39A1,2,-3.1438,38,1.22285,45,1.52568,7,-1.3913,17,-0.0941,9,-0.9234,2,-3.0869,27,0.67778,16,-0.1319
ENSG00000143543,JTB,136,-0.3049,174,0.08580,158,-0.0734,199,0.28988,143,-0.2401,158,-0.0711,179,0.12405,209,0.37040,162,-0.0366
ENSG00000143545,RAB13,2,-3.0263,56,2.09669,34,1.17143,0,-4.5780,34,1.34710,4,-1.8602,4,-2.0389,7,-1.2038,9,-1.0962
ENSG00000177954,RPS27,893,-0.4794,2800,1.36527,2287,1.01785,793,-0.6598,1873,0.76887,755,-0.7343,500,-1.3521,1065,-0.2090,749,-0.9286
ENSG00000143549,TPM3,159,-0.2584,114,-0.7595,191,0.02134,141,-0.4425,169,-0.1836,251,0.45931,216,0.21487,187,-0.0111,212,0.25677
ENSG00000143612,C1orf43,2,-5.8650,230,1.08093,99,-0.2672,77,-0.6458,119,0.01729,107,-0.1438,142,0.29976,135,0.21224,125,0.12699
ENSG00000143569,UBAP2L,186,1.49647,37,-1.0688,61,-0.3269,43,-0.8388,52,-0.6134,82,0.13223,85,0.19358,78,0.07235,75,-0.0037
ENSG00000143575,HAX1,2,-4.9887,78,0.18201,37,-0.9428,81,0.25519,59,-0.2587,68,-0.0207,93,0.46310,74,0.11422,87,0.49662
ENSG00000160714,UBE2Q1,8,-3.5040,46,-0.9212,55,-0.6525,113,0.45287,61,-0.5445,95,0.18340,107,0.36820,157,0.98940,100,0.34902
ENSG00000160716,CHRNB2,2,-3.9127,3,-3.1190,4,-2.8639,59,1.06888,23,-0.4264,37,0.32317,45,0.64364,23,-0.4237,43,0.80799
ENSG00000160710,ADAR,58,-1.2739,78,-0.8419,108,-0.3348,78,-0.8291,107,-0.3790,163,0.29593,167,0.33902,260,1.06113,156,0.31809
ENSG00000143603,KCNN3,2,-4.3702,70,0.83341,203,2.83651,0,-5.6748,49,0.28969,24,-0.8320,12,-1.8256,15,-1.5101,29,-0.7071
ENSG00000163344,PMVK,2,-5.2834,115,0.59930,99,0.36519,101,0.39349,89,0.21243,76,-0.0549,94,0.28927,55,-0.5411,75,-0.0848
ENSG00000163346,PBXIP1,49,-0.1790,72,0.41750,284,2.97210,2,-4.4937,63,0.23595,33,-0.7885,9,-2.5667,27,-1.0825,28,-1.2426
ENSG00000163348,PYGO2,60,1.28260,21,-0.3756,26,-0.0698,11,-1.3214,19,-0.5490,37,0.48560,23,-0.2765,37,0.48013,25,-0.1802
ENSG00000160691,SHC1,2,-2.6045,5,-1.3697,7,-0.8099,1,-3.0522,16,0.50384,21,0.86740,5,-1.1522,24,1.06925,15,0.45144
ENSG00000173207,CKS1B,2,-2.8133,37,1.56937,35,1.47891,2,-2.5827,11,-0.3097,15,0.12364,23,0.76740,7,-1.0036,9,-0.7198
ENSG00000160688,FLAD1,2,-3.4934,18,-0.3005,27,0.30123,2,-3.1044,24,0.12161,28,0.31910,40,0.91743,14,-0.6788,28,0.47453
ENSG00000143537,ADAM15,2,-3.2472,45,1.39586,42,1.28820,2,-2.8216,21,0.14120,26,0.50645,14,-0.4595,13,-0.5803,15,-0.4312
ENSG00000143590,EFNA3,44,0.30790,5,-2.8888,13,-1.5528,35,-0.0538,25,-0.5888,36,-0.0281,55,0.67220,47,0.39483,46,0.54915
ENSG00000169242,EFNA1,182,3.79217,71,1.67150,28,0.12762,0,-5.2326,9,-1.5429,6,-2.1929,3,-2.8142,6,-2.0633,5,-2.7783
ENSG00000179085,DPM3,95,0.56422,85,0.38816,119,0.93319,54,-0.3176,70,0.07619,49,-0.4621,65,-0.0415,48,-0.4869,52,-0.4687
ENSG00000163463,KRTCAP2,81,-0.4814,204,0.97602,224,1.13681,104,-0.1054,84,-0.4606,98,-0.1958,53,-1.1169,137,0.33227,94,-0.3420
ENSG00000163462,TRIM46,105,2.07392,6,-2.3408,18,-0.7833,33,0.09197,12,-1.4527,29,-0.0765,35,0.18940,32,0.05641,29,-0.0919
ENSG00000173171,MTX1,2,-3.5022,29,0.36518,40,0.89574,3,-2.7128,20,-0.1965,32,0.54664,26,0.22712,23,0.02745,25,0.18961
ENSG00000177628,GBA,2,-4.8671,40,-0.5914,29,-1.0666,76,0.41044,48,-0.3341,105,0.93206,89,0.64994,82,0.52821,61,0.08650
ENSG00000160767,FAM189B,2,-3.5587,10,-1.2130,33,0.51164,1,-4.2308,18,-0.4783,17,-0.4632,34,0.58091,47,1.12003,32,0.65104
ENSG00000116521,SCAMP3,2,-4.5962,89,0.96528,65,0.46861,16,-1.6073,41,-0.2716,58,0.26914,53,0.14188,67,0.50340,50,0.04651
ENSG00000176444,CLK2,2,-2.5636,11,-0.0917,8,-0.4934,1,-3.5133,13,0.15379,17,0.59716,9,-0.4611,25,1.21307,13,0.28482
ENSG00000160752,FDPS,176,0.53100,90,-0.5154,121,-0.0644,155,0.33226,99,-0.3889,110,-0.2096,184,0.60496,82,-0.6495,129,0.05991
ENSG00000160753,RUSC1,2,-5.0967,10,-2.8443,33,-1.1169,63,-0.1496,53,-0.4348,94,0.49647,115,0.81856,95,0.51059,94,0.71144
ENSG00000116539,ASH1L,20,-1.9334,61,-0.3139,31,-1.3102,170,1.34279,97,0.44960,100,0.45757,42,-0.8815,49,-0.6546,76,0.04033
ENSG00000125459,MSTO1,2,-2.8195,11,-0.3772,13,-0.0542,0,-4.3724,14,0.00515,15,0.14143,26,0.95018,17,0.29573,17,0.46223
ENSG00000163374,YY1AP1,94,0.96447,43,-0.2671,15,-1.7795,82,0.74656,38,-0.4895,52,0.01233,48,-0.1078,65,0.37403,48,-0.1389
ENSG00000132676,DAP3,2,-4.4136,29,-0.5703,33,-0.4152,62,0.57815,36,-0.2887,43,0.02098,68,0.72488,63,0.62291,46,0.15599
ENSG00000116580,GON4L,2,-2.7967,7,-0.9564,12,-0.2524,3,-1.9475,13,-0.0637,16,0.21482,21,0.68160,18,0.41768,18,0.62097
ENSG00000132718,SYT11,319,-0.8725,566,0.00492,524,-0.1133,604,0.10767,370,-0.6935,675,0.28435,828,0.61111,558,-0.0171,629,0.23339
ENSG00000143622,RIT1,152,3.55886,23,-0.0183,31,0.42810,22,-0.0511,13,-0.9821,10,-1.2555,6,-1.9027,8,-1.5200,6,-2.2547
ENSG00000132680,KHDC4,2,-3.2254,20,0.09851,31,0.79293,15,-0.3246,11,-0.8002,27,0.56496,12,-0.6568,23,0.32934,23,0.41094
ENSG00000116584,ARHGEF2,2,-4.7604,123,1.14994,69,0.21937,33,-0.8972,49,-0.3537,109,0.94180,81,0.46806,45,-0.4394,56,-0.1513
ENSG00000163479,SSR2,91,-0.0036,100,0.14621,73,-0.3309,91,0.00126,67,-0.5121,91,0.00528,84,-0.1271,104,0.21036,104,0.28073
ENSG00000160803,UBQLN4,2,-3.6827,25,-0.0251,20,-0.3995,32,0.36712,27,0.06940,34,0.43844,27,0.09409,31,0.27365,27,0.12532
ENSG00000116586,LAMTOR2,2,-5.2348,68,-0.2303,97,0.31576,32,-1.3602,100,0.41088,67,-0.2609,129,0.78264,81,0.04403,88,0.22492
ENSG00000160789,LMNA,25,-0.4429,103,1.86717,73,1.25078,37,0.12537,32,-0.0675,44,0.41709,8,-2.0231,29,-0.2050,13,-1.6401
ENSG00000196189,SEMA4A,2,-3.9658,3,-3.4397,31,-0.0038,54,0.85627,36,0.21633,119,2.28448,26,-0.2767,12,-1.3715,22,-0.6515
ENSG00000160785,SLC25A44,75,0.36104,28,-1.1646,30,-1.0430,81,0.47318,34,-0.8994,76,0.38519,77,0.40511,70,0.25459,68,0.26507
ENSG00000160783,PMF1,41,1.07216,42,1.08166,38,0.94869,11,-0.9456,21,-0.0191,13,-0.7139,26,0.33482,18,-0.2721,11,-1.2136
ENSG00000160781,PAQR6,115,-0.3547,711,2.85232,280,1.05841,85,-0.8163,177,0.34022,67,-1.1821,21,-2.8509,57,-1.4056,50,-1.9123
ENSG00000198952,SMG5,2,-3.8391,35,0.30881,31,0.13314,3,-3.0446,33,0.25693,49,0.84868,32,0.18216,37,0.38848,29,0.03711
ENSG00000198715,GLMP,2,-3.3819,24,0.21720,31,0.62266,7,-1.6407,22,0.07401,31,0.61334,16,-0.3534,38,0.97752,19,-0.1351
ENSG00000163468,CCT3,21,-2.5799,132,0.13826,150,0.34225,114,-0.0812,84,-0.5858,146,0.30807,165,0.50231,97,-0.3305,143,0.36718
ENSG00000125462,C1orf61,1294,0.76653,665,-0.2885,1891,1.41079,427,-0.9613,1099,0.55630,471,-0.8160,352,-1.2499,622,-0.3921,625,-0.4943
ENSG00000116604,MEF2D,5,-3.9873,22,-1.9534,18,-2.2648,83,0.01717,72,-0.2227,135,0.79003,106,0.39280,80,-0.0390,119,0.84831
ENSG00000163382,NAXE,176,0.60283,100,-0.2808,123,0.03796,105,-0.2042,86,-0.5591,104,-0.2310,140,0.23587,166,0.51301,119,-0.0154
ENSG00000160818,GPATCH4,2,-3.5478,11,-1.1147,7,-1.7055,0,-5.0967,40,0.96979,27,0.20363,21,-0.1671,40,0.83710,29,0.46183
ENSG00000132702,HAPLN2,94,-0.0056,440,2.74189,150,0.73633,56,-0.7961,51,-0.9827,14,-2.7944,43,-1.1761,50,-0.9489,69,-0.6171
ENSG00000132692,BCAN,2,-6.0469,177,0.37899,444,1.96161,52,-1.4804,218,0.80548,107,-0.4040,83,-0.7824,100,-0.5049,101,-0.6155
ENSG00000132688,NES,2,-2.1035,30,2.08586,15,0.94992,11,0.43132,14,0.92444,8,-0.0519,0,-6.9444,0,-3.5315,4,-1.4348
ENSG00000143314,MRPL24,4,-3.9278,90,0.59874,40,-0.6519,69,0.18949,49,-0.3870,65,0.09452,77,0.35854,76,0.32602,70,0.27981
ENSG00000143321,HDGF,47,-0.1537,102,1.07560,60,0.22954,70,0.45797,53,0.02783,43,-0.2870,24,-1.1951,71,0.49420,39,-0.5837
ENSG00000143294,PRCC,142,1.62568,36,-0.6130,52,-0.0281,41,-0.3852,39,-0.4962,65,0.31204,57,0.10661,25,-1.1132,49,-0.1863
ENSG00000132694,ARHGEF11,2,-3.3209,3,-2.7964,24,0.26784,47,1.40307,12,-0.7533,39,1.08328,18,-0.1856,10,-1.0437,23,0.29930
ENSG00000163565,IFI16,33,1.57735,27,1.20253,42,1.98296,17,0.48244,17,0.51417,2,-2.6297,1,-3.7573,2,-2.2225,1,-3.2459
ENSG00000162706,CADM3,98,-0.3872,17,-2.9295,32,-2.0682,150,0.27202,87,-0.6073,109,-0.2273,214,0.85004,103,-0.3132,185,0.89118
ENSG00000158716,DUSP23,38,0.93284,23,0.12900,7,-1.6788,8,-1.3861,17,-0.3174,25,0.27246,38,0.92008,13,-0.7498,22,0.08751
ENSG00000158710,TAGLN2,89,2.08553,30,0.21839,91,2.12349,30,0.20414,31,0.28518,1,-3.8600,1,-3.9339,8,-1.6734,6,-2.3854
ENSG00000177807,KCNJ10,2,-4.6977,212,2.09476,198,1.96189,1,-5.6873,100,0.86518,34,-0.8913,17,-1.9482,33,-0.9520,26,-1.5301
ENSG00000143315,PIGM,2,-2.7482,36,1.61350,10,-0.3643,24,0.91919,13,-0.0751,13,-0.0669,11,-0.3282,7,-0.9043,11,-0.3249
ENSG00000162728,KCNJ9,2,-4.7503,20,-1.4562,19,-1.5775,5,-3.3589,37,-0.6261,87,0.75453,72,0.43903,86,0.73540,85,1.05577
ENSG00000162729,IGSF8,79,-0.6911,187,0.64698,122,-0.0242,89,-0.5139,64,-1.0674,188,0.65264,102,-0.3119,120,-0.0511,150,0.41200
ENSG00000018625,ATP1A2,274,-0.3946,178,-1.0455,1395,2.38441,192,-0.9348,603,0.96911,170,-1.1158,76,-2.3044,218,-0.7413,222,-0.8938
ENSG00000162734,PEA15,460,-0.2416,658,0.31868,677,0.36604,426,-0.3601,505,-0.1041,477,-0.1858,527,-0.0296,392,-0.4858,589,0.19673
ENSG00000132716,DCAF8,111,0.88513,64,0.00864,83,0.40722,56,-0.2121,36,-0.9426,82,0.38641,55,-0.2320,40,-0.7037,67,0.10273
ENSG00000162735,PEX19,43,-0.5793,63,-0.0050,58,-0.1370,71,0.18852,52,-0.3035,60,-0.0838,52,-0.2875,73,0.23741,73,0.33145
ENSG00000122218,COPA,73,-0.3808,128,0.50404,72,-0.3888,26,-1.8952,78,-0.2939,103,0.14752,138,0.62062,97,0.05642,105,0.24780
ENSG00000162736,NCSTN,2,-3.8888,88,1.80734,49,0.77968,0,-5.1255,26,-0.2263,25,-0.2408,38,0.36954,22,-0.4744,28,-0.1436
ENSG00000215845,TSTD1,2,-5.0289,10,-2.7696,25,-1.4222,111,0.84192,71,0.12046,130,1.10121,81,0.33287,56,-0.2459,74,0.26365
ENSG00000162755,KLHDC9,2,-3.1104,9,-0.9950,27,0.69705,10,-0.8347,17,-0.0248,21,0.27735,12,-0.4825,14,-0.3568,24,0.73926
ENSG00000143256,PFDN2,64,-1.2066,228,0.76604,109,-0.3970,151,0.10505,122,-0.2482,62,-1.2372,174,0.33138,174,0.33053,157,0.22969
ENSG00000158793,NIT1,2,-4.2058,24,-0.6351,56,0.65986,54,0.60898,23,-0.7358,47,0.38729,51,0.50156,26,-0.5306,43,0.33161
ENSG00000158796,DEDD,3,-2.3257,17,0.18422,21,0.52671,6,-1.3543,19,0.41741,22,0.63533,25,0.82992,4,-1.7328,14,-0.0874
ENSG00000143222,UFC1,46,-1.3051,109,0.01243,91,-0.2663,51,-1.1549,132,0.33707,109,0.01158,117,0.11845,112,0.05377,128,0.35316
ENSG00000143258,USP21,2,-2.3543,9,-0.1800,4,-1.4523,11,0.15877,8,-0.4171,14,0.54525,9,-0.0814,3,-1.5873,16,1.01121
ENSG00000143224,PPOX,2,-3.3059,17,-0.2406,26,0.44091,34,0.87491,16,-0.2951,26,0.45871,14,-0.5599,7,-1.5117,24,0.45053
ENSG00000158850,B4GALT3,80,1.61324,14,-1.1453,4,-2.8317,1,-4.2032,17,-0.8970,48,0.74563,34,0.19103,48,0.75717,31,0.09962
ENSG00000158859,ADAMTS4,2,-3.4116,162,4.02876,34,0.75224,1,-4.0672,10,-1.1123,56,1.57783,0,-5.7650,1,-4.2293,0,-6.4233
ENSG00000158864,NDUFS2,14,-3.7420,99,-0.9130,111,-0.7388,252,0.53985,134,-0.4866,245,0.49384,231,0.39866,328,0.97249,196,0.18984
ENSG00000158869,FCER1G,2,-2.9815,37,1.37628,48,1.86700,0,-4.5335,27,0.99689,3,-2.2549,5,-1.7635,6,-1.3333,12,-0.5278
ENSG00000158882,TOMM40L,2,-3.7124,8,-1.7170,2,-3.7552,69,1.58934,18,-0.5756,18,-0.5351,38,0.58492,19,-0.4761,37,0.77270
ENSG00000248485,PCP4L1,2,-3.8430,1,-4.0059,12,-1.3418,110,2.29524,23,-0.3800,0,-6.1635,4,-2.8349,89,1.89615,27,-0.0876
ENSG00000143252,SDHC,2,-5.7363,104,-0.0477,98,-0.1433,175,0.77922,114,0.09486,91,-0.2552,101,-0.1010,155,0.57710,111,0.06931
ENSG00000203747,FCGR3A,2,-2.0369,31,2.23428,29,2.12970,0,-3.5979,15,1.09142,6,-0.4626,0,-7.8038,0,-4.6324,2,-2.2698
ENSG00000081721,DUSP12,2,-3.1941,13,-0.4586,6,-1.4990,50,1.66385,14,-0.4115,14,-0.3504,13,-0.5039,30,0.77786,20,0.17519
ENSG00000118217,ATF6,48,0.79986,40,0.50117,27,-0.1002,19,-0.6749,17,-0.8964,35,0.26941,28,-0.0733,28,-0.0644,30,0.07321
ENSG00000198929,NOS1AP,36,0.17115,1,-4.5132,12,-1.4954,43,0.46936,30,-0.1131,152,2.75617,31,-0.0720,11,-1.6334,18,-1.0700
ENSG00000152332,UHMK1,2,-5.9501,64,-1.0334,33,-1.9817,170,0.47708,116,-0.1370,223,0.92180,172,0.50108,112,-0.1774,156,0.47940
ENSG00000117143,UAP1,2,-3.8225,6,-2.3092,34,0.27228,56,1.10372,12,-1.2950,58,1.14542,56,1.10556,21,-0.4727,28,-0.0459
ENSG00000162733,DDR2,3,-1.5017,19,1.43345,30,2.20353,0,-3.5803,15,1.08754,6,-0.3764,1,-2.2718,0,-4.8157,3,-1.3962
ENSG00000117152,RGS4,84,-2.1923,13,-4.8963,50,-2.9459,471,0.41497,237,-0.7007,441,0.30802,601,0.80989,333,-0.1298,561,1.03271
ENSG00000143248,RGS5,3,-4.2311,27,-1.3763,99,0.59721,200,1.81207,105,0.78531,9,-2.8785,11,-2.6690,51,-0.4291,67,-0.0173
ENSG00000185630,PBX1,123,0.68697,56,-0.5491,87,0.12314,58,-0.4944,85,0.09544,214,1.62447,28,-1.5785,64,-0.3446,61,-0.5492
ENSG00000143198,MGST3,95,-2.3871,346,-0.4571,329,-0.5378,377,-0.3270,432,-0.1261,265,-0.8651,720,0.69420,528,0.19676,633,0.69218
ENSG00000143149,ALDH9A1,37,-0.5488,84,0.71870,143,1.62756,5,-3.3493,74,0.55991,28,-0.9814,38,-0.5048,41,-0.3923,43,-0.4492
ENSG00000143183,TMCO1,112,0.92451,87,0.51855,113,0.94067,16,-1.9904,53,-0.2869,59,-0.1018,52,-0.2876,51,-0.3085,55,-0.2676
ENSG00000143179,UCK2,14,-0.4396,17,-0.1375,5,-1.7665,0,-4.6584,11,-0.7828,14,-0.4243,11,-0.6895,32,0.90688,30,1.20564
ENSG00000188859,FAM78B,2,-2.2965,3,-1.4608,1,-3.2066,0,-3.8545,8,-0.3659,2,-1.9452,9,-0.0530,9,-0.0761,21,2.04297
ENSG00000143157,POGK,2,-4.0320,81,1.47193,28,-0.2293,22,-0.6348,24,-0.5021,43,0.44175,21,-0.6614,33,0.00716,37,0.25840
ENSG00000152382,TADA1,76,1.84350,20,-0.3670,3,-2.9133,12,-1.0833,17,-0.6069,43,0.83581,25,0.00817,9,-1.5049,26,0.07137
ENSG00000143195,ILDR2,6,-1.9769,4,-2.6560,10,-1.2336,0,-5.0672,25,0.11957,51,1.26628,15,-0.6800,31,0.45442,34,0.85512
ENSG00000143190,POU2F1,70,1.93358,14,-0.6820,21,-0.1062,30,0.50196,26,0.26364,34,0.69362,6,-1.9661,19,-0.1915,10,-1.3909
ENSG00000143162,CREG1,2,-4.6956,68,0.42254,58,0.15459,20,-1.4179,58,0.16961,70,0.45482,76,0.59807,61,0.24735,52,-0.0055
ENSG00000197965,MPZL1,39,0.64267,17,-0.6734,59,1.32962,25,-0.0696,24,-0.1234,20,-0.4058,18,-0.5229,22,-0.2211,22,-0.3038
ENSG00000143158,MPC2,114,-0.5545,108,-0.6359,74,-1.1904,159,-0.0391,140,-0.2562,156,-0.0648,209,0.39053,171,0.07862,212,0.58430
ENSG00000143164,DCAF6,42,-0.8455,17,-2.1975,45,-0.7705,65,-0.2085,42,-0.9039,90,0.31720,114,0.69228,68,-0.1316,109,0.89216
ENSG00000143155,TIPRL,2,-4.9428,29,-1.1387,24,-1.4009,136,1.28553,42,-0.6401,79,0.38157,86,0.52255,80,0.41089,71,0.29162
ENSG00000213064,SFT2D2,2,-2.8908,42,1.73911,33,1.27627,0,-4.4434,13,-0.1428,21,0.53800,4,-1.8005,5,-1.5834,14,-0.0543
ENSG00000143153,ATP1B1,635,-0.8364,715,-0.6568,409,-1.4929,1745,0.74516,596,-0.9914,678,-0.7365,1329,0.30523,1163,0.09433,1593,0.86537
ENSG00000143156,NME7,2,-3.2824,17,-0.1679,14,-0.4975,7,-1.4866,13,-0.6006,16,-0.2861,29,0.63322,17,-0.2079,31,1.08365
ENSG00000117475,BLZF1,2,-2.9022,14,-0.0520,28,1.00407,0,-4.4548,15,0.00443,6,-1.3373,17,0.21208,7,-1.0979,22,0.91483
ENSG00000117477,CCDC181,2,-2.8279,9,-0.7330,24,0.84765,6,-1.1808,13,-0.0950,12,-0.2251,20,0.57606,22,0.69605,15,0.16994
ENSG00000075945,KIFAP3,180,-0.3672,73,-1.7185,82,-1.5426,216,-0.0835,106,-1.2326,356,0.70870,430,1.02268,311,0.48903,276,0.41886
ENSG00000117523,PRRC2C,63,-0.3860,80,-0.0102,31,-1.4490,86,0.09469,90,0.18128,166,1.16018,54,-0.6309,57,-0.5512,84,0.07914
ENSG00000117533,VAMP4,128,1.87331,26,-0.7232,25,-0.7740,2,-3.9493,30,-0.5411,27,-0.6358,42,0.00193,39,-0.0998,48,0.30894
ENSG00000010165,EEF1AKNMT,2,-3.2607,18,-0.0979,8,-1.2035,56,1.77343,11,-0.8496,27,0.51660,19,-0.0333,18,-0.0574,20,0.04843
ENSG00000197959,DNM3,91,-0.8274,93,-0.7980,50,-1.7137,376,1.43014,64,-1.4413,75,-1.1194,221,0.53708,268,0.85134,186,0.35855
ENSG00000135845,PIGC,16,0.13641,26,0.94671,11,-0.3875,0,-4.4071,10,-0.6527,25,0.86015,18,0.38822,14,-0.0044,14,-0.0264
ENSG00000094975,SUCO,2,-3.2750,27,0.53502,31,0.77141,24,0.34629,19,-0.0506,23,0.27579,24,0.34949,17,-0.1924,16,-0.3505
ENSG00000117592,PRDX6,220,0.25169,283,0.65841,585,1.92116,42,-2.2188,213,0.22287,151,-0.3347,103,-0.9090,157,-0.2693,116,-0.9049
ENSG00000234741,GAS5,102,0.19626,185,1.16024,118,0.42370,39,-1.2581,95,0.08085,72,-0.3533,68,-0.4332,79,-0.2137,80,-0.2362
ENSG00000135870,RC3H1,36,1.70953,18,0.52509,2,-2.5685,0,-4.0650,14,0.13968,11,-0.2576,16,0.34842,16,0.37407,10,-0.5368
ENSG00000152061,RABGAP1L,2,-5.0606,35,-0.9951,70,0.05488,21,-1.7589,54,-0.3695,141,1.20052,116,0.86790,101,0.64738,70,0.09643
ENSG00000116161,CACYBP,220,-0.1589,147,-0.7746,220,-0.1562,270,0.16314,152,-0.7728,323,0.44818,277,0.20286,304,0.35097,275,0.25977
ENSG00000120333,MRPS14,2,-4.0640,44,0.41336,57,0.83389,42,0.34312,33,-0.0366,18,-0.9052,35,0.05243,38,0.17662,34,0.02521
ENSG00000116147,TNR,79,-0.0022,80,0.01687,114,0.58116,1,-5.5932,92,0.26106,96,0.31007,87,0.15185,64,-0.3103,80,0.03310
ENSG00000143207,COP1,47,0.49843,18,-0.9784,25,-0.4749,49,0.57123,23,-0.6235,45,0.43845,32,-0.1078,45,0.43577,34,-0.0030
ENSG00000152092,ASTN1,127,0.46305,15,-2.6865,90,-0.0861,147,0.70054,56,-0.8445,124,0.42038,87,-0.1384,100,0.08076,107,0.26714
ENSG00000198797,BRINP2,2,-4.5934,9,-2.5343,31,-0.6947,19,-1.4251,42,-0.2251,134,1.68018,59,0.29840,90,0.98177,51,0.10669
ENSG00000075391,RASAL2,2,-4.1470,5,-2.7718,11,-1.6907,10,-1.9135,23,-0.6738,42,0.25217,44,0.35088,41,0.22570,65,1.51200
ENSG00000116199,FAM20B,56,-0.1209,27,-1.2390,27,-1.2390,18,-1.8339,57,-0.1137,76,0.33775,50,-0.3060,92,0.65892,83,0.69960
ENSG00000186283,TOR3A,2,-3.0056,10,-0.6273,6,-1.3790,16,-0.0348,15,-0.1147,30,1.02101,12,-0.3703,14,-0.1907,22,0.67605
ENSG00000143322,ABL2,2,-3.5324,19,-0.3181,24,0.06407,21,-0.1747,20,-0.2378,41,0.92528,24,0.03987,26,0.19830,26,0.24446
ENSG00000169905,TOR1AIP2,2,-4.2504,41,0.10868,31,-0.3164,79,1.17132,43,0.20919,37,-0.0587,40,0.07512,34,-0.1984,37,-0.0781
ENSG00000143337,TOR1AIP1,2,-4.1964,58,0.73161,72,1.07212,71,1.06334,33,-0.1880,40,0.14758,21,-0.8738,39,0.10702,27,-0.5854
ENSG00000135837,CEP350,18,-0.7563,55,1.00311,33,0.17934,54,0.98428,28,-0.0466,33,0.17568,20,-0.6053,28,-0.0692,21,-0.6485
ENSG00000116260,QSOX1,3,-3.5103,27,-0.4883,19,-1.0453,88,1.40272,24,-0.7118,57,0.67047,46,0.33151,17,-1.1687,45,0.39985
ENSG00000230124,ACBD6,2,-3.6680,29,0.17630,19,-0.4189,0,-5.2113,20,-0.3713,32,0.37656,48,1.01095,23,-0.1776,34,0.66410
ENSG00000143324,XPR1,5,-2.1020,9,-1.2312,26,0.35423,24,0.19509,19,-0.1309,21,0.01798,19,-0.1944,17,-0.3498,28,0.66779
ENSG00000135823,STX6,69,1.00468,56,0.65191,35,-0.0948,4,-3.2832,29,-0.3840,39,0.10672,54,0.61724,21,-0.8099,35,-0.0748
ENSG00000162783,IER5,3,-2.9999,12,-0.9406,22,-0.0951,5,-2.2878,12,-1.0581,25,0.10561,54,1.34108,10,-1.2502,38,1.10170
ENSG00000198216,CACNA1E,2,-4.7892,2,-4.4035,8,-2.8276,96,0.86391,50,-0.1986,79,0.55206,76,0.48266,31,-0.8938,83,0.92068
ENSG00000135821,GLUL,609,-0.4990,1149,0.49522,1995,1.42138,637,-0.4285,1297,0.77521,440,-0.9911,241,-1.8814,700,-0.2834,641,-0.5355
ENSG00000135829,DHX9,2,-5.0135,80,0.32546,73,0.18245,93,0.55984,55,-0.2914,92,0.55176,49,-0.4328,58,-0.1719,72,0.22491
ENSG00000157064,NMNAT2,65,-0.4616,5,-4.1503,33,-1.4989,74,-0.2684,69,-0.4188,102,0.22261,143,0.77255,67,-0.4279,130,0.90160
ENSG00000116698,SMG7,2,-3.7840,33,-0.1401,39,0.13813,58,0.75345,25,-0.5982,52,0.57907,32,-0.1557,25,-0.5512,44,0.43392
ENSG00000162704,ARPC5,82,-0.6280,196,0.74025,118,-0.0648,155,0.36056,79,-0.7329,150,0.31059,144,0.25237,65,-0.9720,133,0.16688
ENSG00000143344,RGL1,72,0.02320,72,0.03281,51,-0.5191,36,-1.0206,47,-0.6857,57,-0.3231,70,-0.0128,75,0.08286,99,0.74896
ENSG00000198756,COLGALT2,23,-0.4087,60,1.11908,3,-3.4247,0,-5.4501,18,-0.8452,4,-2.7026,60,1.12887,21,-0.5363,45,0.96784
ENSG00000198860,TSEN15,57,0.29186,76,0.77199,59,0.35428,57,0.31111,30,-0.7057,19,-1.3301,53,0.18188,45,-0.0725,46,-0.0476
ENSG00000116667,C1orf21,87,0.35074,32,-1.1489,50,-0.5042,21,-1.7620,79,0.22487,76,0.14121,62,-0.1694,61,-0.2038,88,0.53899
ENSG00000116406,EDEM3,2,-3.5146,29,0.22535,22,-0.1953,3,-2.7654,21,-0.2905,54,1.26363,36,0.59891,23,-0.1377,28,0.24770
ENSG00000121481,RNF2,2,-3.3309,5,-2.0919,15,-0.4473,6,-1.6705,18,-0.1676,45,1.29122,24,0.26773,50,1.47877,20,-0.0446
ENSG00000121486,TRMT1L,2,-3.2046,24,0.42625,17,-0.1015,33,0.92031,13,-0.5062,38,1.16339,18,0.00016,8,-1.2634,18,-0.0470
ENSG00000116679,IVNS1ABP,95,0.79210,106,0.97331,79,0.49746,68,0.27025,37,-0.7342,65,0.18388,30,-0.9934,84,0.60590,37,-0.8393
ENSG00000047410,TPR,76,0.77250,68,0.60445,88,1.01601,18,-1.4019,51,0.16506,35,-0.4569,36,-0.4003,43,-0.1421,35,-0.5573
ENSG00000157181,ODR4,2,-3.0578,28,0.83773,26,0.70896,41,1.47458,18,0.09819,1,-3.3426,6,-1.3582,18,0.09842,14,-0.2790
ENSG00000162670,BRINP3,2,-3.7683,6,-2.2410,45,0.78246,1,-4.5006,24,-0.2171,231,4.42842,3,-2.9117,6,-2.2651,3,-3.3352
ENSG00000116741,RGS2,2,-4.1526,10,-1.8486,20,-0.8907,18,-1.0048,26,-0.4982,35,-0.0152,75,1.20378,81,1.32795,42,0.37460
ENSG00000116750,UCHL5,64,0.20240,34,-0.7450,18,-1.6710,49,-0.1923,41,-0.5012,72,0.40067,88,0.71306,67,0.28137,63,0.25506
ENSG00000116747,RO60,2,-3.2698,78,2.40450,62,1.96067,0,-4.8198,24,0.41576,4,-2.0694,6,-1.7678,11,-0.7858,9,-1.3014
ENSG00000023572,GLRX2,2,-4.8741,26,-1.2350,38,-0.6755,78,0.43891,49,-0.3028,88,0.63073,97,0.79183,132,1.31321,52,-0.2539
ENSG00000134371,CDC73,56,1.10452,34,0.29702,58,1.15519,18,-0.6328,18,-0.7046,48,0.83424,13,-1.1065,13,-1.1400,22,-0.4599
ENSG00000162630,B3GALT2,24,-1.8614,16,-2.4293,77,-0.0971,58,-0.5285,61,-0.4815,464,3.19775,68,-0.2810,109,0.44900,32,-1.6961
ENSG00000177888,ZBTB41,2,-3.6270,28,0.17303,20,-0.3472,38,0.66067,20,-0.3203,37,0.61762,39,0.72011,11,-1.2142,27,0.17223
ENSG00000203724,C1orf53,2,-2.8586,8,-0.7848,7,-0.9844,21,0.60513,13,-0.1056,12,-0.2937,12,-0.2170,9,-0.6197,22,0.95626
ENSG00000151414,NEK7,2,-3.8968,95,1.94018,49,0.78466,11,-1.5013,31,0.07278,17,-0.8057,17,-0.8746,58,1.07080,19,-0.8343
ENSG00000162702,ZNF281,2,-3.6966,52,1.12903,10,-1.4600,56,1.25322,19,-0.5360,26,0.00954,28,0.11536,30,0.22793,24,-0.1655
ENSG00000118200,CAMSAP2,151,0.27287,59,-1.1491,85,-0.6075,154,0.30369,91,-0.5500,183,0.57988,110,-0.2164,134,0.08736,148,0.32542
ENSG00000116852,KIF21B,2,-4.6263,15,-1.7877,8,-2.6271,50,0.00151,48,-0.0715,53,0.11125,73,0.61193,63,0.37668,72,0.83416
ENSG00000116857,TMEM9,86,-1.0363,78,-1.1846,118,-0.5572,491,1.77168,103,-0.8222,195,0.21254,168,-0.0221,171,0.00706,175,0.05634
ENSG00000174307,PHLDA3,108,0.77452,170,1.54345,95,0.55506,70,0.08858,48,-0.5274,37,-0.8947,49,-0.4796,64,-0.0717,44,-0.7893
ENSG00000159176,CSRP1,15,-4.3448,1361,2.77577,890,1.90356,83,-1.8785,299,0.06428,175,-0.7603,63,-2.2730,193,-0.6169,91,-2.0384
ENSG00000134369,NAV1,42,0.09259,62,0.72236,53,0.47809,51,0.39472,38,-0.0476,51,0.40536,10,-1.9701,35,-0.1715,33,-0.3687
ENSG00000198700,IPO9,2,-4.3306,37,-0.3317,11,-2.0438,85,0.99840,39,-0.2534,56,0.32418,43,-0.0782,42,-0.1426,60,0.59143
ENSG00000198892,SHISA4,232,0.53918,263,0.74117,203,0.32696,111,-0.6029,135,-0.3388,151,-0.1342,130,-0.3734,145,-0.1972,160,-0.0620
ENSG00000134375,TIMM17A,136,0.00877,36,-1.9875,36,-1.9646,174,0.39987,92,-0.6257,173,0.38482,260,1.05406,153,0.19814,151,0.23730
ENSG00000176393,RNPEP,2,-2.8038,16,0.22077,23,0.77856,9,-0.6296,12,-0.2323,17,0.34040,8,-0.8731,6,-1.1359,19,0.66859
ENSG00000170075,GPR37L1,2,-5.7229,128,0.29406,529,2.88188,54,-1.0392,156,0.67592,46,-1.2746,23,-2.2998,82,-0.4105,52,-1.3078
ENSG00000143862,ARL8A,2,-5.8439,251,1.12325,151,0.28861,74,-0.8067,94,-0.4781,194,0.69206,147,0.24650,144,0.21432,120,-0.0882
ENSG00000077152,UBE2T,2,-3.5736,2,-3.1787,1,-3.8096,8,-1.5190,18,-0.4150,37,0.70133,27,0.20517,31,0.39238,41,1.30964
ENSG00000077157,PPP1R12B,11,-1.5716,47,0.60708,45,0.50865,24,-0.4322,38,0.27871,43,0.45719,26,-0.3199,51,0.73207,24,-0.5863
ENSG00000117139,KDM5B,2,-3.0063,17,0.07482,7,-1.2052,7,-1.2739,16,-0.0419,17,0.07772,20,0.37517,13,-0.3500,24,0.88632
ENSG00000183155,RABIF,43,0.45900,27,-0.2696,16,-1.0620,25,-0.4080,27,-0.2849,27,-0.2572,38,0.26727,11,-1.6237,44,0.71954
ENSG00000117153,KLHL12,63,0.68120,16,-1.4406,14,-1.6222,26,-0.7216,25,-0.8184,49,0.26888,59,0.57082,54,0.43453,51,0.47467
ENSG00000159346,ADIPOR1,2,-5.3404,100,0.32233,57,-0.5450,107,0.42986,59,-0.5336,97,0.27492,72,-0.1935,127,0.70126,95,0.32858
ENSG00000159348,CYB5R1,12,-2.0694,35,-0.4883,58,0.30968,31,-0.6837,39,-0.3502,44,-0.1178,74,0.68090,53,0.16641,60,0.47590
ENSG00000163444,TMEM183A,2,-4.9789,38,-0.7952,27,-1.2976,60,-0.0802,70,0.15564,95,0.64666,82,0.40501,64,0.00580,80,0.49591
ENSG00000143847,PPFIA4,2,-3.3764,1,-3.9601,0,-8.2218,31,0.61856,19,-0.1687,15,-0.4664,35,0.81617,16,-0.4046,33,1.11055
ENSG00000163485,ADORA1,4,-3.5695,87,0.84622,45,-0.2025,2,-4.5586,50,-0.0319,85,0.81282,63,0.32260,88,0.85776,48,-0.1399
ENSG00000133048,CHI3L1,14,-0.1181,20,0.41797,26,0.87820,2,-3.0054,32,1.36492,13,-0.2020,10,-0.5605,11,-0.4486,9,-0.9417
ENSG00000159388,BTG2,2,-1.9206,29,2.32239,10,0.44484,4,-0.7861,14,1.18477,3,-1.3827,1,-2.3528,0,-3.3534,4,-0.9337
ENSG00000188783,PRELP,2,-2.8135,6,-1.1040,79,3.13554,0,-4.3667,28,1.30172,11,-0.3485,2,-2.9345,1,-3.6670,6,-1.4978
ENSG00000058668,ATP2B4,154,-0.2026,30,-2.6157,95,-0.9354,126,-0.5074,126,-0.5413,447,1.54444,169,-0.0580,133,-0.4312,218,0.48207
ENSG00000182004,SNRPE,2,-5.4470,102,0.14845,110,0.27507,46,-1.0497,85,-0.1490,82,-0.1863,114,0.33251,148,0.75258,107,0.31501
ENSG00000143850,PLEKHA6,2,-4.2938,13,-1.6727,10,-1.9812,44,0.17829,35,-0.1731,83,1.20398,55,0.52872,37,-0.0837,49,0.48391
ENSG00000158615,PPP1R15B,2,-3.3141,27,0.48111,25,0.33602,0,-4.6862,21,0.06654,26,0.39780,23,0.24615,15,-0.4503,25,0.48066
ENSG00000133056,PIK3C2B,2,-2.9809,48,1.80355,35,1.23432,18,0.15800,14,-0.2438,9,-0.8791,13,-0.2865,5,-1.6007,13,-0.4298
ENSG00000198625,MDM4,32,0.64767,35,0.77477,45,1.21720,31,0.58501,24,0.23259,19,-0.1637,7,-1.5627,9,-1.2413,12,-1.0218
ENSG00000170382,LRRN2,2,-4.7544,8,-2.8700,12,-2.1662,135,1.49715,36,-0.6672,110,1.14688,48,-0.2024,55,0.02538,66,0.41916
ENSG00000163531,NFASC,2,-5.5628,233,1.47148,159,0.82039,95,-0.0021,84,-0.2126,85,-0.1770,70,-0.4798,109,0.21194,79,-0.3635
ENSG00000184144,CNTN2,98,-0.0652,573,3.17904,141,0.51238,95,-0.1129,67,-0.6872,50,-1.0847,29,-1.8574,67,-0.6402,35,-1.9089
ENSG00000117222,RBBP5,2,-3.0337,15,-0.1652,21,0.42696,5,-1.7468,14,-0.2002,18,0.15178,27,0.80086,9,-0.8913,22,0.61283
ENSG00000133059,DSTYK,9,-2.1483,41,0.09675,27,-0.5242,28,-0.4583,35,-0.1597,54,0.53223,45,0.24589,60,0.71129,41,0.14987
ENSG00000133069,TMCC2,2,-4.3228,79,1.07983,59,0.61469,10,-2.0148,50,0.39129,51,0.36400,15,-1.4242,34,-0.2537,43,0.13428
ENSG00000117266,CDK18,2,-4.0218,213,2.90191,83,1.09550,1,-4.8502,23,-0.9468,15,-1.5093,29,-0.5806,65,0.68822,23,-1.1047
ENSG00000174514,MFSD4A,61,-0.9196,11,-3.3590,12,-3.2897,55,-1.0889,48,-1.3759,182,0.77468,178,0.73370,117,0.06410,187,1.23634
ENSG00000158711,ELK4,2,-2.5096,19,0.85232,24,1.20082,7,-0.6889,16,0.56616,6,-0.9367,12,0.04596,8,-0.5509,9,-0.3538
ENSG00000158715,SLC45A3,2,-1.7467,51,3.98740,20,1.80731,0,-3.3121,4,-0.6908,4,-0.7282,0,-4.2935,0,-4.5401,0,-4.8255
ENSG00000069275,NUCKS1,151,-1.2719,630,0.94621,628,0.94088,283,-0.3261,327,-0.1118,416,0.27374,236,-0.6022,238,-0.5902,327,-0.1357
ENSG00000117280,RAB29,34,0.89773,35,0.97376,51,1.61329,14,-0.4617,24,0.36482,7,-1.4102,12,-0.6787,3,-2.6624,11,-0.9967
ENSG00000133065,SLC41A1,2,-3.2332,18,-0.0168,70,2.25187,0,-4.7518,16,-0.2892,11,-0.8246,40,1.23382,7,-1.3679,16,-0.3519
ENSG00000266028,SRGAP2,2,-4.4295,43,0.00728,43,-0.0214,55,0.38256,40,-0.1114,74,0.84817,41,-0.0969,49,0.20338,44,0.02003
ENSG00000266094,RASSF5,2,-3.3148,2,-3.2429,11,-0.8414,34,0.86433,16,-0.3777,55,1.69103,29,0.60800,11,-0.8473,20,0.04959
ENSG00000162889,MAPKAPK2,2,-3.5968,49,1.14186,53,1.27158,54,1.30217,17,-0.5856,24,-0.0391,14,-0.7926,7,-1.7538,19,-0.4399
ENSG00000123836,PFKFB2,2,-3.6555,44,0.89047,87,2.09249,0,-5.2025,24,-0.1102,20,-0.3235,20,-0.3393,15,-0.7991,23,-0.1850
ENSG00000180667,YOD1,2,-2.5298,11,-0.0307,27,1.40095,0,-4.0854,6,-1.0248,9,-0.3026,21,0.98723,12,0.04808,13,0.33157
ENSG00000196352,CD55,2,-3.7123,54,1.15147,26,-0.0089,38,0.59594,19,-0.5218,59,1.31451,17,-0.6606,41,0.69318,17,-0.8642
ENSG00000117335,CD46,78,0.68226,50,-0.0089,66,0.41636,36,-0.5160,26,-1.0488,44,-0.2102,62,0.31722,34,-0.6045,59,0.31739
ENSG00000076356,PLXNA2,2,-4.3713,1,-4.6403,27,-0.6473,13,-1.7504,30,-0.5327,96,1.35843,79,1.03836,53,0.38353,52,0.50074
ENSG00000008118,CAMK1G,232,2.33992,0,-11.491,2,-4.8923,44,-0.4708,21,-1.6396,6,-3.2500,78,0.41527,89,0.62158,71,0.37893
ENSG00000117597,UTP25,2,-2.5522,15,0.02135,4,-1.8577,26,0.90462,18,0.27947,24,0.73256,12,-0.2810,7,-1.0618,17,0.24889
ENSG00000143469,SYT14,2,-2.3219,7,-0.4617,6,-0.8131,5,-0.9461,10,0.04526,18,0.96694,5,-0.9517,9,-0.1120,14,0.75668
ENSG00000143473,KCNH1,2,-2.6772,1,-3.3710,0,-7.5295,0,-4.2315,4,-1.6553,1,-2.8899,33,1.53873,4,-1.5316,29,2.29506
ENSG00000117625,RCOR3,3,-3.3009,44,0.32127,38,0.08510,100,1.71417,20,-0.8989,36,0.02086,24,-0.5827,32,-0.1789,36,0.03784
ENSG00000170385,SLC30A1,46,1.13703,24,0.10996,28,0.35602,0,-5.0429,21,-0.0827,16,-0.5087,20,-0.1985,9,-1.3565,27,0.35625
ENSG00000123684,LPGAT1,125,1.03470,64,-0.0290,62,-0.0844,76,0.22360,45,-0.6234,82,0.34086,64,-0.0406,56,-0.2426,59,-0.2260
ENSG00000066027,PPP2R5A,20,-0.7046,59,0.96675,44,0.47423,37,0.21963,32,-0.0168,21,-0.6486,24,-0.4294,23,-0.5013,32,-0.0359
ENSG00000065600,PACC1,2,-3.7498,151,3.15033,49,0.93824,25,-0.1262,13,-1.1201,6,-2.1209,14,-1.0168,12,-1.1608,16,-0.9361
ENSG00000117691,NENF,376,0.43726,829,1.78617,381,0.45593,254,-0.1781,259,-0.1643,174,-0.7539,153,-0.9484,266,-0.1077,189,-0.7914
ENSG00000117697,NSL1,2,-4.1941,85,1.36000,78,1.22032,78,1.21476,26,-0.5741,32,-0.2002,24,-0.6254,34,-0.1079,23,-0.8746
ENSG00000203705,TATDN3,15,-0.7007,28,0.26950,32,0.49111,21,-0.1949,20,-0.2696,21,-0.1673,28,0.27757,29,0.33393,23,-0.0503
ENSG00000162769,FLVCR1,2,-2.6383,7,-0.9149,5,-1.2830,0,-4.1476,6,-1.1654,11,-0.1387,21,0.80284,20,0.79458,21,1.21671
ENSG00000174606,ANGEL2,13,-0.8589,30,0.37822,21,-0.1809,59,1.50313,20,-0.3037,40,0.82661,9,-1.3437,12,-0.9717,20,-0.2716
ENSG00000136643,RPS6KC1,2,-3.4579,26,0.26105,34,0.66891,3,-2.7895,16,-0.5498,29,0.44230,33,0.62085,19,-0.2256,27,0.46652
ENSG00000143499,SMYD2,155,1.34602,2,-4.7608,14,-2.3757,28,-1.3119,33,-1.1652,13,-2.4215,209,1.89077,53,-0.3676,85,0.50512
ENSG00000082482,KCNK2,2,-2.7374,2,-2.6545,26,1.07972,34,1.52093,9,-0.6002,48,2.15770,12,-0.1189,2,-2.3928,7,-1.1504
ENSG00000136636,KCTD3,2,-3.3205,68,2.06307,14,-0.4794,2,-3.1257,19,-0.0590,18,-0.1673,12,-0.7259,9,-1.1379,24,0.37391
ENSG00000196482,ESRRG,2,-2.4124,2,-2.4864,0,-7.2683,0,-3.9691,9,-0.1516,0,-4.7123,8,-0.4300,6,-0.7253,25,2.49012
ENSG00000092978,GPATCH2,2,-2.4571,12,0.19237,13,0.24780,0,-4.0129,7,-0.6914,20,0.96183,19,0.84093,1,-2.7382,15,0.70352
ENSG00000067533,RRP15,2,-2.9454,20,0.42909,7,-1.1555,0,-4.4976,14,-0.1124,18,0.25024,4,-1.7574,26,0.81808,23,0.95240
ENSG00000143353,LYPLAL1,9,-1.7235,44,0.71374,55,1.10731,42,0.66008,21,-0.4508,19,-0.5402,39,0.54038,22,-0.3300,22,-0.4559
ENSG00000136628,EPRS,70,0.06168,69,0.04176,87,0.40360,78,0.22342,49,-0.5300,52,-0.4108,78,0.23412,106,0.71172,60,-0.2442
ENSG00000162813,BPNT1,2,-2.4067,11,0.09218,0,-7.2609,2,-2.0998,10,-0.0439,13,0.32066,13,0.29250,16,0.67222,15,0.75923
ENSG00000067704,IARS2,2,-4.3462,46,0.19756,52,0.37541,3,-3.4765,46,0.21662,61,0.63576,34,-0.2593,45,0.13692,49,0.37490
ENSG00000118873,RAB3GAP2,105,0.98933,30,-0.9531,65,0.20018,45,-0.3485,42,-0.4945,78,0.49058,51,-0.1614,69,0.29521,53,-0.1446
ENSG00000116141,MARK1,2,-4.5381,9,-2.3829,11,-2.1095,137,1.79238,30,-0.7271,71,0.66613,55,0.24308,44,-0.0972,55,0.33960
ENSG00000162817,C1orf115,108,0.64935,0,-6.4963,16,-2.2077,10,-2.9358,55,-0.4382,118,0.79571,104,0.58883,126,0.89906,85,0.36744
ENSG00000117791,MARC2,2,-2.8461,7,-1.0203,19,0.45114,2,-2.6586,14,-0.0172,37,1.54809,14,8.16889,14,-0.0028,15,0.16016
ENSG00000154305,MIA3,5,-3.0783,25,-0.8577,25,-0.8410,108,1.48930,39,-0.1774,44,0.03554,68,0.69775,30,-0.5475,46,0.09575
ENSG00000186063,AIDA,176,1.75942,54,-0.1963,99,0.76196,62,0.02845,48,-0.3910,52,-0.2434,47,-0.4109,60,-0.0418,37,-0.9352
ENSG00000162819,BROX,25,-0.9163,98,1.24524,68,0.63836,44,-0.0572,37,-0.3484,52,0.20843,37,-0.3220,44,-0.0356,37,-0.3897
ENSG00000143502,SUSD4,39,-0.0419,3,-3.4747,7,-2.5428,41,0.03045,20,-1.1372,79,1.09461,60,0.62311,80,1.10624,43,0.16028
ENSG00000162909,CAPN2,2,-4.1477,85,1.15147,87,1.20326,48,0.23926,56,0.51479,26,-0.7263,12,-1.7973,21,-1.0537,37,-0.2475
ENSG00000143514,TP53BP2,51,0.32994,54,0.43204,106,1.55571,37,-0.1665,67,0.87830,27,-0.6442,15,-1.5373,11,-2.0011,25,-0.9332
ENSG00000143756,FBXO28,2,-4.1747,27,-0.4374,27,-0.4595,89,1.46776,24,-0.6721,40,0.16254,54,0.63798,33,-0.1481,38,0.08591
ENSG00000143753,DEGS1,16,-2.5604,127,0.53001,108,0.26809,164,0.95020,48,-1.0371,115,0.37268,101,0.16637,110,0.30834,86,-0.1152
ENSG00000143771,CNIH4,2,-4.3082,28,-0.5170,63,0.73431,33,-0.3018,24,-0.8379,35,-0.2037,39,-0.0104,74,0.98695,49,0.44978
ENSG00000162923,WDR26,2,-4.5677,33,-0.5823,64,0.41061,48,-0.0319,45,-0.1498,80,0.77671,68,0.50892,43,-0.1945,52,0.14208
ENSG00000143786,CNIH3,2,-3.7611,2,-3.3520,1,-4.7681,14,-0.9594,25,-0.1200,51,1.01187,32,0.25652,42,0.68114,40,0.85744
ENSG00000143815,LBR,2,-2.1724,34,2.27065,20,1.31203,4,-1.2146,8,-0.2155,12,0.41733,5,-0.7055,5,-0.7044,4,-1.2640
ENSG00000154380,ENAH,2,-4.6951,130,1.50281,54,0.05477,76,0.60473,48,-0.1298,57,0.14783,32,-0.7611,49,-0.0870,45,-0.2871
ENSG00000143742,SRP9,65,-1.9738,290,0.27169,294,0.29681,355,0.59873,215,-0.2122,222,-0.1440,269,0.15474,244,0.00103,250,0.05086
ENSG00000143819,EPHX1,2,-4.7454,76,0.54232,184,2.08216,41,-0.4108,81,0.71615,24,-1.2206,30,-0.9083,26,-1.1192,39,-0.6152
ENSG00000196187,TMEM63A,15,-0.7045,185,3.99138,42,0.86793,0,-5.1642,23,-0.1357,5,-2.2520,7,-1.8053,3,-2.7999,4,-2.9963
ENSG00000143811,PYCR2,59,0.15445,88,0.80300,71,0.45739,81,0.66601,43,-0.3385,30,-0.8815,82,0.68536,15,-1.9238,45,-0.3385
ENSG00000143751,SDE2,14,0.21653,30,1.43279,10,-0.2722,22,0.96658,8,-0.7316,9,-0.4738,10,-0.2594,9,-0.4136,9,-0.4599
ENSG00000163041,H3F3A,282,0.01406,745,1.62636,599,1.23898,148,-0.9710,274,-0.0359,184,-0.6458,119,-1.2986,213,-0.4244,200,-0.6545
ENSG00000182827,ACBD3,53,0.66593,36,0.05379,37,0.11361,13,-1.4321,31,-0.1885,27,-0.3727,36,0.05374,56,0.76069,32,-0.1249
ENSG00000143799,PARP1,118,0.20432,201,1.07278,147,0.55205,78,-0.4417,96,-0.1221,98,-0.0855,109,0.07262,81,-0.3762,81,-0.4954
ENSG00000203685,STUM,43,-0.4290,6,-3.3044,63,0.16835,48,-0.2641,61,0.13727,155,1.66725,95,0.83047,23,-1.3237,45,-0.4489
ENSG00000143772,ITPKB,2,-4.3968,151,2.17079,213,2.90065,0,-5.7696,47,0.18646,9,-2.2565,7,-2.6102,18,-1.2762,14,-1.9557
ENSG00000143801,PSEN2,2,-3.1554,3,-2.3001,10,-0.9103,12,-0.5337,14,-0.3998,16,-0.1881,28,0.73397,23,0.40884,27,0.97682
ENSG00000163050,COQ8A,2,-4.0963,20,-0.7991,49,0.55612,8,-2.1216,20,-0.8728,44,0.37752,46,0.43897,30,-0.2005,53,0.96405
ENSG00000143776,CDC42BPA,2,-4.8483,79,0.48657,48,-0.2910,69,0.26349,50,-0.2451,56,-0.0664,50,-0.2416,86,0.61865,66,0.28862
ENSG00000143740,SNAP47,39,-0.8016,24,-1.5339,29,-1.2478,39,-0.8193,59,-0.2088,94,0.54088,96,0.57948,86,0.40175,85,0.54540
ENSG00000081692,JMJD4,2,-3.0821,10,-0.8406,10,-0.7233,8,-1.0788,16,-0.0963,13,-0.3568,27,0.74592,14,-0.2450,26,0.96777
ENSG00000143761,ARF1,296,-0.3984,189,-1.0799,240,-0.7153,363,-0.0819,251,-0.6962,473,0.33367,525,0.49825,417,0.13225,494,0.56324
ENSG00000143793,C1orf35,6,-1.7239,24,0.29413,29,0.55545,23,0.21535,20,0.02584,38,1.01506,27,0.47269,8,-1.3042,16,-0.4247
ENSG00000162910,MRPL55,4,-4.7048,77,-0.3859,106,0.10163,105,0.09345,89,-0.1840,104,0.07654,152,0.67178,162,0.77655,101,0.03097
ENSG00000143774,GUK1,721,0.25165,502,-0.3119,511,-0.2857,466,-0.4266,757,0.36365,629,0.03684,677,0.15278,714,0.23768,562,-0.1792
ENSG00000198835,GJC2,2,-3.5157,178,4.10978,35,0.64909,8,-1.5942,21,-0.1042,10,-1.2345,3,-2.8435,2,-3.6051,4,-2.7191
ENSG00000154370,TRIM11,2,-2.6973,11,-0.1949,21,0.78524,1,-3.3904,8,-0.7607,36,1.66941,14,0.11430,16,0.32168,13,-0.0354
ENSG00000181218,HIST3H2A,6,-1.5922,10,-0.8444,20,0.24987,11,-0.6987,12,-0.5696,17,0.03099,25,0.58859,25,0.59844,21,0.45607
ENSG00000168159,RNF187,364,0.12311,134,-1.3986,312,-0.1134,314,-0.1069,277,-0.3248,330,-0.0262,451,0.46379,550,0.78741,340,0.02626
ENSG00000116574,RHOU,2,-4.6339,274,3.11352,128,1.54352,37,-0.4628,49,-0.0382,42,-0.2730,14,-1.8447,14,-1.8437,10,-2.6797
ENSG00000168118,RAB4A,177,0.98600,101,0.07437,95,-0.0106,87,-0.1519,82,-0.2654,82,-0.2357,95,-0.0139,77,-0.3454,92,-0.0785
ENSG00000154429,CCSAP,66,-0.0845,42,-0.7467,44,-0.7046,51,-0.4584,53,-0.4512,82,0.26851,79,0.20593,79,0.20544,88,0.52488
ENSG00000069248,NUP133,2,-4.0118,46,0.56671,62,1.04757,8,-2.0173,23,-0.5777,54,0.80497,30,-0.1053,26,-0.3459,37,0.26904
ENSG00000143641,GALNT2,2,-3.9759,23,-0.4814,57,0.94965,23,-0.4601,28,-0.1707,27,-0.2172,25,-0.3290,31,-0.0226,41,0.57701
ENSG00000177614,PGBD5,76,-0.4805,26,-2.0523,12,-3.1517,17,-2.6497,77,-0.4876,178,0.86547,178,0.85773,127,0.31005,145,0.76393
ENSG00000135775,COG2,48,1.29288,17,-0.3752,18,-0.2248,36,0.79845,16,-0.4940,23,0.13784,20,-0.0768,19,-0.2127,16,-0.5066
ENSG00000135744,AGT,213,-0.6156,311,-0.0328,2161,3.71353,64,-2.3993,351,0.17126,87,-1.9514,39,-3.1198,117,-1.5097,110,-1.9014
ENSG00000119280,C1orf198,2,-4.7638,312,3.21457,94,0.85724,37,-0.5944,53,-0.0383,30,-0.8864,9,-2.6609,24,-1.2207,24,-1.4947
ENSG00000173409,ARV1,2,-4.1599,36,-0.0032,37,0.03451,34,-0.0821,32,-0.2044,60,0.83079,61,0.83530,37,0.05714,34,-0.1051
ENSG00000116906,GNPAT,29,-1.3334,75,0.08499,80,0.18536,189,1.63053,57,-0.3659,67,-0.0857,80,0.18318,44,-0.7396,61,-0.3040
ENSG00000116903,EXOC8,2,-2.7682,12,-0.1714,2,-2.5214,24,0.91538,15,0.17219,23,0.84529,12,-0.1499,19,0.53931,13,-0.1165
ENSG00000135766,EGLN1,95,0.13092,99,0.20321,86,-0.0284,72,-0.3046,86,-0.0200,90,0.04635,70,-0.3306,143,0.79071,77,-0.2600
ENSG00000116918,TSNAX,2,-5.1072,47,-0.6046,85,0.31437,26,-1.4762,52,-0.4725,95,0.50213,94,0.47941,106,0.67516,86,0.46191
ENSG00000116991,SIPA1L2,2,-3.1640,6,-1.6402,9,-1.0062,36,1.10460,22,0.39438,19,0.08686,18,0.01989,16,-0.1567,20,0.28504
ENSG00000135778,NTPCR,2,-4.7480,54,0.01125,103,1.03711,50,-0.1270,59,0.15317,48,-0.1970,72,0.44571,44,-0.2996,53,-0.0441
ENSG00000135749,PCNX2,2,-4.4749,8,-2.4274,1,-5.2466,74,0.79341,42,-0.1118,60,0.45778,70,0.71854,47,0.06490,59,0.61572
ENSG00000135750,KCNK1,159,0.37382,57,-1.1903,62,-1.0723,32,-2.0326,66,-1.0413,179,0.56295,237,1.02563,95,-0.4349,169,0.67661
ENSG00000183780,SLC35F3,2,-3.1988,3,-2.7225,7,-1.4255,43,1.39065,12,-0.6744,36,1.06289,41,1.28754,8,-1.2742,19,0.05740
ENSG00000168275,COA6,47,-1.0103,45,-1.0840,39,-1.2773,86,-0.0993,73,-0.3723,60,-0.6527,177,1.06725,128,0.54010,115,0.50519
ENSG00000059588,TARBP1,2,-3.3864,11,-0.9182,30,0.58857,38,0.94622,16,-0.4275,28,0.44964,15,-0.4578,11,-0.9759,26,0.46999
ENSG00000168264,IRF2BP2,96,-0.0237,166,0.85113,177,0.95858,126,0.40866,75,-0.4289,138,0.55432,51,-0.9834,55,-0.8616,76,-0.4751
ENSG00000173726,TOMM20,22,-3.6789,184,-0.5954,208,-0.4090,414,0.67204,183,-0.6517,409,0.65143,391,0.57916,284,0.07149,313,0.30402
ENSG00000054267,ARID4B,2,-4.5435,87,0.98237,59,0.36442,20,-1.2853,61,0.45849,59,0.37299,33,-0.5261,59,0.37264,42,-0.2233
ENSG00000152904,GGPS1,2,-3.8571,34,0.22738,33,0.20768,6,-2.3482,25,-0.2554,13,-1.1885,41,0.52461,19,-0.6223,45,1.02929
ENSG00000168243,GNG4,80,0.73368,5,-3.2797,25,-1.0549,189,2.26703,28,-0.9441,2,-4.5323,7,-2.8899,78,0.69383,53,0.11619
ENSG00000143669,LYST,2,-2.7614,17,0.32277,9,-0.6353,0,-4.3148,8,-0.7416,12,-0.1464,15,0.16080,31,1.33450,18,0.65324
ENSG00000077585,GPR137B,2,-4.1898,43,0.24913,114,1.90314,44,0.27733,38,0.04431,23,-0.6983,28,-0.4232,38,0.04384,27,-0.5600
ENSG00000086619,ERO1B,2,-2.6723,8,-0.5837,4,-1.6261,33,1.55446,9,-0.4488,9,-0.4463,7,-0.7917,10,-0.3087,18,0.74772
ENSG00000116977,LGALS8,4,-3.4079,15,-1.5357,21,-1.0544,70,0.81293,26,-0.8042,36,-0.2331,89,1.20201,32,-0.4400,58,0.69677
ENSG00000077522,ACTN2,2,-4.5694,33,-0.5662,44,-0.1268,56,0.24644,39,-0.3339,138,1.76714,93,1.07500,27,-0.8478,37,-0.4794
ENSG00000116984,MTR,2,-2.6348,27,1.28318,19,0.66128,14,0.16393,11,-0.1644,14,0.23174,8,-0.5983,4,-1.5538,12,0.00088
ENSG00000198626,RYR2,2,-4.6863,5,-3.3722,11,-2.2668,69,0.45410,45,-0.2302,123,1.41631,91,0.89382,75,0.57658,52,0.00575
ENSG00000270188,MTRNR2L11,87,0.96036,59,0.32532,31,-0.6545,46,-0.0564,103,1.44008,23,-1.1294,11,-2.2239,21,-1.2206,34,-0.6362
ENSG00000133019,CHRM3,18,-1.4109,0,-10.362,12,-1.9589,82,0.92641,29,-0.7324,122,1.61020,67,0.59530,26,-0.8507,53,0.30464
ENSG00000155816,FMN2,108,0.98315,16,-1.8974,100,0.84507,36,-0.7293,57,-0.0399,58,-0.0298,39,-0.6047,79,0.47230,53,-0.2120
ENSG00000180875,GREM2,3,-2.1122,0,-4.1976,0,-4.3594,0,-3.9522,12,-0.1936,11,-0.2988,37,1.60685,12,-0.2358,22,1.15855
ENSG00000182901,RGS7,131,1.24349,1,-5.2296,4,-3.9400,41,-0.5915,33,-0.9767,96,0.71528,60,-0.0211,52,-0.2383,85,0.75383
ENSG00000091483,FH,58,0.11131,27,-1.0638,47,-0.2002,39,-0.4904,47,-0.2465,45,-0.2642,87,0.76016,75,0.52277,57,0.12909
ENSG00000054277,OPN3,2,-2.5128,6,-1.0104,8,-0.5526,0,-3.9387,10,-0.2491,13,0.22092,29,1.50648,10,-0.2009,15,0.62379
ENSG00000203668,CHML,2,-2.8844,3,-2.1023,8,-0.9061,1,-3.0753,19,0.45266,30,1.16850,25,0.84483,11,-0.3969,18,0.40651
ENSG00000143702,CEP170,2,-4.6796,91,0.90201,38,-0.4474,8,-2.7819,41,-0.3874,71,0.51453,75,0.60094,49,-0.0799,64,0.45599
ENSG00000054282,SDCCAG8,63,0.43374,69,0.57519,51,0.09787,56,0.23864,48,0.01148,45,-0.0982,32,-0.6260,20,-1.2867,48,-0.0141
ENSG00000117020,AKT3,258,1.04359,53,-1.4248,54,-1.3831,147,0.13140,117,-0.2348,93,-0.5711,175,0.41032,91,-0.5963,162,0.40095
ENSG00000179456,ZBTB18,140,-0.2442,41,-2.0593,29,-2.5601,61,-1.4946,107,-0.6938,110,-0.6073,234,0.57008,100,-0.7516,299,1.52870
ENSG00000035687,ADSS,16,-1.9100,64,0.17398,48,-0.2578,41,-0.4877,32,-0.9122,101,0.92402,78,0.49560,57,0.00636,67,0.36558
ENSG00000203667,COX20,276,1.31542,108,-0.1998,144,0.24245,130,0.08690,137,0.17844,65,-0.9812,86,-0.5591,136,0.15387,96,-0.4929
ENSG00000153187,HNRNPU,14,-3.7313,221,0.33573,268,0.65010,241,0.47557,136,-0.4551,229,0.39663,173,-0.0465,181,0.02395,180,0.01825
ENSG00000185420,SMYD3,2,-4.0763,8,-2.1054,40,0.25385,67,1.09049,25,-0.4632,43,0.37723,57,0.82206,39,0.21985,33,-0.0255
ENSG00000162852,CNST,2,-4.5899,8,-2.5748,15,-1.7193,137,1.73040,29,-0.8209,70,0.58730,75,0.69106,52,0.10127,53,0.18863
ENSG00000143653,SCCPDH,117,0.28568,97,-0.0089,102,0.07244,140,0.57657,53,-0.9734,86,-0.1895,151,0.69241,79,-0.3159,97,-0.0119
ENSG00000153207,AHCTF1,2,-3.1584,17,-0.0661,27,0.66936,4,-2.1926,14,-0.3755,37,1.16842,12,-0.5333,15,-0.2410,22,0.47045
ENSG00000196071,OR2L13,2,-2.2814,11,0.27948,7,-0.4755,0,-3.8396,5,-0.9773,15,0.72814,14,0.54610,0,-4.1999,16,1.22840
ENSG00000175137,SH3BP5L,2,-2.7619,13,-0.0929,17,0.37590,1,-3.7791,13,-0.0845,23,0.86167,20,0.62582,13,-0.0034,15,0.23349
ENSG00000171161,ZNF672,2,-2.8637,14,0.01098,22,0.63769,22,0.65540,16,0.12822,28,1.04645,2,-2.5183,19,0.46107,12,-0.4108
ENSG00000171163,ZNF692,2,-2.7388,15,0.21881,10,-0.3655,0,-4.2879,9,-0.5688,25,0.99040,8,-0.7906,5,-1.3840,22,1.20531
ENSG00000035115,SH3YL1,2,-3.9712,45,0.56190,22,-0.5354,28,-0.1827,28,-0.2159,25,-0.3742,37,0.23451,62,1.08614,33,0.12882
ENSG00000143727,ACP1,66,-0.7721,65,-0.7962,77,-0.5561,146,0.44034,72,-0.6963,120,0.12960,185,0.82646,138,0.35382,123,0.23240
ENSG00000151353,TMEM18,106,1.36732,47,0.04463,32,-0.5226,69,0.63695,26,-0.8976,45,-0.0366,38,-0.2699,41,-0.1825,41,-0.2123
ENSG00000186487,MYT1L,2,-6.0364,11,-3.6267,48,-1.5773,124,-0.1595,103,-0.4709,285,1.19087,141,0.04541,176,0.39756,197,0.83096
ENSG00000032389,EIPR1,38,-0.3121,23,-1.0521,33,-0.4968,31,-0.5961,39,-0.2944,48,0.06697,54,0.23011,34,-0.4685,66,0.79396
ENSG00000171853,TRAPPC12,2,-4.6253,37,-0.4499,21,-1.2572,86,0.88749,40,-0.3682,50,0.02264,57,0.21848,49,-0.0166,66,0.62015
ENSG00000182551,ADI1,2,-4.7973,84,0.64272,123,1.27978,87,0.69233,57,0.02076,46,-0.3055,27,-1.1174,61,0.13399,46,-0.3749
ENSG00000171865,RNASEH1,2,-3.5530,19,-0.2995,7,-1.8098,3,-2.7379,22,-0.0959,33,0.55212,31,0.45244,33,0.50975,33,0.77088
ENSG00000171863,RPS7,538,0.03104,787,0.63907,669,0.37626,400,-0.4259,678,0.43963,350,-0.6286,511,-0.0474,550,0.06733,423,-0.4399
ENSG00000232044,SILC1,2,-4.2764,108,1.68525,67,0.86875,11,-1.9038,29,-0.4682,21,-0.9289,17,-1.1970,86,1.28054,34,-0.2724
ENSG00000151692,RNF144A,2,-3.7970,84,1.84334,37,0.44637,0,-5.1380,18,-0.7134,9,-1.6111,18,-0.6522,49,0.91594,31,0.25724
ENSG00000115738,ID2,194,0.62755,94,-0.5055,465,2.16958,34,-1.9982,107,-0.3273,92,-0.5410,188,0.57253,96,-0.4833,81,-0.9208
ENSG00000134313,KIDINS220,2,-5.9064,112,-0.1267,97,-0.3482,189,0.71106,80,-0.6843,120,-0.0183,145,0.28356,131,0.11912,155,0.54558
ENSG00000143797,MBOAT2,67,0.11327,93,0.64244,75,0.31123,96,0.70162,41,-0.6561,89,0.58138,47,-0.4108,41,-0.6159,53,-0.3071
ENSG00000151693,ASAP2,2,-3.9936,19,-0.7449,31,-0.0467,43,0.47056,37,0.26710,103,1.97347,19,-0.7861,27,-0.2541,24,-0.5590
ENSG00000119185,ITGB1BP1,2,-5.2989,52,-0.6519,49,-0.7324,93,0.25258,69,-0.2400,108,0.49080,116,0.60490,111,0.52615,91,0.28683
ENSG00000119203,CPSF3,2,-3.3077,21,0.12463,1,-3.8726,25,0.38081,16,-0.3419,18,-0.1399,31,0.71186,17,-0.2265,27,0.71887
ENSG00000134330,IAH1,2,-4.4855,48,0.11152,27,-0.7934,34,-0.4258,38,-0.2794,24,-0.9693,54,0.27229,46,0.04338,69,0.98375
ENSG00000151694,ADAM17,2,-2.6152,26,1.14540,36,1.67487,0,-4.2380,19,0.67142,8,-0.6794,17,0.46915,2,-2.7759,9,-0.5984
ENSG00000134308,YWHAQ,221,-0.8505,741,1.05578,372,-0.0583,413,0.10502,299,-0.4256,451,0.24581,451,0.24680,370,-0.0656,350,-0.2003
ENSG00000115756,HPCAL1,58,-1.4355,27,-2.5158,194,0.41525,151,0.01609,116,-0.4247,693,2.73296,87,-0.8282,95,-0.6928,101,-0.7557
ENSG00000115758,ODC1,2,-3.7273,31,0.25380,17,-0.7053,15,-0.8629,27,0.01641,19,-0.5348,39,0.61173,13,-1.0596,39,0.87930
ENSG00000115761,NOL10,2,-2.8674,13,-0.1662,25,0.82924,32,1.29487,8,-0.9563,23,0.73934,15,0.05397,21,0.58556,10,-0.6369
ENSG00000143870,PDIA6,2,-5.6224,118,0.25465,191,1.03474,128,0.38772,65,-0.7099,134,0.45533,108,0.10807,107,0.09614,97,-0.0734
ENSG00000162975,KCNF1,290,1.18575,7,-4.2592,103,-0.4616,63,-1.2123,87,-0.7768,371,1.62194,165,0.25983,123,-0.2025,130,-0.1485
ENSG00000134318,ROCK2,39,-1.1642,41,-1.0930,23,-1.9448,13,-2.7819,72,-0.2491,200,1.42320,99,0.26276,107,0.37640,106,0.52183
ENSG00000169006,NTSR2,46,-0.2182,47,-0.1834,204,2.32837,5,-3.2867,77,0.66457,40,-0.4319,12,-2.1644,48,-0.1472,33,-0.9112
ENSG00000134324,LPIN1,51,-0.0258,51,-0.0316,100,1.04796,22,-1.2723,49,-0.1003,63,0.30556,52,-0.0044,61,0.24923,44,-0.3135
ENSG00000071575,TRIB2,46,0.32983,7,-2.4663,25,-0.6216,4,-3.0498,39,0.10725,98,1.59795,55,0.63180,36,-0.0499,33,-0.2292
ENSG00000162981,LRATD1,2,-4.4778,9,-2.4059,9,-2.4208,135,1.84093,29,-0.7161,43,-0.0692,33,-0.4700,50,0.15733,61,0.70756
ENSG00000151779,NBAS,2,-4.1989,23,-0.7350,10,-1.8843,54,0.59464,33,-0.1985,36,-0.0441,38,0.03350,41,0.16600,53,0.81215
ENSG00000079785,DDX1,60,-1.0777,77,-0.6970,57,-1.1583,83,-0.5873,97,-0.3756,166,0.48679,181,0.62738,149,0.31345,155,0.51988
ENSG00000197872,FAM49A,2,-5.9578,17,-3.0574,34,-2.0563,158,0.26497,94,-0.5738,149,0.17425,246,0.98310,172,0.39616,193,0.83970
ENSG00000163032,VSNL1,974,-0.1826,43,-4.7552,206,-2.5034,1524,0.52315,763,-0.6002,1480,0.47676,2086,1.04126,936,-0.2441,1367,0.48781
ENSG00000163029,SMC6,47,1.37646,14,-0.5161,19,-0.0304,1,-3.9821,17,-0.2607,28,0.50644,12,-0.7627,41,1.14379,16,-0.4424
ENSG00000240857,RDH14,43,0.33019,17,-1.0700,42,0.27235,22,-0.6897,21,-0.8340,44,0.37025,63,0.94216,49,0.53309,33,-0.1148
ENSG00000183891,TTC32,2,-2.7720,48,2.11112,22,0.74172,0,-4.2338,12,-0.1920,15,0.11560,16,0.26869,11,-0.2853,10,-0.6462
ENSG00000118965,WDR35,2,-2.5028,12,0.05815,5,-1.2368,33,1.74482,10,-0.1043,15,0.46597,9,-0.2379,6,-0.8851,11,-0.0790
ENSG00000068697,LAPTM4A,2,-5.4430,93,0.09721,233,1.61943,59,-0.5964,96,0.16100,113,0.39739,76,-0.2118,86,-0.0220,71,-0.4200
ENSG00000055917,PUM2,2,-5.3814,81,-0.0561,46,-0.9265,82,-0.0356,69,-0.3223,108,0.39264,80,-0.0742,94,0.17126,115,0.71559
ENSG00000143878,RHOB,137,-0.9166,588,1.41012,503,1.13959,162,-0.6574,174,-0.5947,183,-0.4795,245,-0.0302,150,-0.7766,231,-0.1540
ENSG00000118960,HS1BP3,2,-2.8864,30,1.14622,24,0.79248,13,-0.2288,11,-0.4359,10,-0.5831,18,0.31096,32,1.23447,10,-0.7258
ENSG00000119771,KLHL29,2,-2.5612,0,-9.1686,3,-1.9291,0,-4.0729,7,-0.8159,12,-0.0117,21,0.92962,24,1.12086,19,1.16541
ENSG00000173960,UBXN2A,82,2.17922,28,0.33506,33,0.56803,67,1.80360,12,-1.0326,5,-2.2332,6,-1.9852,4,-2.4936,12,-1.2081
ENSG00000119782,FKBP1B,2,-4.9458,8,-3.0424,20,-1.7043,70,0.16289,55,-0.2300,92,0.60903,128,1.15334,63,0.01379,81,0.56125
ENSG00000115128,SF3B6,17,-2.8414,210,0.92218,224,1.03152,165,0.52891,102,-0.2534,106,-0.1744,111,-0.1026,80,-0.5973,105,-0.2364
ENSG00000219626,FAM228B,38,0.82151,45,1.11993,19,-0.2336,12,-0.9309,32,0.62002,28,0.33737,6,-2.0175,8,-1.5611,18,-0.4232
ENSG00000198399,ITSN2,2,-4.0328,30,-0.1175,25,-0.4026,37,0.17555,41,0.37534,51,0.69691,46,0.53158,18,-0.9086,34,0.07197
ENSG00000084676,NCOA1,83,-0.2720,58,-0.8091,128,0.41239,117,0.26414,73,-0.5015,118,0.27832,113,0.21558,123,0.34245,99,0.01454
ENSG00000184924,PTRHD1,64,0.27896,60,0.18498,70,0.42720,63,0.25212,49,-0.1256,49,-0.1368,45,-0.2629,48,-0.1639,49,-0.1704
ENSG00000138031,ADCY3,2,-4.4722,33,-0.4802,40,-0.1739,128,1.75739,32,-0.5493,59,0.45253,44,-0.0359,33,-0.4541,44,-0.0121
ENSG00000115137,DNAJC27,2,-3.3411,18,-0.1675,5,-1.9658,66,1.98896,16,-0.4268,17,-0.2473,23,0.18938,16,-0.3785,21,0.09281
ENSG00000224165,DNAJC27-AS1,34,1.68346,28,1.32490,23,0.99404,21,0.83714,9,-0.4501,18,0.56022,0,-3.9386,5,-1.2320,3,-2.4001
ENSG00000084710,EFR3B,73,-0.1719,23,-1.9087,103,0.36495,99,0.30240,64,-0.3987,53,-0.6497,92,0.18506,66,-0.3323,106,0.57925
ENSG00000119772,DNMT3A,2,-2.3346,19,1.00964,16,0.78676,0,-3.5269,12,0.30228,14,0.47890,4,-1.3959,5,-0.8601,11,0.24767
ENSG00000138101,DTNB,2,-4.2750,28,-0.5208,27,-0.5778,14,-1.5217,34,-0.2124,17,-1.2155,52,0.45034,28,-0.4972,68,1.35187
ENSG00000143970,ASXL2,41,1.03070,34,0.74580,38,0.91644,54,1.52895,18,-0.2252,17,-0.3004,7,-1.6434,5,-2.1180,11,-1.2294
ENSG00000084731,KIF3C,114,-1.3984,30,-3.3430,72,-2.0682,282,-0.0249,227,-0.3941,386,0.46693,357,0.34371,327,0.20365,427,0.92700
ENSG00000084733,RAB10,2,-5.4894,169,0.84000,115,0.22240,107,0.09783,90,-0.1761,90,-0.1702,112,0.16938,120,0.28976,102,0.03007
ENSG00000157833,GAREM2,2,-3.1825,12,-0.5989,77,2.51730,0,-4.3302,27,0.73060,13,-0.5464,15,-0.3267,6,-1.6219,14,-0.5151
ENSG00000084754,HADHA,75,0.04072,132,0.94306,188,1.55616,87,0.26345,73,-0.0090,70,-0.0779,47,-0.6711,37,-1.0244,43,-1.0186
ENSG00000138029,HADHB,55,-0.4730,190,1.54206,151,1.14348,58,-0.3810,104,0.58658,67,-0.1524,33,-1.2034,49,-0.6274,39,-1.1995
ENSG00000138018,SELENOI,63,0.42234,31,-0.6888,31,-0.6691,65,0.46278,23,-1.1563,65,0.45610,51,0.09333,58,0.28799,54,0.24864
ENSG00000213699,SLC35F6,2,-3.2937,33,0.83173,38,1.08145,4,-2.3929,22,0.18101,24,0.30766,27,0.53121,4,-2.3763,20,0.01024
ENSG00000157851,DPYSL5,47,0.29256,134,2.09717,53,0.49518,24,-0.7020,20,-1.0484,73,1.00473,20,-1.0297,34,-0.2125,20,-1.2188
ENSG00000084764,MAPRE3,134,-0.7623,50,-2.2020,93,-1.3000,288,0.42350,158,-0.5487,322,0.60532,314,0.56712,320,0.59294,256,0.32416
ENSG00000119777,TMEM214,2,-2.9137,19,0.36615,31,1.14978,14,-0.0512,13,-0.2265,19,0.34112,16,0.06447,12,-0.2933,14,-0.1374
ENSG00000228474,OST4,176,-0.3618,305,0.49982,315,0.55187,161,-0.4935,240,0.13042,166,-0.4474,170,-0.4107,270,0.30721,212,-0.1015
ENSG00000138030,KHK,2,-3.2736,16,-0.2605,31,0.74956,14,-0.4565,13,-0.6608,38,1.09525,22,0.23093,21,0.14850,20,0.07155
ENSG00000138028,CGREF1,8,-2.7997,5,-3.2447,3,-3.9930,56,0.12538,33,-0.7320,43,-0.2638,86,0.82020,26,-1.0255,94,1.51653
ENSG00000138073,PREB,48,0.64687,36,0.18580,27,-0.2348,16,-1.0302,22,-0.5839,29,-0.1220,54,0.86296,20,-0.6995,34,0.16734
ENSG00000138074,SLC5A6,2,-2.8986,12,-0.2653,26,0.88973,13,-0.1981,13,-0.1501,12,-0.3657,14,-0.0754,18,0.34064,17,0.29183
ENSG00000138085,ATRAID,55,0.06751,93,0.91497,111,1.20685,63,0.27749,36,-0.6329,36,-0.5695,47,-0.1661,41,-0.3784,42,-0.4667
ENSG00000115194,SLC30A3,83,0.45830,1,-5.8499,0,-9.7796,54,-0.2046,25,-1.4487,54,-0.2025,232,2.27432,32,-0.9799,75,0.40500
ENSG00000115204,MPV17,2,-4.5100,45,-0.0314,56,0.31914,68,0.61461,49,0.09964,39,-0.2445,73,0.74958,55,0.28785,40,-0.2677
ENSG00000115207,GTF3C2,2,-2.9381,17,0.16982,4,-2.0397,14,-0.1603,16,0.12269,25,0.77104,26,0.85178,13,-0.2669,16,0.14187
ENSG00000115211,EIF2B4,2,-3.5019,26,0.20213,8,-1.4794,34,0.65572,26,0.21414,22,-0.0491,21,-0.1287,28,0.30807,26,0.25834
ENSG00000115234,SNX17,2,-5.3019,99,-0.1098,117,0.15608,75,-0.5404,74,-0.5885,114,0.11854,127,0.28158,225,1.22331,118,0.22170
ENSG00000163795,ZNF513,2,-2.5237,12,0.10389,10,-0.1248,1,-2.8460,13,0.16656,8,-0.5532,13,0.23117,14,0.35680,15,0.65865
ENSG00000115241,PPM1G,2,-4.4857,34,-0.4240,24,-0.9200,54,0.27085,36,-0.3571,72,0.73905,47,0.05084,41,-0.1283,60,0.63030
ENSG00000115216,NRBP1,62,0.25335,24,-1.1953,30,-0.8409,51,-0.0559,37,-0.5864,53,0.01232,80,0.64651,70,0.43628,61,0.29955
ENSG00000138002,IFT172,2,-2.4218,9,-0.2248,0,-7.2775,0,-3.9784,11,0.14439,10,-0.0608,28,1.60190,5,-1.0611,15,0.76760
ENSG00000115226,FNDC4,41,-0.5316,21,-1.5475,30,-0.9953,36,-0.7338,68,0.26203,62,0.10222,74,0.36007,97,0.80405,66,0.24618
ENSG00000243943,ZNF512,49,0.73084,29,-0.1139,30,-0.0329,64,1.16398,22,-0.5751,26,-0.2660,35,0.18319,27,-0.2293,25,-0.4308
ENSG00000198522,GPN1,42,0.41186,19,-0.7873,25,-0.3609,70,1.26473,13,-1.4152,49,0.66852,31,-0.0382,36,0.19025,30,-0.1662
ENSG00000119760,SUPT7L,23,-0.9077,22,-0.9336,62,0.64205,28,-0.6148,28,-0.6296,53,0.37425,56,0.46845,34,-0.3042,51,0.46201
ENSG00000163798,SLC4A1AP,40,-0.1457,26,-0.7600,22,-1.0598,1,-4.7716,39,-0.2053,61,0.51110,68,0.70544,53,0.30237,55,0.50261
ENSG00000243147,MRPL33,43,-1.9145,193,0.35414,130,-0.2615,115,-0.4538,186,0.32618,99,-0.6763,182,0.25895,188,0.30811,171,0.21535
ENSG00000158019,BABAM2,69,0.55217,15,-1.7564,26,-0.9521,99,1.13875,25,-1.0404,56,0.20648,59,0.29546,54,0.15027,51,0.11105
ENSG00000075426,FOSL2,56,1.56268,3,-2.7050,17,-0.3286,23,0.09892,15,-0.6198,4,-2.3034,34,0.72909,12,-0.8355,25,0.32289
ENSG00000213639,PPP1CB,8,-4.7879,186,-0.1930,167,-0.3628,434,1.17268,177,-0.2916,209,-0.0150,210,-0.0059,180,-0.2443,248,0.35340
ENSG00000171103,TRMT61B,2,-3.0902,16,-0.0587,15,-0.1986,24,0.51954,16,-0.1124,14,-0.3106,23,0.50925,10,-0.7404,21,0.47187
ENSG00000163811,WDR43,2,-2.6005,18,0.64406,21,0.91483,0,-4.1550,13,0.16749,22,0.93620,16,0.42333,3,-1.9070,12,-0.0426
ENSG00000115295,CLIP4,2,-4.6650,66,0.39300,52,0.02891,52,0.03131,38,-0.4889,57,0.17279,43,-0.2749,112,1.27566,51,0.00460
ENSG00000119801,YPEL5,57,-1.1996,76,-0.7695,96,-0.4102,118,-0.0935,112,-0.1913,154,0.32680,171,0.49126,98,-0.3750,159,0.52283
ENSG00000213626,LBH,2,-2.8809,2,-2.9110,19,0.38264,22,0.60557,17,0.23507,8,-0.8716,4,-1.7859,25,0.84814,19,0.54550
ENSG00000172954,LCLAT1,2,-2.6331,3,-1.9254,14,0.17640,0,-4.1878,10,-0.3763,22,0.94815,6,-1.1139,20,0.77324,18,0.88941
ENSG00000013016,EHD3,10,-3.3667,13,-2.9881,27,-2.0088,108,0.08313,76,-0.4924,134,0.42843,204,1.11929,95,-0.1119,147,0.82216
ENSG00000162961,DPY30,68,0.04585,93,0.53962,72,0.13635,18,-1.9665,50,-0.4796,56,-0.2690,81,0.31399,75,0.19366,75,0.25805
ENSG00000021574,SPAST,47,0.73970,39,0.46068,28,-0.0958,3,-3.0414,23,-0.3774,39,0.42612,25,-0.2640,9,-1.7103,36,0.45999
ENSG00000152683,SLC30A6,99,2.88949,8,-1.2195,22,0.17899,17,-0.2349,8,-1.2953,17,-0.2189,10,-0.9382,12,-0.6846,13,-0.7889
ENSG00000119820,YIPF4,44,-0.8194,114,0.65531,76,0.02516,99,0.42999,68,-0.1592,125,0.81465,58,-0.4097,50,-0.6360,69,-0.1782
ENSG00000115760,BIRC6,2,-3.9488,33,0.07394,46,0.60955,22,-0.5182,27,-0.2664,48,0.66006,28,-0.1714,22,-0.5264,38,0.43263
ENSG00000152689,RASGRP3,2,-2.4077,82,4.04436,26,1.49206,4,-1.2079,5,-1.0102,6,-0.8876,5,-1.0200,0,-4.2928,0,-5.2832
ENSG00000119812,FAM98A,2,-4.7597,55,0.01322,80,0.61105,19,-1.6082,43,-0.3894,94,0.86252,96,0.90622,64,0.23854,54,-0.0402
ENSG00000260025,CRIM1-DT,2,-4.1639,4,-3.0027,0,-7.5382,2,-3.7734,31,-0.2544,26,-0.4943,86,1.42747,53,0.60707,58,1.13948
ENSG00000150938,CRIM1,2,-4.4591,9,-2.3851,46,0.05017,14,-1.7290,43,-0.0491,26,-0.7858,105,1.40484,60,0.46893,57,0.56581
ENSG00000171055,FEZ2,2,-5.1990,129,0.88540,121,0.78210,78,0.09116,43,-0.8808,85,0.20873,93,0.36251,67,-0.1460,75,0.03541
ENSG00000115808,STRN,17,-1.0161,107,1.97644,44,0.43875,23,-0.5525,24,-0.5001,38,0.20236,33,-0.0182,16,-1.1189,26,-0.4628
ENSG00000008869,HEATR5B,2,-3.5604,14,-0.7848,18,-0.4111,0,-4.8378,25,0.09138,36,0.68258,43,0.94130,22,-0.1006,30,0.55281
ENSG00000152133,GPATCH11,2,-3.6976,39,0.63569,23,-0.1915,28,0.10031,20,-0.4441,38,0.59293,39,0.62977,23,-0.1679,27,0.05691
ENSG00000055332,EIF2AK2,2,-4.1640,39,0.07932,22,-0.8001,18,-1.1022,49,0.49050,44,0.26530,50,0.47004,46,0.33508,41,0.20205
ENSG00000218739,CEBPZOS,2,-4.2813,34,-0.2313,46,0.26462,39,0.00400,45,0.23393,59,0.64274,54,0.50715,33,-0.2676,38,-0.0565
ENSG00000115816,CEBPZ,2,-3.7073,57,1.24754,19,-0.5114,5,-2.4766,28,0.14195,46,0.91012,25,-0.0637,27,0.03321,26,-0.0279
ENSG00000003509,NDUFAF7,2,-2.6933,4,-1.6029,1,-3.4835,0,-4.2475,7,-0.9880,13,0.07193,15,0.20964,36,1.67550,20,1.09014
ENSG00000115828,QPCT,2,-3.9534,0,-5.6741,9,-1.8267,111,2.16225,18,-0.8952,17,-0.9078,45,0.58549,38,0.30078,37,0.35594
ENSG00000119787,ATL2,24,0.00383,6,-1.9342,9,-1.3913,11,-1.1942,19,-0.3695,41,0.80613,36,0.59435,17,-0.5725,33,0.70576
ENSG00000143889,HNRNPLL,49,0.19121,34,-0.3801,27,-0.7308,18,-1.3545,28,-0.7504,73,0.80834,67,0.67928,39,-0.1697,51,0.35225
ENSG00000115875,SRSF7,97,0.36609,64,-0.2755,62,-0.3204,52,-0.5821,53,-0.5916,110,0.57118,98,0.38116,82,0.11348,81,0.11463
ENSG00000152147,GEMIN6,2,-2.1853,9,0.01421,7,-0.3150,0,-3.7444,14,0.72277,7,-0.3585,22,1.40457,5,-0.7535,9,0.05415
ENSG00000163214,DHX57,74,2.52966,7,-1.3638,13,-0.4118,1,-3.2852,7,-1.3255,11,-0.6481,25,0.61969,6,-1.4489,18,0.04973
ENSG00000188010,MORN2,2,-4.3553,37,-0.2856,46,0.06825,28,-0.6831,56,0.39248,33,-0.4622,71,0.74949,56,0.35674,48,0.16933
ENSG00000115904,SOS1,2,-3.7883,21,-0.3866,16,-0.8513,77,1.69487,19,-0.5780,36,0.42038,24,-0.1903,32,0.20921,28,0.03326
ENSG00000011566,MAP4K3,120,1.63068,15,-1.5809,38,-0.2510,80,0.91811,21,-1.2061,68,0.66545,58,0.39577,29,-0.6569,33,-0.5937
ENSG00000231312,MAP4K3-DT,2,-3.1858,4,-2.0337,8,-1.1738,22,0.28415,16,-0.2258,30,0.80952,8,-1.1914,10,-0.8186,30,1.17521
ENSG00000152154,TMEM178A,161,0.22253,39,-1.9114,77,-0.9142,139,-0.0019,112,-0.3616,325,1.38648,137,-0.0301,118,-0.2611,149,0.13001
ENSG00000183023,SLC8A1,2,-5.5959,10,-3.3903,42,-1.2611,86,-0.1996,82,-0.2821,213,1.27000,142,0.60099,152,0.70821,114,0.33786
ENSG00000162878,PKDCC,2,-2.8619,5,-1.4563,0,-6.7104,15,0.08749,14,-0.0798,51,2.13461,19,0.43398,21,0.55512,12,-0.3988
ENSG00000143924,EML4,2,-2.8532,6,-1.2254,14,-0.0243,25,0.85886,7,-1.0159,32,1.26524,13,-0.1962,4,-1.6502,19,0.60969
ENSG00000115944,COX7A2L,17,-3.5387,88,-1.1547,89,-1.1292,173,-0.1227,170,-0.1629,358,1.04647,250,0.45550,334,0.92837,197,0.10239
ENSG00000057935,MTA3,2,-3.8567,14,-1.2119,5,-2.6940,4,-2.9613,32,0.05139,47,0.64268,29,-0.1070,26,-0.2777,53,1.32271
ENSG00000152518,ZFP36L2,9,-2.0284,99,1.63407,124,2.05417,24,-0.6597,49,0.50695,15,-1.2933,8,-2.2895,44,0.26510,14,-1.6871
ENSG00000138036,DYNC2LI1,2,-3.8955,18,-0.7791,28,-0.0903,48,0.74611,27,-0.1881,38,0.38802,32,0.09387,46,0.70187,31,0.05519
ENSG00000138095,LRPPRC,2,-5.3044,62,-0.7883,80,-0.4032,157,0.65224,69,-0.6682,160,0.68015,191,0.97092,134,0.39285,107,0.06448
ENSG00000138032,PPM1B,2,-4.9695,94,0.62366,74,0.25482,57,-0.1577,56,-0.1896,91,0.57132,56,-0.1903,82,0.41162,63,0.00262
ENSG00000138078,PREPL,135,-2.0306,150,-1.8724,211,-1.3708,773,0.63319,239,-1.2567,684,0.43520,874,0.83361,626,0.29296,706,0.69340
ENSG00000171132,PRKCE,108,-0.3379,15,-3.2016,47,-1.5651,74,-0.9052,92,-0.6158,348,1.57882,254,1.03118,139,0.05883,143,0.13782
ENSG00000116016,EPAS1,45,-0.1550,21,-1.2752,194,2.34954,12,-2.1336,100,1.29728,25,-1.0092,13,-1.9991,28,-0.8522,27,-1.1464
ENSG00000119729,RHOQ,51,0.00120,74,0.60621,163,1.96369,54,0.09802,54,0.09328,23,-1.2037,18,-1.5115,29,-0.8442,35,-0.7145
ENSG00000151665,PIGF,26,0.24089,26,0.23217,37,0.80565,37,0.81766,15,-0.6236,26,0.23247,19,-0.2301,13,-0.7856,19,-0.3479
ENSG00000119878,CRIPT,2,-4.4760,103,1.35665,55,0.32181,3,-3.9410,53,0.29493,70,0.71013,54,0.30698,34,-0.4313,39,-0.2896
ENSG00000171150,SOCS5,2,-4.0393,23,-0.5664,20,-0.7571,43,0.40884,21,-0.7295,82,1.49363,35,0.10643,42,0.38818,35,0.11897
ENSG00000180398,MCFD2,2,-5.3966,43,-1.0154,100,0.25279,210,1.48909,66,-0.4137,118,0.51942,58,-0.5765,85,0.00911,89,0.09197
ENSG00000143933,CALM2,1604,-0.6145,2316,-0.0493,1371,-0.8515,2307,-0.0555,1837,-0.4387,3510,0.61150,3142,0.43269,1761,-0.4717,2847,0.38018
ENSG00000119888,EPCAM,56,1.71788,6,-1.6211,0,-8.1422,42,1.18996,8,-1.3603,20,0.05284,15,-0.4314,15,-0.4266,22,0.18821
ENSG00000095002,MSH2,2,-4.2196,21,-0.8651,39,0.08461,86,1.35126,20,-1.0238,47,0.37399,46,0.31582,41,0.15219,41,0.19359
ENSG00000184261,KCNK12,2,-3.4914,20,-0.1521,1,-3.8453,22,-0.0478,20,-0.1933,22,-0.0385,45,1.10349,25,0.13673,29,0.55168
ENSG00000116062,MSH6,173,3.18392,37,0.29601,30,-0.0107,19,-0.7458,16,-1.0597,6,-2.3884,19,-0.7222,10,-1.6884,18,-0.9854
ENSG00000138081,FBXO11,12,-2.8398,37,-1.1809,45,-0.8947,100,0.34887,63,-0.4121,108,0.45911,109,0.48493,75,-0.1043,109,0.67350
ENSG00000170802,FOXN2,2,-2.6966,72,3.10388,17,0.43211,5,-1.2221,14,0.11720,10,-0.4156,5,-1.3251,3,-1.9286,6,-1.2524
ENSG00000162869,PPP1R21,4,-2.8889,33,-0.0104,32,-0.0759,20,-0.7336,28,-0.2956,49,0.62102,37,0.15673,30,-0.1753,43,0.55563
ENSG00000179915,NRXN1,142,-0.6643,22,-3.3980,91,-1.3273,139,-0.6973,167,-0.4514,353,0.76051,272,0.34228,297,0.48003,300,0.70678
ENSG00000115239,ASB3,63,0.87898,27,-0.4459,59,0.78191,50,0.50479,31,-0.2477,39,0.13407,33,-0.1432,23,-0.6949,28,-0.4718
ENSG00000068912,ERLEC1,2,-5.7229,74,-0.5550,36,-1.6321,122,0.21787,63,-0.8562,147,0.50501,185,0.88337,103,-0.0462,147,0.73542
ENSG00000068878,PSME4,2,-2.9039,21,0.52363,34,1.34591,2,-2.6863,15,-0.0326,22,0.58995,24,0.77556,4,-1.8042,14,-0.1648
ENSG00000170634,ACYP2,42,-1.9466,244,0.74891,224,0.61009,143,-0.1034,138,-0.1695,77,-1.0458,147,-0.0519,188,0.32782,161,0.10967
ENSG00000115306,SPTBN1,326,-0.4718,315,-0.5211,516,0.24256,322,-0.4919,462,0.07533,467,0.08525,427,-0.0547,624,0.54538,457,0.06959
ENSG00000214595,EML6,61,2.08136,3,-2.6093,0,-5.5341,39,1.27541,13,-0.5017,14,-0.3722,29,0.79120,3,-2.4952,14,-0.4830
ENSG00000115310,RTN4,1114,-0.1485,983,-0.3410,768,-0.7189,1291,0.08115,626,-1.0913,1340,0.13959,1749,0.56537,929,-0.4282,1627,0.63498
ENSG00000143947,RPS27A,1149,0.01720,2143,1.02481,1786,0.72181,669,-0.8134,1475,0.45644,801,-0.5395,847,-0.4547,1001,-0.1977,858,-0.5554
ENSG00000085760,MTIF2,2,-2.9532,18,0.25977,16,0.06197,0,-4.5053,17,0.12486,16,0.04449,19,0.30194,30,1.05639,16,0.14482
ENSG00000115355,CCDC88A,5,-4.6386,306,1.46087,286,1.34064,99,-0.3704,135,0.11763,138,0.14565,77,-0.7466,79,-0.7072,94,-0.5716
ENSG00000163001,CFAP36,55,-1.1318,51,-1.2332,66,-0.8523,70,-0.7645,98,-0.2874,90,-0.3871,173,0.63705,190,0.78553,154,0.63504
ENSG00000275052,PPP4R3B,196,1.87964,52,-0.3133,67,0.08327,37,-0.8473,43,-0.6613,59,-0.1216,55,-0.2367,85,0.45389,49,-0.5383
ENSG00000138035,PNPT1,2,-3.0700,39,1.37025,16,-0.0551,29,0.85935,13,-0.4338,14,-0.2369,14,-0.3062,14,-0.2656,16,-0.0889
ENSG00000115380,EFEMP1,38,-1.0826,80,0.06038,542,3.81485,28,-1.5383,76,-0.0059,30,-1.4354,8,-3.2116,21,-1.9526,25,-1.9783
ENSG00000055813,CCDC85A,2,-3.9224,7,-2.1405,25,-0.3084,0,-5.4692,21,-0.5765,13,-1.2127,64,1.20049,48,0.71967,48,1.09071
ENSG00000115392,FANCL,2,-3.4389,36,0.78484,18,-0.2553,8,-1.4272,14,-0.7190,27,0.35137,45,1.16150,19,-0.2193,25,0.28969
ENSG00000119866,BCL11A,72,-0.6109,7,-3.9751,41,-1.4467,227,1.21714,79,-0.4965,212,1.10052,117,0.14000,85,-0.3501,118,0.21165
ENSG00000115421,PAPOLG,2,-2.6219,10,-0.2421,0,-5.1724,0,-4.1767,9,-0.5553,13,0.04892,13,0.11172,23,1.02406,20,1.15228
ENSG00000162928,PEX13,2,-2.3494,12,0.27335,6,-0.8472,0,-3.9068,11,0.16584,23,1.30392,10,0.05659,9,-0.1119,11,0.28454
ENSG00000162929,KIAA1841,2,-3.1231,14,-0.3665,6,-1.6204,22,0.38626,12,-0.5799,16,-0.1103,26,0.61810,11,-0.6351,26,0.94310
ENSG00000237651,C2orf74,2,-5.4893,100,0.15450,66,-0.4760,179,1.10307,91,0.00914,93,0.04196,115,0.37528,55,-0.7526,96,0.12564
ENSG00000115464,USP34,2,-4.3380,43,0.07189,45,0.15114,65,0.73954,43,0.11571,52,0.37807,45,0.14650,24,-0.7714,42,0.05067
ENSG00000082898,XPO1,18,-2.1967,90,0.20617,137,0.87187,28,-1.5574,55,-0.6037,111,0.54096,92,0.23077,53,-0.6158,98,0.45717
ENSG00000115484,CCT4,220,0.49163,173,0.10896,128,-0.3525,138,-0.2455,118,-0.5217,179,0.16526,219,0.48542,147,-0.1423,164,0.03689
ENSG00000173163,COMMD1,2,-3.9568,45,0.59675,30,-0.0768,18,-0.7981,24,-0.4166,52,0.79984,42,0.48548,33,0.09622,33,0.15427
ENSG00000170340,B3GNT2,3,-2.0810,5,-1.5520,1,-3.8494,31,1.11796,4,-2.0384,41,1.62160,19,0.36194,7,-1.1921,21,0.67898
ENSG00000186889,TMEM17,35,1.19196,7,-1.2966,6,-1.4459,5,-1.7999,16,-0.1057,19,0.23790,26,0.67277,16,-0.0606,18,0.14117
ENSG00000115504,EHBP1,63,0.26027,15,-1.8630,50,-0.1011,107,1.11922,36,-0.6565,58,0.12975,60,0.16981,39,-0.4744,58,0.16265
ENSG00000014641,MDH1,373,-1.0496,167,-2.2344,341,-1.1843,681,-0.1331,456,-0.7978,820,0.15820,1509,1.15506,751,0.02029,1021,0.72608
ENSG00000169764,UGP2,19,-3.2696,63,-1.5266,191,0.14553,182,0.07186,237,0.54917,176,0.01696,223,0.39217,238,0.49598,173,-0.0064
ENSG00000197329,PELI1,47,1.76704,27,0.80361,8,-1.0279,1,-3.9334,12,-0.4418,36,1.29045,11,-0.6075,7,-1.2552,12,-0.5376
ENSG00000119862,LGALSL,2,-3.5237,5,-2.2369,7,-1.8013,19,-0.2990,15,-0.7066,32,0.54057,32,0.51618,18,-0.3615,39,1.24439
ENSG00000119844,AFTPH,2,-4.3169,22,-0.9253,27,-0.6144,39,-0.0500,33,-0.3260,42,0.05311,41,0.03802,51,0.36667,58,0.85473
ENSG00000237638,LINC02245,2,-2.7815,1,-3.1219,0,-7.3638,13,-0.0165,13,-0.0247,29,1.22955,9,-0.6152,17,0.38164,20,0.80615
ENSG00000115902,SLC1A4,56,-0.6104,18,-2.2782,119,0.56487,97,0.23592,85,0.03941,109,0.42427,62,-0.4520,90,0.11028,91,0.17605
ENSG00000011523,CEP68,2,-4.4167,17,-1.4068,25,-0.8147,61,0.56513,32,-0.4898,70,0.78557,45,0.08919,49,0.22010,56,0.58799
ENSG00000138069,RAB1A,91,-1.2101,98,-1.1083,171,-0.2657,173,-0.2455,150,-0.4965,275,0.48049,324,0.75051,244,0.28920,240,0.36373
ENSG00000138071,ACTR2,366,0.90348,129,-0.7383,184,-0.1895,204,-0.0324,138,-0.6732,202,-0.0506,287,0.50792,177,-0.2570,221,0.12325
ENSG00000198369,SPRED2,2,-4.0454,5,-2.8138,18,-0.9160,23,-0.5649,28,-0.2566,39,0.26216,43,0.41205,64,1.05970,45,0.68578
ENSG00000197223,C1D,74,0.03157,66,-0.1420,39,-0.9424,116,0.76320,39,-1.0039,94,0.41096,106,0.61070,36,-1.0671,82,0.28831
ENSG00000115946,PNO1,2,-2.8193,11,-0.4117,2,-2.9180,2,-2.7127,13,-0.1732,29,1.18851,21,0.64419,11,-0.3750,20,0.77414
ENSG00000221823,PPP3R1,112,-0.4829,23,-2.8257,35,-2.1910,95,-0.7279,125,-0.3297,219,0.56806,294,1.05673,157,0.04070,200,0.60447
ENSG00000119865,CNRIP1,3,-5.5702,38,-1.9022,55,-1.3291,134,0.00513,121,-0.1708,233,0.88872,265,1.10865,134,0.00453,159,0.37083
ENSG00000169604,ANTXR1,2,-2.7401,39,1.79774,42,1.89504,1,-3.5341,26,1.23271,10,-0.4063,4,-1.6473,0,-4.5874,5,-1.5549
ENSG00000198380,GFPT1,2,-4.2312,25,-0.6364,11,-1.7552,50,0.43494,23,-0.8103,23,-0.7739,56,0.62262,39,0.05023,60,1.08797
ENSG00000169599,NFU1,2,-4.5146,41,-0.1689,11,-2.1254,77,0.82465,52,0.22531,33,-0.5190,72,0.70929,91,1.10581,41,-0.2086
ENSG00000115977,AAK1,60,-1.3192,33,-2.1819,53,-1.4929,298,1.19455,104,-0.5310,123,-0.2370,218,0.66999,115,-0.3292,188,0.60684
ENSG00000196975,ANXA4,2,-2.4728,29,1.59314,10,-0.1354,10,-0.1870,11,-0.0499,4,-1.2922,15,0.49777,8,-0.4032,11,-0.0612
ENSG00000087338,GMCL1,2,-2.8936,17,0.23385,18,0.31791,6,-1.3203,16,0.16086,9,-0.6737,18,0.29921,8,-0.9197,20,0.70128
ENSG00000124380,SNRNP27,42,-0.5417,96,0.75111,76,0.38918,53,-0.1751,50,-0.2771,69,0.22048,57,-0.0802,51,-0.2331,58,-0.0698
ENSG00000169564,PCBP1,2,-6.7704,299,0.46962,265,0.27845,146,-0.6403,187,-0.2862,261,0.25793,295,0.45074,325,0.60819,229,0.06855
ENSG00000116001,TIA1,75,1.07396,46,0.29020,32,-0.2779,31,-0.2987,25,-0.6588,53,0.50293,36,-0.0779,41,0.11528,33,-0.2969
ENSG00000116005,PCYOX1,2,-4.9789,45,-0.5379,100,0.71506,77,0.30255,49,-0.4392,74,0.24382,71,0.17056,65,0.03825,74,0.32054
ENSG00000143977,SNRPG,155,0.98861,122,0.58693,137,0.77566,50,-0.8022,72,-0.2576,65,-0.3877,81,-0.0473,89,0.08486,62,-0.5840
ENSG00000035141,FAM136A,2,-3.9636,10,-1.7304,18,-0.8212,85,1.64360,29,-0.1010,39,0.35708,27,-0.2106,30,-0.0690,34,0.18986
ENSG00000163235,TGFA,2,-2.0404,55,3.61052,24,1.74426,0,-3.6014,6,-0.4315,0,-7.7376,1,-2.5065,0,-4.4687,3,-1.7990
ENSG00000075340,ADD2,41,-1.4059,4,-4.5595,54,-0.9883,44,-1.3053,91,-0.2244,123,0.25155,146,0.53082,134,0.39338,157,0.95035
ENSG00000144043,TEX261,12,-0.8771,40,0.94009,60,1.63866,3,-2.9810,15,-0.5986,25,0.18621,26,0.23991,16,-0.5085,19,-0.3125
ENSG00000124357,NAGK,40,-0.3878,56,0.12505,49,-0.0854,33,-0.6668,42,-0.3661,57,0.14937,56,0.11292,75,0.58173,56,0.16343
ENSG00000124383,MPHOSPH10,8,-1.9110,36,0.34788,18,-0.7221,39,0.48828,20,-0.5578,28,-0.0480,29,0.05053,40,0.52225,33,0.33245
ENSG00000124374,PAIP2B,40,0.39518,136,2.56395,89,1.73693,0,-5.4605,29,-0.1477,6,-2.2927,10,-1.7018,16,-1.0417,13,-1.5692
ENSG00000075292,ZNF638,33,-0.9832,67,0.09541,49,-0.3829,102,0.76037,54,-0.2489,108,0.85763,54,-0.2281,74,0.25916,56,-0.2428
ENSG00000135636,DYSF,2,-2.6104,65,3.00265,26,1.23401,0,-4.1653,12,-0.0111,9,-0.4246,8,-0.6521,11,-0.0868,3,-2.2925
ENSG00000003137,CYP26B1,19,-0.9464,2,-4.1643,10,-1.7992,37,0.08885,23,-0.6508,78,1.29153,45,0.38519,33,-0.0808,46,0.61333
ENSG00000144036,EXOC6B,2,-4.5132,69,0.65226,65,0.54758,30,-0.6670,44,-0.0746,45,-0.0249,54,0.24940,97,1.20292,37,-0.4297
ENSG00000135638,EMX1,101,3.05062,0,-5.0436,0,-8.0807,0,-4.7846,5,-1.8534,12,-0.6610,17,-0.1793,0,-5.0686,26,0.68478
ENSG00000144040,SFXN5,202,1.19591,25,-1.9990,166,0.87155,19,-2.4015,158,0.89082,48,-1.0661,39,-1.3556,52,-0.9379,97,0.00088
ENSG00000135631,RAB11FIP5,2,-4.2569,5,-2.8908,4,-3.1089,42,0.12789,32,-0.2956,38,0.00598,58,0.64425,43,0.17363,61,1.07837
ENSG00000272702,AC010913.1,2,-2.8368,7,-1.1165,10,-0.5450,2,-2.7412,21,0.64485,24,0.83944,16,0.16476,20,0.53150,16,0.21982
ENSG00000135632,SMYD5,55,1.36064,15,-0.6394,18,-0.4017,33,0.50480,17,-0.5646,14,-0.7762,26,0.16241,8,-1.6205,26,0.21494
ENSG00000135617,PRADC1,2,-3.6162,33,0.45818,21,-0.2412,11,-1.1206,26,0.12612,20,-0.2848,42,0.83468,20,-0.3423,29,0.38409
ENSG00000135624,CCT7,58,-1.4620,123,-0.3458,181,0.25730,123,-0.3482,105,-0.6245,187,0.30874,234,0.66772,160,0.06441,180,0.34594
ENSG00000163013,FBXO41,2,-4.9405,5,-3.6125,36,-0.8264,90,0.59019,81,0.47130,78,0.35631,59,-0.0835,57,-0.1170,79,0.53784
ENSG00000135625,EGR4,2,-3.4078,0,-10.010,0,-8.2529,0,-4.9572,9,-1.2572,50,1.38899,25,0.24368,9,-1.1932,43,1.84188
ENSG00000144034,TPRKB,2,-3.4559,34,0.70621,36,0.76664,3,-2.8125,25,0.19420,23,0.09117,27,0.35080,20,-0.1346,23,0.05943
ENSG00000144048,DUSP11,2,-2.8670,9,-0.6466,26,0.95195,21,0.56572,10,-0.5871,22,0.64534,11,-0.3408,14,-0.0362,15,0.14412
ENSG00000124356,STAMBP,39,0.50709,83,1.79722,45,0.75053,14,-1.0605,14,-1.1444,23,-0.2697,29,0.06498,16,-0.8103,22,-0.4776
ENSG00000114956,DGUOK,78,0.37113,40,-0.6675,71,0.21631,55,-0.1769,57,-0.1335,75,0.30252,76,0.32021,84,0.47910,53,-0.3222
ENSG00000163170,BOLA3,46,-0.6133,48,-0.5580,43,-0.7147,57,-0.2965,80,0.26047,55,-0.3574,107,0.70325,69,-0.0051,78,0.25685
ENSG00000225439,BOLA3-AS1,2,-2.9950,14,-0.2296,13,-0.3252,32,1.09463,12,-0.3993,23,0.57463,16,0.04686,11,-0.5561,18,0.24759
ENSG00000114978,MOB1A,31,0.45952,38,0.80112,55,1.42166,16,-0.5595,28,0.36939,22,-0.0856,17,-0.4665,9,-1.3393,13,-0.9923
ENSG00000204843,DCTN1,527,0.89315,187,-0.7366,209,-0.5659,143,-1.1441,224,-0.4944,330,0.13537,379,0.35493,325,0.11116,346,0.28737
ENSG00000005448,WDR54,2,-4.1898,14,-1.3797,22,-0.7557,95,1.56487,17,-1.2431,36,-0.0272,50,0.47730,44,0.29424,45,0.43926
ENSG00000114993,RTKN,2,-3.6267,159,3.51189,67,1.65128,2,-3.3454,23,-0.1136,13,-0.9590,7,-1.8905,3,-2.8831,5,-2.5127
ENSG00000115274,INO80B,2,-3.8814,17,-0.8210,18,-0.7746,58,1.07875,30,0.01907,36,0.31262,38,0.41356,45,0.66129,28,-0.1394
ENSG00000239779,WBP1,2,-4.8573,116,1.11009,66,0.19962,33,-0.8517,74,0.42111,64,0.13529,47,-0.3227,68,0.23844,53,-0.1813
ENSG00000115275,MOGS,2,-2.9089,12,-0.3664,21,0.51023,11,-0.4286,13,-0.2694,29,1.06777,11,-0.4594,10,-0.5747,18,0.42680
ENSG00000204822,MRPL53,2,-2.2259,18,1.04910,5,-0.9916,0,-3.7841,10,0.13208,13,0.54864,12,0.36736,3,-1.5463,12,0.52208
ENSG00000115289,PCGF1,2,-2.6114,13,0.10257,4,-1.6397,7,-0.7189,14,0.30885,19,0.70904,15,0.29460,9,-0.3657,15,0.42060
ENSG00000115307,AUP1,2,-4.7767,59,0.11245,62,0.18788,134,1.45590,42,-0.4448,56,0.02795,61,0.15527,49,-0.1839,52,-0.1067
ENSG00000115317,HTRA2,2,-4.0094,22,-0.5629,22,-0.6014,56,0.88146,27,-0.2824,27,-0.2708,40,0.34854,37,0.19738,40,0.45446
ENSG00000135622,SEMA4F,2,-3.7257,6,-2.1068,16,-0.7425,3,-3.2095,12,-1.1844,31,0.24840,64,1.45060,34,0.37122,41,1.00486
ENSG00000115350,POLE4,68,-0.4835,80,-0.2442,118,0.35610,96,0.04286,96,0.04785,93,-0.0160,113,0.29465,125,0.44676,83,-0.2395
ENSG00000115364,MRPL19,43,0.24365,58,0.70421,34,-0.1340,76,1.16369,31,-0.2798,19,-1.0264,40,0.11913,27,-0.4775,30,-0.3864
ENSG00000005436,GCFC2,2,-2.3425,18,0.95254,14,0.57458,0,-3.8116,10,-0.0565,14,0.50587,15,0.64836,3,-1.8425,11,0.18589
ENSG00000176204,LRRTM4,2,-3.5296,1,-4.4996,6,-1.8568,36,0.69000,14,-0.7550,29,0.34539,37,0.73808,19,-0.2734,35,0.98872
ENSG00000066032,CTNNA2,13,-3.2964,38,-1.7717,114,-0.1237,78,-0.7005,132,0.11401,82,-0.6304,256,1.18629,105,-0.2490,163,0.62994
ENSG00000162951,LRRTM1,68,0.12199,3,-4.2341,3,-4.1586,24,-1.4107,28,-1.3056,86,0.51094,51,-0.3252,70,0.17951,113,1.48367
ENSG00000163541,SUCLG1,69,-0.5684,102,0.01368,119,0.26471,77,-0.4127,72,-0.5635,69,-0.5741,135,0.46516,118,0.25309,119,0.35995
ENSG00000034510,TMSB10,2687,-0.1963,662,-2.2942,1212,-1.4013,1948,-0.6892,2809,-0.1388,2748,-0.1615,6624,1.26773,2753,-0.1589,3846,0.51319
ENSG00000176407,KCMF1,2,-4.2202,22,-0.8215,29,-0.3779,8,-2.2871,53,0.60277,56,0.62985,58,0.67402,28,-0.4739,45,0.39540
ENSG00000152291,TGOLN2,23,-2.3367,128,0.21737,115,0.05641,138,0.33604,79,-0.5564,143,0.39993,134,0.29632,138,0.33939,117,0.10374
ENSG00000042445,RETSAT,39,0.51825,54,1.04638,22,-0.3521,37,0.41344,21,-0.4579,20,-0.5478,29,0.05345,11,-1.3603,28,-0.0285
ENSG00000042493,CAPG,2,-2.7000,33,1.52400,58,2.60234,1,-3.1437,17,0.49758,6,-1.1802,0,-5.3629,10,-0.3264,6,-1.3947
ENSG00000168906,MAT2A,50,-0.6831,147,1.01236,102,0.41024,4,-4.2936,74,-0.0946,75,-0.0764,72,-0.1373,136,0.87542,72,-0.1851
ENSG00000115486,GGCX,36,0.19771,33,0.03884,32,-0.0172,3,-3.5434,23,-0.5698,52,0.77321,28,-0.2315,31,-0.0506,39,0.44038
ENSG00000168899,VAMP5,2,-3.5064,56,1.47984,75,2.01034,0,-5.0554,44,1.22508,6,-1.8960,5,-2.0428,9,-1.3450,13,-1.0321
ENSG00000168894,RNF181,2,-5.1152,154,0.95466,132,0.70301,131,0.68317,83,-0.0331,59,-0.5537,91,0.10102,79,-0.1216,73,-0.3144
ENSG00000168883,USP39,2,-3.1492,25,0.51431,21,0.25910,5,-1.9084,19,0.12096,26,0.60860,16,-0.1623,17,-0.0187,20,0.26921
ENSG00000115525,ST3GAL5,59,-0.2490,71,0.03594,82,0.24667,15,-2.3109,48,-0.6226,67,-0.0694,38,-0.9139,80,0.20658,100,0.82201
ENSG00000068654,POLR1A,2,-2.4425,9,-0.3217,1,-3.3947,0,-3.9990,14,0.42856,11,0.07417,12,0.13590,24,1.31876,13,0.43979
ENSG00000132300,PTCD3,2,-4.3300,66,0.78757,110,1.66069,22,-0.9021,32,-0.3936,56,0.51854,56,0.51797,27,-0.6027,30,-0.5566
ENSG00000132305,IMMT,2,-5.3061,31,-1.4481,46,-0.8355,157,1.07803,61,-0.4601,91,0.19327,127,0.73252,65,-0.3360,101,0.50491
ENSG00000132313,MRPL35,26,-0.6765,33,-0.3471,33,-0.3510,19,-1.1705,40,-0.0330,32,-0.3880,56,0.47804,38,-0.1221,54,0.62128
ENSG00000068615,REEP1,2,-5.6516,10,-3.4494,56,-0.9593,203,1.05165,54,-1.0882,122,0.22520,162,0.67206,167,0.72168,137,0.56569
ENSG00000115548,KDM3A,2,-3.4597,23,0.06553,68,1.88680,16,-0.5095,16,-0.4683,11,-0.9909,23,0.06756,8,-1.5065,25,0.31591
ENSG00000115561,CHMP3,161,0.46399,87,-0.4895,53,-1.2283,83,-0.5635,125,0.07166,109,-0.1398,150,0.34978,103,-0.2297,140,0.34024
ENSG00000239305,RNF103,48,-0.4038,60,-0.0772,67,0.09941,114,0.95567,33,-1.0521,63,0.00406,56,-0.1784,72,0.20251,68,0.16526
ENSG00000153561,RMND5A,5,-3.1799,74,0.67985,54,0.16685,21,-1.2766,40,-0.3061,56,0.22416,57,0.27475,72,0.64518,52,0.15160
ENSG00000222041,CYTOR,2,-3.2295,2,-3.2734,0,-8.0761,0,-4.7797,14,-0.4092,6,-1.7311,25,0.47623,18,-0.0781,40,2.10987
ENSG00000172086,KRCC1,2,-2.8691,43,1.79754,41,1.68303,11,-0.4547,16,0.13668,11,-0.4048,9,-0.6580,4,-1.7623,9,-0.8687
ENSG00000172005,MAL,137,-0.1248,944,3.51161,312,1.20747,68,-1.1909,113,-0.4589,40,-1.9623,17,-3.2124,69,-1.1682,30,-2.7324
ENSG00000144029,MRPS5,7,-2.6322,49,0.19839,20,-1.1613,26,-0.7623,46,0.13341,54,0.35088,44,0.04629,50,0.24453,54,0.49596
ENSG00000144026,ZNF514,2,-2.4427,17,0.67729,7,-0.6876,1,-3.4801,9,-0.2796,25,1.32749,11,0.05748,14,0.38223,11,0.14629
ENSG00000115041,KCNIP3,2,-4.2280,10,-1.9000,37,-0.0128,1,-4.7876,34,-0.1436,98,1.57357,58,0.69016,45,0.29687,42,0.23207
ENSG00000115042,FAHD2A,2,-3.7031,41,0.69641,38,0.59769,24,-0.1284,22,-0.2442,30,0.24304,30,0.19700,21,-0.3382,27,0.08221
ENSG00000174501,ANKRD36C,38,2.07501,14,0.40027,9,-0.3353,1,-3.3603,21,1.19004,10,-0.0679,3,-2.0067,8,-0.3882,4,-1.6504
ENSG00000158050,DUSP2,2,-2.8246,0,-5.0936,6,-1.2025,12,-0.2128,6,-1.4185,38,1.60081,26,0.97054,9,-0.6941,20,0.75805
ENSG00000084090,STARD7,138,-0.1223,184,0.32707,230,0.69100,88,-0.8061,123,-0.3167,157,0.07964,168,0.19017,142,-0.0775,146,-0.0398
ENSG00000135956,TMEM127,2,-4.5286,20,-1.2783,46,-0.0067,45,-0.0377,32,-0.6168,58,0.33803,59,0.37992,63,0.46926,62,0.63857
ENSG00000144021,CIAO1,166,1.17740,76,-0.0809,57,-0.5201,64,-0.3501,62,-0.4350,76,-0.0805,83,0.04798,95,0.25985,76,-0.1186
ENSG00000144028,SNRNP200,2,-4.5302,54,0.01679,100,1.00379,61,0.20176,47,-0.2189,63,0.27055,47,-0.1965,47,-0.1836,56,0.11820
ENSG00000114982,KANSL3,2,-2.8053,18,0.39248,25,0.90424,15,0.09595,19,0.55179,20,0.54580,18,0.38859,17,0.34039,7,-1.2200
ENSG00000114988,LMAN2L,2,-2.5485,15,0.44648,15,0.40923,5,-1.1207,8,-0.4918,24,1.15252,15,0.40926,18,0.70590,10,-0.3591
ENSG00000168763,CNNM3,2,-2.3990,22,1.19678,35,1.99275,2,-2.2317,13,0.40738,12,0.22761,5,-1.0455,4,-1.5051,7,-0.7673
ENSG00000213337,ANKRD39,2,-4.0320,21,-0.6909,36,0.14444,43,0.43938,29,-0.2005,34,0.04128,76,1.36213,22,-0.6355,34,0.06288
ENSG00000168758,SEMA4C,2,-3.0479,42,1.53494,30,0.93497,6,-1.3557,16,0.00210,32,1.08218,14,-0.1949,5,-1.7824,12,-0.5649
ENSG00000144199,FAHD2B,84,1.11507,68,0.76872,39,-0.1217,2,-3.9898,28,-0.6868,29,-0.5777,49,0.24470,42,-0.0102,45,0.12045
ENSG00000135940,COX5B,409,-1.0008,783,-0.0081,776,-0.0219,634,-0.3349,891,0.21393,607,-0.4007,970,0.33007,1135,0.58232,783,-0.0087
ENSG00000115073,ACTR1B,2,-5.3235,41,-1.0187,78,-0.0513,116,0.56990,62,-0.4404,101,0.34840,124,0.68682,45,-0.8927,105,0.57654
ENSG00000075568,TMEM131,2,-4.3318,25,-0.7070,27,-0.6392,74,0.97147,30,-0.5075,93,1.36350,38,-0.0961,36,-0.1975,43,0.12238
ENSG00000040933,INPP4A,2,-5.1051,16,-2.1712,21,-1.7776,138,1.09720,43,-0.7766,90,0.40257,80,0.21202,111,0.74239,91,0.57789
ENSG00000183513,COA5,2,-4.5001,70,0.22583,65,0.11770,63,0.06956,58,-0.0706,55,-0.1551,61,0.01072,90,0.63296,66,0.18134
ENSG00000115446,UNC50,2,-4.3846,63,0.65233,87,1.18694,21,-1.0107,29,-0.6045,44,0.06564,47,0.18454,42,0.01747,45,0.14636
ENSG00000071073,MGAT4A,2,-3.2947,17,-0.4922,19,-0.3242,14,-0.7196,22,-0.1191,37,0.73781,16,-0.5293,24,0.03690,32,0.74159
ENSG00000196872,KIAA1211L,168,1.22221,2,-5.1440,3,-4.4335,4,-4.3785,50,-0.7439,112,0.55170,141,0.93131,76,-0.0686,105,0.64197
ENSG00000158411,MITD1,2,-2.7903,26,1.03680,24,0.90365,8,-0.8333,13,-0.0451,11,-0.3160,15,0.09901,10,-0.4666,14,0.02342
ENSG00000185414,MRPL30,2,-3.8299,30,0.07875,22,-0.3689,27,-0.0782,29,0.05924,35,0.33774,36,0.37533,31,0.15484,32,0.22909
ENSG00000115514,TXNDC9,104,1.71864,26,-0.5524,25,-0.5901,53,0.56644,28,-0.4662,32,-0.2072,42,0.22093,19,-0.9766,30,-0.3698
ENSG00000158417,EIF5B,73,-0.3257,216,1.44686,73,-0.3225,107,0.27202,126,0.59555,119,0.44528,70,-0.3780,35,-1.4106,55,-0.9168
ENSG00000135945,REV1,85,2.26362,16,-0.4840,11,-1.0537,25,0.18715,17,-0.4437,23,0.01423,14,-0.7016,17,-0.4472,17,-0.5664
ENSG00000144218,AFF3,2,-3.9356,5,-2.5967,7,-2.2236,19,-0.6867,31,0.04096,105,2.08826,32,0.06488,37,0.27389,32,0.10433
ENSG00000170500,LONRF2,68,-1.1684,14,-3.4219,18,-3.0944,124,-0.2708,95,-0.7239,176,0.28133,224,0.66925,242,0.79547,214,0.86737
ENSG00000115526,CHST10,48,0.85217,19,-0.5580,15,-0.9354,1,-4.7962,23,-0.2894,16,-0.8331,52,0.99002,19,-0.5983,37,0.60028
ENSG00000115539,PDCL3,62,1.53745,36,0.62446,36,0.63280,2,-3.1569,18,-0.4731,19,-0.3821,33,0.49937,13,-0.8856,19,-0.4676
ENSG00000170485,NPAS2,2,-3.8655,4,-2.6694,13,-1.2483,1,-4.8734,32,0.14066,102,2.11603,28,-0.0657,44,0.66503,31,0.09469
ENSG00000071082,RPL31,509,-0.7376,1105,0.46625,1213,0.61784,600,-0.4879,1114,0.53195,730,-0.1851,696,-0.2587,782,-0.0785,709,-0.3019
ENSG00000158435,CNOT11,7,-1.0296,8,-0.7833,25,0.86672,24,0.79447,8,-0.8656,31,1.25366,22,0.69742,2,-2.5664,12,-0.2871
ENSG00000163162,RNF149,34,0.78424,22,0.08564,13,-0.7521,2,-3.1971,13,-0.7678,42,1.13349,25,0.25694,15,-0.4580,23,0.20208
ENSG00000175874,CREG2,92,-1.5369,16,-4.0991,65,-2.0536,214,-0.2766,154,-0.8329,426,0.81913,386,0.65548,163,-0.6916,413,1.15438
ENSG00000071054,MAP4K4,2,-5.2931,380,2.80128,121,0.67901,9,-3.2175,100,0.41422,58,-0.4747,46,-0.8247,46,-0.8097,41,-1.2019
ENSG00000233639,PANTR1,6,-2.5250,50,0.57583,82,1.40889,100,1.77258,39,0.23028,15,-1.2266,12,-1.5184,17,-1.1011,22,-0.8609
ENSG00000198914,POU3F3,2,-4.2830,114,1.77578,90,1.35483,31,-0.3645,53,0.52011,12,-1.7605,11,-1.8091,35,-0.1884,27,-0.6979
ENSG00000135972,MRPS9,2,-3.6152,37,0.40152,35,0.31691,11,-1.4152,24,-0.2609,31,0.15018,33,0.21971,29,0.03022,36,0.50315
ENSG00000135966,TGFBRAP1,2,-2.7628,15,0.13690,14,0.07469,0,-4.0195,13,-0.0043,26,1.04344,10,-0.4195,4,-1.7597,19,0.79522
ENSG00000135974,C2orf49,2,-2.9504,37,1.41926,24,0.72834,0,-4.5026,17,0.15193,13,-0.2792,20,0.42599,8,-0.9158,15,-0.0060
ENSG00000115641,FHL2,2,-3.7019,0,-9.7257,7,-1.9304,3,-2.8531,14,-0.9834,52,1.10122,72,1.67542,12,-1.1170,41,1.04082
ENSG00000071051,NCK2,2,-4.2476,22,-0.8178,19,-1.0691,1,-4.9637,28,-0.5150,27,-0.5161,76,1.11793,17,-1.2129,69,1.48182
ENSG00000115652,UXS1,2,-3.8493,19,-0.6676,29,0.00042,20,-0.5180,19,-0.6891,47,0.75812,56,1.05083,30,0.04331,34,0.34790
ENSG00000144057,ST6GAL2,25,0.10748,5,-2.0977,39,0.82696,0,-5.0609,24,0.07777,63,1.63939,25,0.12465,20,-0.2043,19,-0.4196
ENSG00000135968,GCC2,2,-5.1271,49,-0.5644,52,-0.4615,71,0.02467,72,0.04329,121,0.86063,66,-0.0880,63,-0.1741,87,0.45362
ENSG00000169756,LIMS1,37,1.44915,28,0.93950,36,1.36832,27,0.88156,19,0.35313,10,-0.6321,2,-2.5755,6,-1.3631,4,-2.3143
ENSG00000153201,RANBP2,97,0.38133,52,-0.5875,62,-0.3128,75,-0.0254,52,-0.6352,72,-0.0842,105,0.49609,94,0.31737,83,0.17474
ENSG00000186522,SEPTIN10,2,-2.2894,56,3.17048,41,2.49809,0,-3.8475,9,-0.0612,3,-1.6878,0,-5.5634,1,-3.2181,1,-3.2551
ENSG00000175701,MTLN,2,-6.0902,81,-0.8108,152,0.14654,81,-0.8157,135,-0.0406,101,-0.4790,160,0.23347,244,0.91236,176,0.53876
ENSG00000175772,LINC01106,2,-2.9865,1,-3.7046,0,-6.2018,0,-4.5385,13,-0.3115,23,0.55991,16,0.05413,41,1.56636,24,0.96051
ENSG00000153107,ANAPC1,2,-3.6875,16,-0.7593,8,-1.6498,36,0.52779,15,-0.8969,36,0.53547,37,0.58635,34,0.43999,34,0.60914
ENSG00000153208,MERTK,2,-2.0699,4,-0.9526,12,0.57316,0,-3.6306,24,2.04325,6,-0.4284,4,-1.1421,2,-1.9748,7,-0.2038
ENSG00000188177,ZC3H6,7,-2.5659,59,0.55188,79,1.04482,58,0.52629,61,0.68658,49,0.25517,18,-1.2796,26,-0.7017,30,-0.6174
ENSG00000114999,TTL,2,-4.6163,51,0.03942,35,-0.5151,40,-0.3045,54,0.14321,49,-0.0010,44,-0.1672,30,-0.7329,70,0.81321
ENSG00000125611,CHCHD5,2,-4.5589,65,0.39612,86,0.84505,97,1.05222,51,0.01752,46,-0.1319,39,-0.3742,33,-0.6500,46,-0.1701
ENSG00000144136,SLC20A1,2,-4.6851,28,-0.9467,22,-1.3093,4,-3.5560,32,-0.7836,29,-0.8886,105,1.13776,77,0.62075,86,1.21970
ENSG00000136682,CBWD2,2,-2.9327,7,-1.1708,20,0.44434,46,1.85203,13,-0.2342,23,0.65554,15,-0.0388,15,0.00419,11,-0.6701
ENSG00000144134,RABL2A,2,-3.1254,5,-1.8609,4,-2.1822,55,1.90254,7,-1.4515,28,0.76641,22,0.34039,20,0.22298,19,0.22563
ENSG00000115084,SLC35F5,2,-3.0203,27,0.81125,32,1.08889,0,-4.5323,17,0.10655,20,0.31628,23,0.52243,13,-0.3532,15,-0.1766
ENSG00000115091,ACTR3,31,-1.5924,75,-0.2789,103,0.22469,39,-1.2476,73,-0.3438,116,0.41566,134,0.64098,103,0.22366,104,0.32207
ENSG00000175497,DPP10,93,0.51689,15,-2.2253,88,0.41225,9,-2.9059,39,-0.9050,155,1.35719,74,0.15621,51,-0.4227,78,0.32227
ENSG00000235026,DPP10-AS1,2,-2.7230,1,-3.5562,0,-7.5747,0,-4.2769,9,-0.6100,15,0.19715,20,0.62699,2,-2.5875,28,2.09124
ENSG00000088205,DDX18,93,1.11979,70,0.65695,65,0.53893,79,0.85092,29,-0.7676,48,0.05163,32,-0.5612,18,-1.3897,35,-0.5603
ENSG00000125633,CCDC93,2,-2.5403,13,0.18480,15,0.36245,21,0.94955,7,-0.8473,14,0.25583,1,-3.6477,15,0.45761,14,0.41682
ENSG00000125629,INSIG2,11,-1.9084,26,-0.6575,29,-0.4541,27,-0.6086,25,-0.7367,39,-0.0210,54,0.48173,46,0.23689,58,0.88632
ENSG00000186132,C2orf76,2,-2.3962,27,1.54803,16,0.63734,0,-3.9531,9,-0.2217,19,0.94847,8,-0.4538,8,-0.3683,9,-0.2144
ENSG00000155368,DBI,207,-0.8932,964,1.57985,978,1.60670,218,-0.8126,484,0.46223,199,-0.9534,134,-1.5384,368,-0.0159,198,-1.1766
ENSG00000144120,TMEM177,2,-2.6971,7,-0.7855,0,-7.5390,28,1.24728,9,-0.4895,5,-1.4194,15,0.22292,10,-0.4145,20,1.07322
ENSG00000088179,PTPN4,168,1.94533,11,-2.3198,16,-1.7538,3,-4.1749,33,-0.7513,55,0.07180,60,0.19131,71,0.47432,59,0.23387
ENSG00000115109,EPB41L5,2,-2.1507,10,0.17083,14,0.73271,0,-3.6882,14,0.88337,12,0.50337,10,0.16174,14,0.77496,5,-0.8221
ENSG00000226479,TMEM185B,48,2.00088,21,0.59704,12,-0.2600,1,-3.9675,14,-0.0768,14,-0.0542,15,0.07888,3,-2.3122,11,-0.4238
ENSG00000144118,RALB,14,-1.6997,16,-1.4635,34,-0.3909,8,-2.5521,60,0.53157,32,-0.4759,59,0.45066,38,-0.2227,63,0.81231
ENSG00000074054,CLASP1,2,-4.8164,31,-0.9273,60,0.09165,57,0.01505,42,-0.4785,105,0.98859,76,0.45585,61,0.11503,65,0.29690
ENSG00000155438,NIFK,2,-3.3234,26,0.38773,27,0.50010,6,-1.7386,22,0.16500,20,-0.0166,33,0.79340,12,-0.7220,22,0.23805
ENSG00000211460,TSN,5,-3.5067,69,0.15648,71,0.18926,43,-0.5643,47,-0.4623,82,0.41914,64,0.02528,106,0.84657,70,0.22762
ENSG00000136717,BIN1,157,-0.4392,604,1.77793,184,-0.1958,104,-1.0669,149,-0.5528,165,-0.3619,211,0.01617,171,-0.3107,205,-0.0393
ENSG00000163161,ERCC3,2,-3.6600,23,-0.1907,12,-1.0882,0,-5.2376,18,-0.5585,34,0.40939,33,0.40278,44,0.83348,38,0.86533
ENSG00000169967,MAP3K2,52,1.17081,46,0.95584,20,-0.3325,43,0.87285,18,-0.4997,17,-0.5923,25,0.02909,7,-1.7794,19,-0.4928
ENSG00000163166,IWS1,2,-3.7701,65,1.40400,31,0.22145,20,-0.4648,25,-0.1230,31,0.20530,29,0.08488,34,0.31939,23,-0.3269
ENSG00000136709,WDR33,2,-4.0278,39,0.26247,27,-0.2911,9,-1.8484,30,-0.1475,45,0.50924,38,0.25392,30,-0.1280,44,0.64119
ENSG00000144231,POLR2D,2,-3.2243,27,0.55650,43,1.34082,0,-4.7599,18,-0.0872,24,0.41238,23,0.34158,12,-0.6556,19,0.03514
ENSG00000136715,SAP130,2,-3.1674,15,-0.2639,2,-2.8441,64,2.16612,13,-0.5456,34,1.02091,20,0.13718,7,-1.3433,16,-0.2571
ENSG00000136731,UGGT1,2,-3.1043,27,0.70691,13,-0.3835,0,-4.6533,18,0.10109,21,0.31503,19,0.20171,18,0.10762,21,0.46579
ENSG00000136720,HS6ST1,45,-0.3172,30,-0.9360,43,-0.3933,17,-1.7620,46,-0.3364,19,-1.5982,94,0.83016,89,0.73191,74,0.63681
ENSG00000136699,SMPD4,37,0.26522,54,0.85940,44,0.51739,9,-1.8055,21,-0.6314,31,-0.0013,27,-0.2434,31,-1.0196,33,0.10358
ENSG00000152082,MZT2B,561,0.34496,406,-0.1601,422,-0.1016,397,-0.1956,500,0.17955,349,-0.3950,402,-0.1752,507,0.18461,453,0.01154
ENSG00000136710,CCDC115,2,-4.8462,52,-0.1513,50,-0.2272,68,0.25661,44,-0.4366,53,-0.1329,62,0.09673,117,1.13647,65,0.24248
ENSG00000136718,IMP4,53,-0.1184,48,-0.2725,50,-0.2230,76,0.44320,51,-0.1949,63,0.13866,78,0.47642,52,-0.1502,56,-0.0461
ENSG00000072135,PTPN18,90,2.11302,17,-0.5956,22,-0.2092,36,0.52579,22,-0.2773,14,-0.9367,21,-0.3023,24,-0.1169,17,-0.8159
ENSG00000178171,AMER3,50,1.94351,0,-9.5776,4,-2.0397,20,0.36897,7,-1.2583,14,-0.1122,14,-0.1841,3,-2.2754,21,0.66070
ENSG00000136002,ARHGEF4,101,-0.3745,75,-0.8249,91,-0.5320,123,-0.0703,128,-0.0174,157,0.30733,146,0.19652,139,0.11297,147,0.28354
ENSG00000152102,FAM168B,67,-0.8123,77,-0.6106,75,-0.6522,60,-0.9745,95,-0.3070,114,-0.0131,115,0.01058,162,0.54526,157,0.71388
ENSG00000115762,PLEKHB2,16,-3.5940,126,-0.5846,125,-0.5899,194,0.08305,160,-0.2342,186,0.01917,306,0.81213,224,0.30904,224,0.42657
ENSG00000173272,MZT2A,94,-1.2553,132,-0.7508,224,0.06161,195,-0.1511,251,0.26456,268,0.34633,204,-0.0839,177,-0.3016,251,0.32728
ENSG00000150551,LYPD1,2,-3.2348,6,-1.6273,58,1.87038,0,-4.7851,41,1.43385,14,-0.4520,8,-1.2047,21,0.19969,13,-0.6615
ENSG00000152127,MGAT5,5,-2.8144,40,0.17810,27,-0.3964,0,-5.4156,32,-0.1672,38,0.11772,25,-0.5632,69,1.04863,49,0.69211
ENSG00000152128,TMEM163,150,2.16767,8,-2.4029,6,-2.7110,1,-4.7028,19,-1.2440,52,0.33143,44,0.07473,22,-0.9525,56,0.63382
ENSG00000082258,CCNT2,2,-3.3457,20,0.01062,32,0.74108,0,-4.8926,20,-0.0315,45,1.28725,23,0.20069,6,-1.7808,24,0.32893
ENSG00000115839,RAB3GAP1,2,-5.1954,32,-1.2807,64,-0.2313,51,-0.5739,53,-0.5599,112,0.65516,148,1.11880,55,-0.4638,98,0.64042
ENSG00000048991,R3HDM1,2,-4.9574,13,-2.3094,8,-3.0348,30,-1.1230,60,-0.0953,90,0.55706,115,0.95562,60,-0.0845,96,0.98054
ENSG00000144224,UBXN4,2,-5.0397,130,1.08941,105,0.72122,82,0.32420,71,0.10890,66,-5.2945,48,-0.5113,59,-0.1876,58,-0.2846
ENSG00000076003,MCM6,16,0.06797,9,-0.7512,18,0.23494,0,-4.4754,7,-1.1575,33,1.24535,9,-0.8286,11,-0.4465,22,0.80247
ENSG00000115866,DARS,152,1.27723,85,0.32185,136,1.08627,34,-1.0767,65,-0.1000,34,-1.0552,44,-0.6762,45,-0.6505,60,-0.2964
ENSG00000150540,HNMT,2,-3.1327,43,1.46928,26,0.60111,0,-4.6826,17,-0.0414,22,0.37748,23,0.40213,12,-0.5265,16,-0.1503
ENSG00000144228,SPOPL,4,-2.4711,34,0.67835,37,0.84956,62,1.72507,11,-1.1269,14,-0.6991,14,-0.6121,20,-0.1530,19,-0.2367
ENSG00000168702,LRP1B,5,-2.5928,10,-1.7560,27,-0.3131,57,0.86482,24,-0.5404,99,1.82607,26,-0.3685,43,0.39308,29,-0.2708
ENSG00000121964,GTDC1,2,-3.8705,35,0.27780,30,0.03447,1,-4.7312,31,0.07896,36,0.31698,24,-0.2790,56,1.03234,34,0.31327
ENSG00000169554,ZEB2,53,-0.9889,370,2.22819,188,0.99681,75,-0.4515,102,0.01591,96,-0.0853,44,-1.2488,99,-0.0239,46,-1.4355
ENSG00000121989,ACVR2A,49,0.62012,8,-2.1471,1,-4.9252,100,1.84154,16,-1.1203,107,1.97971,21,-0.7035,11,-1.6841,25,-0.5186
ENSG00000115947,ORC4,2,-4.7530,31,-0.8345,31,-0.8339,53,-0.0226,47,-0.2389,75,0.51206,104,1.05254,43,-0.3504,68,0.48414
ENSG00000204406,MBD5,2,-2.5340,15,0.06384,13,-0.0812,1,-3.6920,14,0.04996,19,0.46379,15,0.10212,9,-0.7321,20,0.79211
ENSG00000135999,EPC2,2,-2.7658,19,0.57157,7,-0.9596,4,-1.5936,16,0.31158,27,1.09847,8,-0.7780,9,-0.6408,17,0.44607
ENSG00000168280,KIF5C,111,-1.4037,288,0.04486,183,-0.6524,278,-0.0126,290,0.05936,345,0.32798,288,0.04144,281,0.00499,322,0.29910
ENSG00000168288,MMADHC,36,-0.8224,44,-0.5042,37,-0.7543,78,0.38102,42,-0.6393,50,-0.3207,66,0.11850,92,0.63475,78,0.52414
ENSG00000115963,RND3,2,-4.0687,0,-5.5596,3,-3.5279,309,4.79097,16,-1.2018,7,-2.3360,1,-4.5572,8,-2.1187,19,-1.0504
ENSG00000080345,RIF1,74,0.84507,61,0.54328,55,0.37271,59,0.48195,29,-0.6537,38,-0.1900,27,-0.7088,20,-1.1679,43,-0.0256
ENSG00000162980,ARL5A,12,-1.7239,54,0.57087,30,-0.3397,61,0.77313,36,-0.0734,48,0.39423,36,-0.0654,25,-0.6236,37,-3.2541
ENSG00000182389,CACNB4,45,-0.6634,9,-3.0486,19,-1.9202,61,-0.2030,43,-0.7847,73,0.07292,65,-0.0931,63,-0.1547,121,1.35972
ENSG00000115145,STAM2,2,-3.5805,35,0.59510,50,1.17728,47,1.09028,22,-0.1236,18,-0.3966,18,-0.3933,26,0.14875,17,-0.6125
ENSG00000157827,FMNL2,2,-5.4718,391,2.55350,192,1.21527,37,-1.3593,94,0.06252,87,-0.0679,67,-0.4798,61,-0.6051,40,-1.5160
ENSG00000196504,PRPF40A,2,-3.9543,62,1.12321,61,1.08289,6,-2.4452,33,0.09962,27,-0.2098,25,-0.3076,25,-0.3226,32,0.08305
ENSG00000162989,KCNJ3,2,-5.3008,13,-2.7007,28,-1.5727,70,-0.2034,51,-0.7389,184,1.36282,71,-0.1766,151,1.02360,105,0.59826
ENSG00000153234,NR4A2,2,-4.1804,2,-4.0722,18,-1.2808,3,-3.9503,40,-0.1166,406,4.89530,5,-3.0605,7,-2.5708,10,-2.5182
ENSG00000115159,GPD2,116,1.35419,6,-2.9912,58,0.21740,33,-0.6648,52,0.05604,111,1.28149,33,-0.6421,26,-1.0233,42,-0.3523
ENSG00000136541,ERMN,2,-5.7998,1180,4.62597,237,0.90764,15,-3.2190,77,-0.9153,46,-1.6050,12,-3.5287,50,-1.4772,13,-3.8123
ENSG00000115170,ACVR1,2,-2.7250,9,-0.4800,10,-0.3456,5,-1.5056,12,-0.1564,21,0.76716,10,-0.4228,21,0.74810,17,0.55692
ENSG00000144283,PKP4,161,1.01017,167,1.07566,137,0.73671,105,0.31066,80,-0.1198,109,0.37147,51,-0.7925,55,-0.6805,43,-1.2735
ENSG00000115183,TANC1,2,-2.4966,36,1.91525,8,-0.5286,0,-4.0495,8,-0.5730,0,-6.9560,2,-2.3557,1,-2.8170,20,1.45593
ENSG00000123636,BAZ2B,45,0.62286,75,1.48551,66,1.26007,0,-5.4410,44,0.68326,24,-0.3655,10,-1.5836,15,-1.0788,17,-1.0468
ENSG00000136536,MARCH7,2,-4.0257,29,-0.1860,36,0.13325,63,1.05995,19,-0.8367,59,0.93531,44,0.45833,25,-0.4106,32,-0.0297
ENSG00000241399,CD302,25,1.06827,12,-0.0787,50,2.32206,8,-0.6976,23,1.07747,1,-2.8958,2,-2.4053,0,-5.2320,5,-1.5849
ENSG00000136560,TANK,2,-4.0986,34,-0.0167,65,1.02480,48,0.52790,24,-0.5684,21,-0.7677,34,-0.0019,19,-0.8715,44,0.52792
ENSG00000115233,PSMD14,116,0.34603,66,-0.5309,101,0.13681,83,-0.1793,75,-0.3466,123,0.44380,136,0.60039,79,-0.2570,88,-0.1012
ENSG00000136535,TBR1,2,-5.0856,0,-7.0941,22,-1.8359,4,-4.1869,59,-0.3808,402,3.09689,118,0.73773,49,-0.6201,62,-0.3586
ENSG00000144290,SLC4A10,21,-2.4326,3,-4.8857,34,-1.7278,108,-0.0025,66,-0.8189,245,1.33166,160,0.62276,119,0.14651,146,0.67853
ENSG00000115271,GCA,2,-4.0844,99,1.58431,43,0.20857,23,-0.7631,28,-0.4988,27,-0.5326,47,0.33672,17,-1.1834,45,0.34902
ENSG00000115290,GRB14,58,2.25369,4,-2.0415,0,-7.7892,0,-4.4922,7,-1.1362,0,-8.5606,3,-2.2051,1,-3.9498,30,1.70674
ENSG00000153253,SCN3A,7,-2.7863,5,-3.1347,42,-0.1673,60,0.40325,32,-0.5996,103,1.29148,58,0.34575,49,0.07464,54,0.32307
ENSG00000136531,SCN2A,122,-1.0667,8,-4.9967,62,-2.0749,269,0.13486,162,-0.6917,555,1.32615,342,0.51515,277,0.17942,312,0.52005
ENSG00000178662,CSRNP3,127,0.65317,11,-3.0019,33,-1.4297,5,-4.1669,57,-0.6537,109,0.41082,140,0.81454,75,-0.1732,121,0.81755
ENSG00000123607,TTC21B,2,-2.9288,8,-0.8737,22,0.60216,53,2.11220,8,-0.9350,11,-0.4680,11,-0.4116,16,0.11538,14,-0.1704
ENSG00000144285,SCN1A,55,0.05738,4,-3.6277,4,-3.7344,107,1.12218,28,-1.0580,9,-2.5812,57,0.09711,114,1.23490,72,0.66794
ENSG00000172318,B3GALT1,2,-2.5723,1,-2.7204,23,1.07482,11,-0.0406,12,0.04294,31,1.54912,5,-1.1720,9,-0.3329,11,-0.0670
ENSG00000198648,STK39,2,-5.2658,128,0.80352,70,-0.1581,56,-0.4997,76,-0.0273,81,0.07179,127,0.78886,68,-0.1961,81,0.08327
ENSG00000172292,CERS6,49,-0.4672,15,-2.2337,67,0.00427,53,-0.3366,32,-1.1906,55,-0.2816,109,0.79190,60,-0.1609,98,0.89971
ENSG00000081479,LRP2,2,-2.7291,114,4.48543,39,1.79683,1,-3.7058,4,-1.9074,6,-1.0870,0,-5.4931,0,-5.5162,0,-4.6071
ENSG00000163093,BBS5,2,-2.9057,11,-0.4799,18,0.30992,36,1.41010,11,-0.4514,16,0.15391,8,-0.8699,10,-0.6518,18,0.34920
ENSG00000138399,FASTKD1,2,-2.9508,9,-0.7524,6,-1.2764,19,0.29242,8,-1.0093,21,0.49050,11,-0.5074,40,1.58013,19,0.42590
ENSG00000138398,PPIG,2,-5.0082,120,0.79352,83,0.20889,109,0.63984,89,0.34866,99,0.48343,54,-0.4491,53,-0.4855,62,-0.3213
ENSG00000154479,CCDC173,2,-2.7873,31,1.29516,7,-0.8874,36,1.56884,29,1.39694,2,-2.5556,0,-8.5428,10,-0.4837,8,-0.9910
ENSG00000213160,KLHL23,2,-3.4496,12,-0.8613,31,0.55564,0,-4.9936,21,-0.0602,37,0.83786,17,-0.3559,26,0.29421,29,0.61416
ENSG00000138385,SSB,179,0.74215,89,-0.3658,90,-0.3359,96,-0.2499,99,-0.2030,124,0.16017,150,0.45174,119,0.09022,104,-0.1633
ENSG00000138382,METTL5,191,1.49151,60,-0.3709,74,-0.0578,28,-1.5029,54,-0.5761,55,-0.5103,83,0.12239,52,-0.5867,87,0.25921
ENSG00000144357,UBR3,46,-0.9420,41,-1.0908,51,-0.7652,58,-0.5878,47,-0.9509,125,0.61345,138,0.77324,97,0.20063,114,0.64718
ENSG00000128683,GAD1,44,-3.0600,7,-5.6833,120,-1.5812,2927,4.51599,75,-2.3753,8,-5.5055,29,-3.6563,423,0.33091,187,-1.1350
ENSG00000115806,GORASP2,184,1.90199,59,-0.0112,63,0.08872,0,-6.1502,30,-1.0920,83,0.53624,61,0.04218,72,0.31124,47,-0.4582
ENSG00000198586,TLK1,91,0.58497,23,-1.4860,30,-1.1364,38,-0.7754,56,-0.2029,81,0.39673,69,0.14595,58,-0.1360,79,0.50558
ENSG00000123600,METTL8,26,1.38534,14,0.41366,14,0.37079,0,-4.0324,9,-0.2790,7,-0.7248,3,-1.6654,5,-1.0048,13,0.43406
ENSG00000071967,CYBRD1,44,0.52662,50,0.71182,116,2.20749,13,-1.2952,43,0.53013,15,-1.0992,9,-1.8191,4,-2.8707,19,-0.9960
ENSG00000077380,DYNC1I2,26,-2.6182,560,2.24527,320,1.21341,86,-0.8609,121,-0.3720,171,0.18657,115,-0.4272,69,-1.1864,96,-0.8838
ENSG00000115840,SLC25A12,2,-4.8898,15,-2.0802,17,-1.8525,161,1.64706,35,-0.8752,85,0.55491,77,0.40054,62,0.04823,72,0.40616
ENSG00000128708,HAT1,2,-2.9486,39,1.52182,32,1.19613,11,-0.5106,14,-0.1669,24,0.71805,2,-2.8141,17,0.12726,11,-0.6095
ENSG00000144355,DLX1,2,-3.8852,1,-4.4081,12,-1.3240,196,3.60661,10,-1.6297,0,-7.1576,1,-4.8396,80,1.63877,18,-0.9266
ENSG00000091409,ITGA6,2,-2.9844,22,0.52370,111,3.76334,7,-1.2325,15,-0.0934,7,-1.1782,1,-3.4421,1,-3.6968,6,-1.6725
ENSG00000091428,RAPGEF4,60,-1.1732,130,-0.0114,135,0.04724,113,-0.2299,217,0.91387,186,0.56185,76,-0.8328,139,0.09799,106,-0.4065
ENSG00000091436,MAP3K20,37,1.33180,25,0.69289,31,1.04978,1,-4.0933,14,-0.2171,22,0.50552,9,-0.8246,23,0.58651,8,-1.2364
ENSG00000172845,SP3,49,0.73180,21,-0.5910,72,1.37658,62,1.09838,23,-0.4957,37,0.29144,17,-0.8684,12,-1.4097,22,-0.6908
ENSG00000138430,OLA1,88,-0.9870,45,-1.9638,87,-1.0120,211,0.35291,116,-0.6199,205,0.30968,240,0.56151,210,0.34593,218,0.57394
ENSG00000138433,CIR1,10,-2.2497,58,0.38911,82,0.94717,38,-0.2516,45,-0.0112,69,0.66821,41,-0.1433,30,-0.6190,42,-0.1278
ENSG00000144306,SCRN3,2,-2.8192,13,-0.1125,14,0.04432,8,-0.8208,13,-0.1777,8,-0.7494,18,0.41953,19,0.47161,18,0.60303
ENSG00000163328,GPR155,39,-1.1864,30,-1.5861,55,-0.6606,148,0.87992,65,-0.4552,170,1.11672,76,-0.1886,165,1.05967,74,-0.2771
ENSG00000115935,WIPF1,19,-0.5061,174,3.50665,87,1.95718,0,-5.3096,21,-0.4424,12,-1.1506,3,-2.9530,6,-2.1026,2,-3.9634
ENSG00000128656,CHN1,497,-1.1506,47,-4.5757,295,-1.9269,516,-1.0957,745,-0.5815,2094,1.10739,2063,1.08211,683,-0.6737,1517,0.82902
ENSG00000115966,ATF2,26,-1.5211,41,-0.8330,69,-0.0351,126,0.92936,47,-0.6685,87,0.32014,71,0.01093,96,0.48306,77,0.18881
ENSG00000154518,ATP5MC3,194,-1.0642,219,-0.8762,255,-0.6520,373,-0.0638,339,-0.2312,325,-0.2807,643,0.80604,540,0.51936,458,0.35152
ENSG00000144320,LNPK,2,-4.3006,33,-0.2977,32,-0.3009,76,1.04707,27,-0.6239,36,-0.1434,56,0.55732,27,-0.5790,49,0.48989
ENSG00000128654,MTX2,42,-0.7801,46,-0.6513,31,-1.2522,41,-0.8291,47,-0.6577,83,0.25736,144,1.15811,76,0.11864,90,0.53083
ENSG00000170144,HNRNPA3,114,-0.5548,185,0.19466,84,-1.0151,174,0.10069,157,-0.0656,173,0.08882,137,-0.2783,195,0.27682,187,0.29080
ENSG00000116044,NFE2L2,3,-3.8706,154,1.84747,129,1.52417,51,0.00799,62,0.33911,32,-0.7123,26,-1.0222,24,-1.1213,30,-1.0052
ENSG00000018510,AGPS,43,0.50788,45,0.58583,19,-0.7502,78,1.50452,17,-0.9406,32,0.03874,35,0.16913,13,-1.3213,26,-0.3306
ENSG00000079156,OSBPL6,179,2.19917,10,-2.3354,15,-1.7890,92,0.99977,41,-0.3093,36,-0.4964,30,-0.7588,38,-0.3856,40,-0.4151
ENSG00000180228,PRKRA,2,-4.7325,67,0.21950,60,0.05028,97,0.81696,37,-0.7468,52,-0.1723,72,0.33586,63,0.12510,67,0.31403
ENSG00000116095,PLEKHA3,45,0.11773,24,-0.8293,33,-0.3800,57,0.47747,29,-0.5922,49,0.24996,56,0.45820,52,0.32897,43,0.03492
ENSG00000187231,SESTD1,92,1.65308,74,1.27870,30,-0.1803,16,-1.1196,26,-0.4409,17,-1.0525,30,-0.1721,12,-1.5141,29,-0.3035
ENSG00000144331,ZNF385B,2,-3.8838,0,-5.6027,9,-1.7341,11,-1.4272,20,-0.6372,38,0.38671,78,1.59474,37,0.35677,42,0.80886
ENSG00000163510,CWC22,2,-2.8908,19,0.41096,37,1.47904,43,1.77430,13,-0.2224,19,0.36337,10,-0.5069,5,-1.4936,8,-1.1902
ENSG00000170035,UBE2E3,123,-0.0060,73,-0.8100,75,-0.7699,210,0.84779,78,-0.7469,104,-0.2749,147,0.26498,140,0.19592,145,0.34390
ENSG00000138434,ITPRID2,52,0.53824,91,1.48805,68,0.99543,7,-2.3760,35,-0.0594,34,-0.1344,27,-0.4627,27,-0.4602,25,-0.7323
ENSG00000115252,PDE1A,106,0.20502,46,-1.0588,45,-1.0923,74,-0.3463,68,-0.5042,249,1.63657,178,1.05374,47,-1.0285,81,-0.2750
ENSG00000077232,DNAJC10,24,-0.9868,31,-0.5921,45,-0.0211,89,1.06715,31,-0.6395,59,0.40772,61,0.46309,25,-0.9413,50,0.17448
ENSG00000061676,NCKAP1,179,-0.4886,72,-1.8434,126,-1.0176,183,-0.4531,191,-0.4201,346,0.54431,365,0.63136,269,0.14131,317,0.57200
ENSG00000065548,ZC3H15,104,-0.5596,62,-1.3502,108,-0.5073,254,0.84426,122,-0.3431,184,0.32221,201,0.46353,110,-0.4831,171,0.27850
ENSG00000138448,ITGAV,59,-0.2709,169,1.44575,154,1.28302,32,-1.1962,77,0.16181,83,0.26307,21,-1.7639,37,-0.9649,50,-0.6403
ENSG00000144369,FAM171B,115,-0.5348,72,-1.2322,177,0.12820,128,-0.3651,152,-0.1107,443,1.66410,117,-0.5094,125,-0.4093,158,-0.0543
ENSG00000204262,COL5A2,2,-2.7697,2,-2.3700,0,-7.6209,0,-4.3233,3,-2.3737,0,-8.4558,0,-4.1756,0,-4.9840,42,4.81851
ENSG00000115368,WDR75,2,-2.5873,17,0.52908,0,-6.5733,1,-3.1826,10,-0.1984,11,-0.0516,13,0.18905,5,-1.3077,21,1.39246
ENSG00000138381,ASNSD1,40,0.12719,27,-0.5020,24,-0.6603,17,-1.1928,24,-0.7053,50,0.45721,44,0.24860,57,0.67610,44,0.37216
ENSG00000128699,ORMDL1,115,1.09281,46,-0.3570,61,0.07544,51,-0.2058,38,-0.7161,58,-0.0008,71,0.30953,42,-0.5150,60,0.04686
ENSG00000064933,PMS1,2,-2.7555,9,-0.5904,9,-0.5365,0,-4.0506,10,-0.4410,15,0.14271,16,0.24383,14,0.04553,22,1.19685
ENSG00000187699,C2orf88,2,-2.4322,80,3.94046,16,0.64343,1,-2.7889,3,-1.6749,2,-2.1943,3,-1.8156,5,-1.0131,5,-1.2023
ENSG00000198130,HIBCH,2,-3.7509,47,0.87250,34,0.36340,51,1.00929,33,0.36984,26,-0.0369,28,0.04843,24,-0.1906,18,-0.7568
ENSG00000151689,INPP1,5,-2.8975,75,1.06450,93,1.44698,28,-0.4695,28,-0.5374,43,0.18282,38,-0.0084,38,-0.0336,31,-0.4221
ENSG00000151690,MFSD6,151,0.43729,101,-0.1910,73,-0.6798,102,-0.1796,68,-0.8376,137,0.28594,192,0.82835,93,-0.3172,125,0.18999
ENSG00000138386,NAB1,57,1.07130,30,0.05172,50,0.86991,59,1.13102,21,-0.5595,38,0.40832,23,-0.3488,10,-1.5208,17,-0.9604
ENSG00000115419,GLS,390,1.00958,23,-3.2382,76,-1.5172,134,-0.6779,106,-1.0891,257,0.33228,305,0.60767,237,0.20140,268,0.56072
ENSG00000115415,STAT1,66,-0.0381,31,-1.1811,68,0.00857,82,0.29162,35,-1.0916,62,-0.1556,66,-0.0527,74,0.14073,92,0.66185
ENSG00000144339,TMEFF2,2,-5.6011,111,-0.0974,111,-0.0945,217,0.98286,53,-1.2957,299,1.53359,180,0.67501,102,-0.2177,101,-0.3047
ENSG00000196950,SLC39A10,158,-0.1023,16,-3.4737,38,-2.2290,98,-0.8405,98,-0.8872,99,-0.8242,394,1.38939,162,-0.0676,259,1.00408
ENSG00000138411,HECW2,2,-3.3010,29,0.49788,20,-0.0890,0,-4.9461,15,-0.5902,48,1.34222,20,-0.0907,27,0.36989,25,0.33357
ENSG00000119041,GTF3C3,2,-3.0286,17,0.09606,24,0.58154,0,-4.5712,12,-0.5247,23,0.52230,23,0.56877,17,0.04756,20,0.49627
ENSG00000197121,PGAP1,148,1.19168,19,-1.9890,32,-1.1857,82,0.23070,26,-1.5583,72,0.03091,59,-0.2717,93,0.43398,91,0.54126
ENSG00000065413,ANKRD44,2,-2.2908,25,1.50731,9,-0.0287,0,-3.8488,6,-0.6856,3,-1.4384,4,-1.2911,19,1.06089,13,0.57312
ENSG00000115524,SF3B1,2,-5.5415,121,0.40327,128,0.49389,154,0.79092,64,-0.6194,113,0.28800,80,-0.2475,121,0.39809,93,-0.0169
ENSG00000115520,COQ10B,2,-4.3204,29,-0.4689,10,-1.9905,79,1.09449,26,-0.6739,39,-0.0547,56,0.52588,40,-0.0106,53,0.62899
ENSG00000144381,HSPD1,146,-0.1935,161,-0.0437,169,0.03435,123,-0.4546,126,-0.4548,161,-0.0360,209,0.36960,295,0.93232,158,-0.0895
ENSG00000115541,HSPE1,140,-0.7749,348,0.64823,289,0.34630,133,-0.8451,246,0.10235,166,-0.5129,243,0.07193,290,0.35112,228,-0.0332
ENSG00000115540,MOB4,2,-5.1540,38,-0.9804,43,-0.7708,81,0.19373,49,-0.6134,87,0.29838,110,0.68044,69,-0.0569,101,0.77741
ENSG00000162944,RFTN2,2,-4.1197,149,2.52776,90,1.55574,48,0.49946,36,0.04372,10,-1.8954,2,-4.2110,20,-0.8462,16,-1.4495
ENSG00000115896,PLCL1,36,0.10289,153,2.66127,22,-0.6287,9,-1.9765,20,-0.8619,5,-2.7411,21,-0.7357,11,-1.6049,35,0.10375
ENSG00000119042,SATB2,2,-4.0285,10,-1.7009,7,-2.2930,0,-5.3707,20,-0.7916,87,1.62049,57,0.89227,38,0.22968,46,0.75863
ENSG00000178074,C2orf69,70,0.65221,32,-0.5578,22,-1.1278,46,-0.0220,37,-0.3840,83,0.94014,39,-0.2487,66,0.56117,43,-0.1720
ENSG00000162971,TYW5,2,-2.5097,15,0.39765,10,-0.2342,2,-2.1196,12,0.15526,29,1.54966,6,-0.8872,8,-0.4925,12,0.20113
ENSG00000162972,MAIP1,2,-3.1667,7,-1.2683,12,-0.6298,20,0.20071,15,-0.2874,29,0.75596,23,0.42130,12,-0.6475,24,0.67424
ENSG00000196141,SPATS2L,10,-2.6312,50,-0.2924,81,0.45217,46,-0.4313,48,-0.4001,35,-0.8417,89,0.60127,53,-0.2098,83,0.68949
ENSG00000082153,BZW1,2,-5.6959,129,0.19968,174,0.66881,31,-1.9486,91,-0.3819,188,0.79768,130,0.21094,103,-0.1635,136,0.38189
ENSG00000013441,CLK1,6,-3.0771,121,1.52711,91,1.03672,24,-1.0394,37,-0.4287,55,0.22878,34,-0.5004,54,0.18658,40,-0.3288
ENSG00000240344,PPIL3,2,-2.4358,20,0.98746,10,-0.0788,0,-3.9923,11,-0.0063,11,0.08197,9,-0.2185,7,-0.5188,14,0.63629
ENSG00000196290,NIF3L1,46,1.04216,27,0.14501,10,-1.2347,52,1.21999,10,-1.4438,14,-0.7814,34,0.54072,13,-0.9677,25,0.04595
ENSG00000115942,ORC2,2,-2.1026,17,1.06911,7,-0.3546,0,-3.6595,7,-0.3118,29,2.05672,7,-0.3099,0,-3.9595,8,0.02157
ENSG00000155744,FAM126B,58,-0.0196,8,-2.9276,19,-1.6912,34,-0.8252,41,-0.5946,73,0.32859,93,0.72149,85,0.58333,79,0.63962
ENSG00000119013,NDUFB3,115,-0.6552,161,-0.1438,156,-0.1996,171,-0.0496,155,-0.2232,141,-0.3480,225,0.37617,270,0.67091,188,0.12529
ENSG00000003402,CFLAR,2,-2.8237,32,1.34816,32,1.30652,7,-0.9143,21,0.66086,9,-0.5997,4,-1.7064,10,-0.4450,11,-0.4762
ENSG00000115993,TRAK2,47,0.12242,58,0.44937,68,0.70472,3,-3.8683,45,0.06052,60,0.51238,31,-0.5205,25,-0.8663,46,0.11661
ENSG00000082146,STRADB,2,-3.1074,36,1.20875,8,-1.1254,28,0.75135,23,0.49994,20,0.22967,17,-0.0439,2,-2.8465,16,-0.1266
ENSG00000155755,TMEM237,2,-3.7620,20,-0.4476,29,0.11664,33,0.31820,21,-0.4038,38,0.51853,24,-0.2146,31,0.19810,33,0.44894
ENSG00000003393,ALS2,2,-3.6929,14,-0.9161,12,-1.0980,28,0.13177,16,-0.7618,20,-0.3528,50,1.06857,36,0.52819,35,0.68059
ENSG00000116030,SUMO1,88,-0.5354,81,-0.6607,100,-0.3411,94,-0.4372,102,-0.3288,144,0.22466,181,0.59381,142,0.21186,146,0.34566
ENSG00000055044,NOP58,2,-4.1568,35,-0.0230,12,-1.6705,22,-0.7185,39,0.15815,35,-0.0517,37,0.06165,53,0.63276,48,0.63483
ENSG00000204217,BMPR2,82,-0.5880,27,-2.2405,88,-0.4638,148,0.33327,101,-0.2807,202,0.83869,153,0.39235,107,-0.1742,136,0.28254
ENSG00000138439,FAM117B,48,1.57338,11,-0.7316,7,-1.3199,23,0.35084,8,-1.2507,27,0.62924,14,-0.3644,5,-1.9086,21,0.32391
ENSG00000163596,ICA1L,2,-3.7316,12,-1.1223,20,-0.4473,25,-0.0756,25,-0.0780,46,0.85490,39,0.62168,31,0.23441,30,0.24613
ENSG00000138442,WDR12,2,-3.1358,13,-0.4448,10,-0.8042,12,-0.5843,19,0.11428,25,0.57950,26,0.63207,25,0.52861,19,0.19915
ENSG00000138380,CARF,2,-2.1392,15,0.91051,2,-1.9731,2,-1.8144,12,0.50686,3,-1.2755,17,1.04538,4,-1.0208,11,0.44703
ENSG00000138443,ABI2,106,-0.6825,95,-0.8520,87,-0.9892,54,-1.6905,136,-0.3335,303,0.97002,194,0.25095,155,-0.1022,222,0.65894
ENSG00000173166,RAPH1,2,-3.5069,3,-2.8569,0,-8.3467,35,0.68968,20,-0.2430,24,0.05929,42,0.97012,19,-0.2293,33,0.83862
ENSG00000118257,NRP2,2,-3.1192,5,-1.6831,25,0.56206,0,-4.6051,18,0.04072,17,-0.0594,14,-0.3014,18,0.04908,27,1.04247
ENSG00000114933,INO80D,6,-0.6666,11,0.15415,13,0.40654,0,-3.9223,8,-0.3756,17,0.79076,11,0.06771,2,-2.4022,14,0.67793
ENSG00000023228,NDUFS1,56,-1.1998,68,-0.9201,115,-0.1132,88,-0.5239,100,-0.3466,115,-0.1163,175,0.55252,117,-0.0864,168,0.69440
ENSG00000114942,EEF1B2,377,0.13078,519,0.64271,533,0.68602,355,0.03840,360,0.06693,246,-0.5296,219,-0.7036,322,-0.1121,303,-0.2694
ENSG00000204186,ZDBF2,2,-3.7992,6,-2.1436,6,-2.2887,0,-5.3356,20,-0.5108,57,1.14203,31,0.18758,22,-0.3261,49,1.39662
ENSG00000114948,ADAM23,3,-4.1785,5,-3.7623,6,-3.3341,31,-1.0886,36,-0.8917,103,0.78470,137,1.26775,69,0.13661,98,1.04049
ENSG00000118246,FASTKD2,2,-3.8502,11,-1.3672,18,-0.7072,63,1.26040,25,-0.2427,46,0.72232,32,0.17603,28,-0.0729,31,0.17730
ENSG00000118263,KLF7,2,-3.6256,31,0.35448,26,0.06283,30,0.30996,23,-0.1059,46,0.99763,38,0.70048,29,0.24813,18,-0.5995
ENSG00000118260,CREB1,2,-3.5237,25,0.14784,48,1.18857,27,0.27173,19,-0.3377,22,-0.0882,32,0.52510,8,-1.5474,24,0.10884
ENSG00000144401,METTL21A,2,-3.1949,29,0.73796,19,0.07182,3,-2.3226,13,-0.5978,14,-0.3494,27,0.63431,24,0.43706,23,0.50925
ENSG00000178385,PLEKHM3,2,-3.6106,18,-0.4472,18,-0.4344,6,-1.9321,22,-0.1893,30,0.34417,38,0.69911,14,-0.7976,37,0.92734
ENSG00000188674,C2orf80,80,0.03834,9,-3.2169,7,-3.4414,48,-0.7256,54,-0.6033,84,0.11974,156,1.13359,55,-0.5206,116,0.92295
ENSG00000138413,IDH1,2,-2.8449,20,0.51279,23,0.73323,0,-4.3644,17,0.30384,5,-1.4453,18,0.32092,21,0.61807,16,0.18650
ENSG00000115020,PIKFYVE,66,1.20630,26,-0.2605,43,0.52527,3,-3.3758,27,-0.2326,36,0.21211,34,0.13561,40,0.38678,26,-0.3807
ENSG00000078018,MAP2,488,-0.3572,49,-3.7281,284,-1.1743,669,0.13280,907,0.69300,781,0.37856,397,-0.6699,701,0.20656,701,0.28277
ENSG00000144406,UNC80,72,0.12963,9,-2.8700,30,-1.1691,85,0.40072,51,-0.4336,65,-0.0125,97,0.60983,85,0.39545,78,0.36341
ENSG00000197713,RPE,2,-3.5181,27,0.26418,15,-0.6600,16,-0.5469,24,0.07397,27,0.24643,29,0.37989,38,0.81645,24,0.09134
ENSG00000115365,LANCL1,138,-0.5437,413,1.20579,178,-0.1562,178,-0.1602,130,-0.6888,172,-0.2103,166,-0.2698,232,0.25800,206,0.09509
ENSG00000178568,ERBB4,2,-4.0161,20,-0.7443,55,0.84925,30,-0.1033,37,0.24430,9,-1.8069,10,-1.7473,63,1.06848,39,0.41145
ENSG00000144451,SPAG16,95,1.09981,78,0.77074,85,0.91406,46,-0.0546,39,-0.3397,46,-0.0641,29,-0.7547,29,-0.7675,34,-0.6492
ENSG00000138363,ATIC,2,-4.2667,48,0.35566,33,-0.2611,32,-0.2990,40,0.06606,68,0.90047,53,0.49720,30,-0.3908,39,0.02474
ENSG00000115414,FN1,2,-3.7441,20,-0.4831,97,2.17772,3,-2.8882,85,2.33344,7,-1.8874,0,-5.5347,7,-1.9421,11,-1.5802
ENSG00000079246,XRCC5,2,-5.4108,130,0.48622,79,-0.2998,72,-0.4249,74,-0.4112,125,0.43252,139,0.59561,83,-0.2073,115,0.40912
ENSG00000260804,LINC01963,2,-3.9623,12,-1.4151,29,-0.1355,25,-0.3187,33,0.08006,39,0.35614,37,0.28135,57,0.96069,35,0.22663
ENSG00000144583,MARCH4,2,-3.5519,1,-4.1264,14,-0.7362,125,3.01784,11,-1.2159,14,-0.7798,25,0.10475,10,-1.2668,23,-0.0319
ENSG00000138375,SMARCAL1,2,-2.2544,17,0.95236,5,-0.9611,0,-3.8129,10,0.11544,7,-0.3962,14,0.67370,4,-1.2488,13,0.71443
ENSG00000197756,RPL37A,1408,-0.3904,3542,1.08673,2842,0.71968,1392,-0.4081,2519,0.58182,1242,-0.5816,968,-0.9590,1574,-0.2186,1386,-0.5289
ENSG00000115461,IGFBP5,2,-5.2860,242,1.88768,275,2.13396,153,1.07781,45,-0.8952,93,0.26139,29,-1.5081,20,-2.0483,29,-1.7501
ENSG00000079308,TNS1,63,2.15089,39,1.26520,65,2.22899,0,-4.6947,16,-0.1055,6,-1.5147,2,-2.9218,1,-3.6204,5,-2.1969
ENSG00000163466,ARPC2,49,-1.8368,98,-0.8081,132,-0.3640,182,0.13382,157,-0.0965,204,0.31387,217,0.41278,120,-0.5043,213,0.54060
ENSG00000127837,AAMP,23,-1.9583,82,-0.0799,81,-0.0880,43,-1.0559,74,-0.2632,107,0.34178,115,0.44883,180,1.19676,86,-0.0176
ENSG00000127838,PNKD,66,-1.1293,147,0.09375,156,0.18191,159,0.21905,135,-0.0423,105,-0.4246,153,0.15980,231,0.81984,128,-0.1575
ENSG00000135926,TMBIM1,2,-4.0509,120,2.18968,103,1.89684,0,-5.5972,39,0.27199,12,-1.5391,11,-1.6255,61,0.95977,11,-1.8862
ENSG00000144579,CTDSP1,70,1.64127,47,0.96029,85,2.01820,12,-1.1160,29,0.20245,13,-1.0443,3,-3.0705,14,-0.8923,8,-1.9979
ENSG00000135913,USP37,2,-2.4453,12,0.20654,32,1.76137,8,-0.5116,10,-0.0582,16,0.62645,6,-0.7695,9,-0.2767,9,-0.4298
ENSG00000144580,CNOT9,2,-3.4030,27,0.41108,19,-0.1970,3,-2.7511,18,-0.2913,43,1.14471,29,0.49654,15,-0.5507,25,0.39260
ENSG00000115568,ZNF142,2,-2.8331,6,-1.1575,20,0.56244,12,-0.1890,11,-0.3675,18,0.36109,14,0.02941,18,0.38987,17,0.44955
ENSG00000074582,BCS1L,2,-3.3929,20,-0.0684,30,0.53827,6,-1.7084,24,0.26114,30,0.56757,32,0.68887,20,-0.0398,21,-0.0289
ENSG00000163481,RNF25,6,-1.2412,11,-0.4138,12,-0.2656,0,-4.3758,12,-0.3078,22,0.68479,9,-0.5881,34,1.43722,16,0.31107
ENSG00000135929,CYP27A1,2,-3.7250,146,3.11378,102,2.30758,21,-0.3478,22,-0.2888,5,-2.4901,1,-4.0995,8,-1.6960,4,-3.1691
ENSG00000171450,CDK5R2,5,-4.3992,7,-3.9243,30,-1.8195,60,-0.7825,100,-0.0025,181,0.94231,123,0.31420,112,0.16107,148,0.88373
ENSG00000115649,CNPPD1,2,-3.1764,58,1.54033,44,1.05853,7,-1.6450,17,-0.4929,23,0.02616,21,-0.1346,21,-0.1173,21,-0.1401
ENSG00000144567,RETREG2,132,-0.7528,97,-1.2143,133,-0.7379,318,0.61776,135,-0.7690,244,0.19754,305,0.55314,211,-0.0339,273,0.52088
ENSG00000158552,ZFAND2B,2,-3.9477,36,0.23178,25,-0.3190,30,-0.0496,29,-0.1132,45,0.57418,33,0.10320,49,0.71746,31,0.02512
ENSG00000115657,ABCB6,2,-3.9765,15,-1.0908,24,-0.4096,6,-2.4422,23,-0.5478,74,1.39919,32,0.04485,53,0.83721,39,0.48443
ENSG00000198925,ATG9A,2,-5.0518,74,0.16875,37,-0.9128,36,-0.9487,48,-0.5493,95,0.55773,90,0.46638,99,0.62533,85,0.53151
ENSG00000163516,ANKZF1,2,-2.9606,14,-0.1984,7,-1.1199,72,2.68752,10,-0.6257,11,-0.4911,5,-1.5314,11,-0.5350,15,-0.1101
ENSG00000115661,STK16,2,-3.6491,16,-0.7067,38,0.63338,32,0.40211,19,-0.4267,26,0.03204,33,0.40623,29,0.22058,28,0.24846
ENSG00000127824,TUBA4A,173,-1.0734,17,-4.4666,111,-1.7293,405,0.23010,252,-0.5453,549,0.72016,667,1.04430,379,0.12607,435,0.48249
ENSG00000135924,DNAJB2,109,-0.4414,245,0.84470,169,0.23872,162,0.17966,133,-0.1423,178,0.32163,129,-0.1775,131,-0.1555,123,-0.3223
ENSG00000054356,PTPRN,196,-0.5477,8,-5.1302,85,-1.8003,549,1.09194,166,-0.8520,389,0.52478,526,1.02190,289,0.04980,315,0.25638
ENSG00000123992,DNPEP,88,2.98790,12,-0.4452,0,-4.5446,0,-4.6239,20,0.29845,11,-0.6677,16,-0.0634,10,-0.7030,10,-0.9956
ENSG00000072195,SPEG,2,-3.1241,6,-1.4647,3,-2.4914,1,-3.8719,15,-0.1876,32,0.95463,7,-1.2888,22,0.34786,30,1.37444
ENSG00000144591,GMPPA,6,-1.3869,15,0.03676,14,-0.0806,1,-3.4188,11,-0.5560,31,1.15955,12,-0.2693,37,1.46994,14,-0.1191
ENSG00000123989,CHPF,37,-1.0558,29,-1.4233,152,1.17467,59,-0.3510,54,-0.5102,58,-0.3691,82,0.16886,111,0.65622,81,0.18790
ENSG00000188760,TMEM198,2,-3.8904,4,-2.8466,27,-0.1367,22,-0.4373,15,-1.0455,34,0.21379,42,0.52926,44,0.61342,45,0.96772
ENSG00000124006,OBSL1,2,-4.2385,30,-0.3584,82,1.24585,33,-0.2168,39,0.03503,17,-1.1622,35,-0.1377,37,-0.0290,45,0.36357
ENSG00000144589,STK11IP,82,2.71954,9,-1.0006,0,-5.2318,0,-4.6786,8,-1.2568,4,-1.9537,12,-0.5124,22,0.34282,20,0.32507
ENSG00000114923,SLC4A3,68,-0.0086,8,-3.0617,27,-1.4052,118,0.85984,47,-0.6140,26,-1.4376,83,0.30170,72,0.06627,99,0.83559
ENSG00000116106,EPHA4,2,-5.5210,1,-6.1865,8,-3.5145,22,-2.1619,49,-1.0430,153,0.80564,165,0.92660,73,-0.3578,171,1.55013
ENSG00000267034,AC010980.1,20,-0.2333,0,-5.0277,3,-2.8320,38,0.73043,17,-0.5734,52,1.26260,39,0.78906,12,-0.9753,27,0.31590
ENSG00000163082,SGPP2,25,-0.4092,1,-4.5293,6,-2.5339,21,-0.6680,19,-0.9051,38,0.21664,47,0.55377,29,-0.2012,57,1.28529
ENSG00000116120,FARSB,2,-5.1524,24,-1.6398,28,-1.4317,165,1.36580,46,-0.7244,92,0.39752,95,0.44374,48,-0.6238,96,0.66690
ENSG00000123983,ACSL3,117,-0.3626,97,-0.6421,132,-0.1764,165,0.16965,110,-0.5001,176,0.26947,171,0.22305,196,0.44447,163,0.20256
ENSG00000171951,SCG2,78,-2.1302,29,-3.5497,89,-1.9471,2344,3.90199,86,-2.0979,57,-2.6063,260,-0.3406,287,-0.1913,226,-0.7037
ENSG00000085449,WDFY1,46,0.47419,31,-0.1177,26,-0.4021,27,-0.3265,25,-0.4666,46,0.47297,36,0.12404,15,-1.2364,40,0.37686
ENSG00000135900,MRPL44,8,-2.4050,25,-0.6965,35,-0.2277,147,2.21793,27,-0.6516,47,0.24827,28,-0.5373,31,-0.3985,37,-0.1767
ENSG00000135919,SERPINE2,40,-1.7436,83,-0.6499,527,2.47520,106,-0.2896,145,0.22388,103,-0.3238,44,-1.5974,63,-1.0688,100,-0.4753
ENSG00000036257,CUL3,2,-5.2413,50,-0.6506,69,-0.1505,38,-1.0451,58,-0.4549,102,0.45438,110,0.58112,88,0.22061,104,0.70309
ENSG00000135905,DOCK10,2,-3.6584,110,2.57327,62,1.46004,21,-0.2835,25,-0.0456,29,0.20173,2,-3.4124,28,0.18867,6,-2.3617
ENSG00000168958,MFF,2,-5.6792,121,0.24717,89,-0.2255,176,0.85565,92,-0.1976,101,-0.0355,101,-0.0420,138,0.45521,108,0.09147
ENSG00000173744,AGFG1,43,-0.2840,61,0.26386,33,-0.6701,65,0.35524,41,-0.4028,80,0.69095,50,-0.0483,36,-0.5734,56,0.16001
ENSG00000153820,SPHKAP,2,-4.7746,1,-5.3579,14,-2.0019,20,-1.4975,38,-0.5990,37,-0.5879,119,1.24780,75,0.48984,93,1.26355
ENSG00000153823,PID1,2,-4.6611,15,-1.8314,20,-1.4154,1,-4.8353,42,-0.3166,48,-0.0813,89,0.88969,88,0.86660,79,1.02307
ENSG00000187957,DNER,119,-1.1922,382,0.61090,508,1.08209,302,0.23527,139,-1.0238,83,-1.7162,159,-0.7526,579,1.30875,243,-0.1390
ENSG00000153827,TRIP12,265,2.05992,68,-0.2152,34,-1.2455,23,-1.8491,54,-0.6224,79,0.01094,90,0.21061,57,-0.4879,74,-0.1115
ENSG00000163053,SLC16A14,45,1.07946,4,-2.5980,0,-7.0756,1,-4.1271,14,-0.7638,37,0.73191,34,0.60096,13,-0.8183,34,0.91355
ENSG00000135932,CAB39,74,-0.5486,60,-0.8730,88,-0.2816,59,-0.8906,78,-0.5030,140,0.44675,199,1.02145,87,-0.2956,128,0.41101
ENSG00000135916,ITM2C,261,-1.2229,430,-0.4687,1360,1.39361,631,0.12468,699,0.31796,699,0.28824,312,-0.9551,439,-0.4381,510,-0.2683
ENSG00000204128,C2orf72,16,-1.1885,30,-0.2352,50,0.55381,65,0.98292,44,0.38881,33,-0.1186,18,-0.9963,31,-0.2154,32,-0.2100
ENSG00000173692,PSMD1,2,-6.1868,81,-0.9949,89,-0.8509,317,1.16142,106,-0.6228,178,0.21372,258,0.81287,170,0.14811,177,0.28627
ENSG00000135931,ARMC9,2,-3.0245,3,-2.3978,0,-4.5309,12,-0.4314,6,-1.4918,14,-0.2095,47,1.77157,30,0.98300,22,0.71398
ENSG00000115053,NCL,109,-0.8047,272,0.62255,238,0.40387,223,0.30519,183,-0.0099,193,0.07539,174,-0.0845,138,-0.4386,170,-0.1666
ENSG00000187514,PTMA,458,-0.7290,2920,2.39490,1289,0.89914,376,-1.0277,717,-0.0452,579,-0.3740,295,-1.3877,633,-0.2368,398,-1.1537
ENSG00000156973,PDE6D,2,-3.9782,59,1.00454,47,0.62743,39,0.32534,26,-0.3042,22,-0.5369,34,0.13489,15,-1.0703,35,0.20167
ENSG00000144524,COPS7B,2,-3.4103,32,0.66496,17,-0.3438,3,-2.7436,21,-0.0294,25,0.22770,26,0.29252,24,0.18961,26,0.47646
ENSG00000144535,DIS3L2,2,-2.3968,20,1.02702,1,-2.5745,2,-2.0428,9,-0.2136,8,-0.3537,8,-0.3491,8,-0.4159,17,1.10461
ENSG00000135930,EIF4E2,140,1.87263,32,-0.5440,10,-2.1980,49,0.12067,34,-0.5019,36,-0.3534,31,-0.5756,34,-0.4431,48,0.11869
ENSG00000115468,EFHD1,16,-2.7022,647,3.55433,323,1.97861,17,-2.6007,71,-0.5770,28,-1.9174,17,-2.6600,33,-1.6756,20,-2.7191
ENSG00000204120,GIGYF2,2,-3.7139,37,0.53150,24,-0.1302,26,-0.0417,26,0.01685,30,0.22055,26,-0.0421,16,-0.7443,32,0.42927
ENSG00000182600,SNORC,83,-0.1663,245,1.61357,416,2.65868,24,-1.9869,100,0.13325,53,-0.8329,11,-3.1613,46,-1.0707,31,-1.9374
ENSG00000066248,NGEF,110,-0.1319,8,-3.9950,43,-1.5417,82,-0.5773,72,-0.8465,409,2.08494,189,0.71718,145,0.29553,108,-0.2134
ENSG00000085978,ATG16L1,2,-3.1693,15,-0.2571,8,-1.2272,5,-1.8910,16,-0.2222,34,1.01326,28,0.69939,24,0.46572,21,0.39012
ENSG00000077044,DGKD,2,-2.8792,13,-0.2076,26,0.90505,2,-2.7074,9,-0.8271,10,-0.6121,8,-0.8511,8,-0.8135,26,1.40031
ENSG00000188042,ARL4C,2,-5.0145,4,-4.0687,55,-0.2459,212,1.99892,39,-0.8213,40,-0.7302,12,-2.4838,92,0.55173,87,0.65858
ENSG00000130147,SH3BP4,38,1.86889,39,1.92030,1,-2.7984,26,1.23351,12,0.04364,6,-1.0950,6,-1.1168,2,-2.1909,4,-1.9858
ENSG00000157985,AGAP1,58,-0.0908,105,0.85297,68,0.13909,15,-2.0585,87,0.60324,112,0.94810,33,-0.9508,44,-0.5094,48,-0.4822
ENSG00000132321,IQCA1,81,2.08409,17,-0.5069,54,1.33409,36,0.67156,22,-0.0874,18,-0.4147,7,-1.8435,3,-3.0940,12,-1.2722
ENSG00000198612,COPS8,38,-1.7756,62,-1.0784,90,-0.5083,61,-1.0963,97,-0.4342,148,0.25882,218,0.88765,136,0.12878,171,0.69868
ENSG00000124831,LRRFIP1,151,1.69609,23,-1.3085,34,-0.7114,41,-0.4190,31,-0.8840,22,-1.3272,65,0.27973,69,0.36926,59,0.19280
ENSG00000132329,RAMP1,45,-1.6199,151,0.19936,309,1.38486,84,-0.7051,160,0.32061,33,-2.0611,93,-0.5506,96,-0.5043,149,0.24488
ENSG00000184182,UBE2F,36,-0.4002,55,0.23984,15,-1.6873,21,-1.1899,49,0.07078,29,-0.7494,74,0.72779,45,-0.0485,59,0.50726
ENSG00000132323,ILKAP,2,-4.0284,54,0.78298,35,0.09210,69,1.19582,25,-0.4131,28,-0.2554,28,-0.2395,41,0.35511,30,-0.1927
ENSG00000144485,HES6,71,0.46418,124,1.38182,120,1.32648,1,-5.4530,51,-0.0650,12,-2.1530,29,-0.9158,67,0.35409,41,-0.5034
ENSG00000132326,PER2,2,-2.9788,14,-0.1624,5,-1.6205,1,-3.1653,14,-0.2078,26,0.76925,19,0.30899,31,1.10379,19,0.45632
ENSG00000204104,TRAF3IP1,2,-3.1904,14,-0.4385,14,-0.4267,22,0.31776,15,-0.3482,21,0.20088,15,-0.2986,38,1.18167,20,0.24973
ENSG00000065802,ASB1,2,-3.5096,26,0.20591,25,0.12480,51,1.28896,25,0.15297,26,0.21343,15,-0.6208,19,-0.2444,21,-0.1985
ENSG00000068024,HDAC4,2,-3.4595,27,0.29713,18,-0.3342,33,0.63259,27,0.37177,38,0.84842,14,-0.6361,11,-1.0842,22,0.03949
ENSG00000130414,NDUFA10,93,-0.6283,110,-0.3695,70,-1.0403,68,-1.0890,109,-0.4150,151,0.12537,256,0.97515,237,0.84902,153,0.19379
ENSG00000172428,COPS9,544,-0.3189,585,-0.2062,893,0.45948,760,0.20100,809,0.33276,611,-0.1398,535,-0.3433,594,-0.1821,637,-0.1002
ENSG00000063660,GPC1,2,-5.2188,37,-1.0840,99,0.41826,37,-1.0676,80,0.08855,58,-0.3981,107,0.55065,58,-0.4114,106,0.77669
ENSG00000188542,DUSP28,2,-3.4357,13,-0.7935,13,-0.7619,1,-4.5429,21,-0.0682,21,-0.0327,25,0.20495,25,0.23458,35,1.14708
ENSG00000142327,RNPEPL1,2,-2.7380,34,1.51951,20,0.64236,1,-3.7869,21,0.77329,11,-0.2543,16,0.31689,4,-1.7155,11,-0.3955
ENSG00000142330,CAPN10,2,-2.5949,12,0.01748,1,-2.7752,0,-3.9022,12,-0.0389,24,1.08805,16,0.49627,13,0.10513,16,0.60139
ENSG00000130294,KIF1A,180,-1.1831,267,-0.5861,321,-0.3077,376,-0.0605,367,-0.1083,413,0.08613,451,0.22274,564,0.58179,445,0.27568
ENSG00000122085,MTERF4,2,-3.7556,34,0.35554,38,0.52949,2,-3.6647,26,-0.0565,27,-0.0031,31,0.19610,36,0.44967,32,0.39409
ENSG00000115685,PPP1R7,2,-5.8651,60,-1.0167,106,-0.1576,85,-0.4923,109,-0.1296,121,0.04724,138,0.25660,207,0.90851,148,0.50014
ENSG00000115677,HDLBP,121,-0.2133,112,-0.3265,116,-0.2691,133,-0.0589,116,-0.2950,138,-0.0017,147,0.09963,130,-0.0970,167,0.41275
ENSG00000168385,SEPTIN2,154,0.03788,463,1.89180,415,1.68908,33,-2.2644,143,-0.0902,59,-1.4200,30,-2.4172,121,-0.3400,99,-0.8037
ENSG00000006607,FARP2,2,-2.4217,23,1.27059,14,0.41272,0,-3.9746,11,0.01984,16,0.68237,9,-0.1625,7,-0.6701,11,0.07916
ENSG00000115694,STK25,46,-1.4386,62,-1.0076,74,-0.7266,136,0.19611,103,-0.2447,165,0.50855,162,0.47828,142,0.26196,141,0.34860
ENSG00000176720,BOK,50,-0.2661,346,3.26583,67,0.19146,59,-0.0139,34,-0.8978,37,-0.7288,29,-1.0840,19,-1.6918,24,-1.6060
ENSG00000176946,THAP4,2,-4.2328,24,-0.6640,41,0.13559,19,-1.0253,29,-0.4300,33,-0.1941,55,0.60679,42,0.17402,54,0.80488
ENSG00000168397,ATG4B,108,0.96861,34,-0.8141,50,-0.2576,81,0.48994,46,-0.4025,76,0.39047,80,0.48171,41,-0.5393,51,-0.2889
ENSG00000168393,DTYMK,2,-2.4321,23,1.21129,19,0.94151,0,-3.9886,19,0.99435,6,-0.7345,8,-0.4399,10,-0.0468,8,-0.5430
ENSG00000168395,ING5,2,-3.3638,21,0.06700,31,0.65306,20,-0.0393,18,-0.2522,21,0.05248,27,0.41747,37,0.93609,18,-0.2564
ENSG00000180902,D2HGDH,30,0.76560,15,-0.3474,8,-1.1877,0,-4.7526,17,-0.1667,19,0.03114,31,0.84509,13,-0.4851,22,0.41327
ENSG00000188011,RTP5,2,-2.4610,2,-2.2554,0,-7.3203,0,-4.0214,7,-0.7156,2,-2.4023,12,0.11913,10,-0.0525,25,2.32252
ENSG00000224318,CHL1-AS2,58,2.04829,8,-1.1988,17,0.03134,0,-4.6561,15,-0.2044,4,-2.0765,10,-0.8297,12,-0.5470,21,0.41731
ENSG00000134121,CHL1,128,-0.8213,34,-2.7760,170,-0.3846,360,0.79925,124,-0.9204,241,0.15159,405,0.99346,203,-0.1123,263,0.40239
ENSG00000144619,CNTN4,85,2.59050,0,-4.6481,1,-3.9374,10,-0.9661,12,-0.7523,25,0.43346,14,-0.4298,10,-0.9064,20,0.06106
ENSG00000072756,TRNT1,2,-3.1804,17,-0.0548,0,-5.8273,6,-1.7007,11,-0.8358,29,0.72164,18,0.00513,40,1.28131,25,0.77084
ENSG00000113851,CRBN,108,0.61607,76,0.05482,73,-0.0174,38,-1.0013,47,-0.7402,91,0.32988,90,0.31789,77,0.07521,77,0.10406
ENSG00000144455,SUMF1,2,-2.9836,16,0.07728,17,0.13355,14,-0.1511,15,-0.0206,23,0.60702,17,0.16173,24,0.67842,15,-0.1384
ENSG00000175928,LRRN1,2,-3.0671,8,-1.0541,31,0.90662,0,-4.4278,21,0.32785,4,-1.9838,30,0.86785,16,-0.1299,23,0.60533
ENSG00000150995,ITPR1,39,-1.1370,6,-3.8658,16,-2.4286,20,-2.1300,62,-0.5036,148,0.91915,135,0.76583,143,0.86313,114,0.69447
ENSG00000134107,BHLHE40,127,1.34855,14,-2.0054,37,-0.6200,2,-4.5975,51,-0.1458,27,-1.1038,114,1.16275,49,-0.1823,62,0.24899
ENSG00000134108,ARL8B,57,-1.6446,107,-0.7115,82,-1.0996,150,-0.1969,106,-0.7692,192,0.18976,272,0.74786,228,0.46086,228,0.65417
ENSG00000134109,EDEM1,2,-2.3259,7,-0.4387,12,0.27930,1,-2.8857,9,-0.2096,14,0.49992,11,0.14770,4,-1.1513,15,0.94311
ENSG00000196277,GRM7,2,-3.4018,0,-10.006,0,-8.2470,0,-4.9464,10,-1.2059,1,-3.9841,57,1.64149,3,-2.7765,48,2.34096
ENSG00000196220,SRGAP3,42,-0.3432,20,-1.4590,9,-2.5127,53,-0.0051,38,-0.5234,17,-1.7167,72,0.49157,79,0.63311,79,0.94752
ENSG00000206573,THUMPD3-AS1,74,2.03239,20,-0.1310,2,-3.3031,0,-4.9981,20,-0.1613,24,0.16110,16,-0.4787,6,-1.9003,26,0.34444
ENSG00000134077,THUMPD3,2,-3.4578,19,-0.2064,22,-0.0174,66,1.82236,26,0.27912,22,0.01918,24,0.14790,3,-2.8284,19,-0.2894
ENSG00000168137,SETD5,2,-3.4165,24,0.18500,31,0.60906,67,1.91104,18,-0.2488,23,0.12451,15,-0.5161,9,-1.3323,17,-0.4054
ENSG00000156959,LHFPL4,23,-0.1546,3,-3.0035,4,-2.5208,43,0.81020,24,-0.0998,16,-0.7454,38,0.60383,28,0.11450,33,0.52881
ENSG00000163719,MTMR14,2,-2.7166,20,0.64888,3,-2.0390,0,-4.2706,14,0.15726,18,0.46831,29,1.29093,7,-0.8373,15,0.35151
ENSG00000144550,CPNE9,2,-2.3543,1,-3.2428,0,-7.2111,0,-3.8674,6,-0.6941,1,-3.3241,29,1.69727,9,-0.2382,19,1.64146
ENSG00000114026,OGG1,2,-2.7021,14,0.17564,34,1.59399,1,-3.3888,13,-0.0197,15,0.27070,17,0.45757,4,-1.7307,13,0.09463
ENSG00000134072,CAMK1,2,-5.2228,11,-2.8584,63,-0.2843,82,0.13699,55,-0.5046,134,0.93162,109,0.59412,87,0.22444,95,0.50768
ENSG00000171148,TADA3,34,-1.1019,44,-0.7145,76,0.11159,57,-0.3512,94,0.48860,98,0.50755,85,0.28373,46,-0.6473,74,0.07306
ENSG00000241553,ARPC4,162,0.22526,80,-0.8518,128,-0.1391,159,0.20058,117,-0.3057,167,0.28026,175,0.34757,155,0.15934,140,0.00350
ENSG00000156990,RPUSD3,2,-4.2435,20,-0.9477,13,-1.6398,83,1.26587,30,-0.3831,38,0.00594,54,0.56435,39,0.04219,46,0.42012
ENSG00000171135,JAGN1,52,0.56438,37,0.01702,33,-0.1478,4,-3.0399,25,-0.6137,29,-0.3242,48,0.42150,46,0.35271,43,0.38566
ENSG00000163703,CRELD1,49,-0.3951,36,-0.8443,28,-1.2049,71,0.18097,38,-0.7990,81,0.39092,106,0.82631,56,-0.1839,79,0.49207
ENSG00000163704,PRRT3,118,1.65713,8,-2.4123,15,-1.5613,26,-0.7601,19,-1.2829,77,0.92610,48,0.16936,27,-0.7052,51,0.34968
ENSG00000125037,EMC3,2,-5.0178,74,-0.0325,131,0.87698,26,-1.6033,63,-0.3152,118,0.70726,95,0.35714,66,-0.2104,87,0.28811
ENSG00000254999,BRK1,199,-0.0284,153,-0.4327,185,-0.1451,145,-0.5146,180,-0.2034,305,0.64912,313,0.68822,139,-0.5820,210,0.06957
ENSG00000157014,TATDN2,2,-3.6639,19,-0.4334,18,-0.4836,1,-4.6163,33,0.46167,56,1.28572,24,-0.0606,23,-0.1216,30,0.34904
ENSG00000157020,SEC13,2,-4.4055,74,0.87227,45,0.07556,49,0.21997,30,-0.5905,51,0.27910,50,0.25371,32,-0.4191,48,0.25090
ENSG00000157087,ATP2B2,101,-1.1048,12,-4.1335,85,-1.3603,70,-1.6381,131,-0.7589,300,0.58129,216,0.05927,253,0.30360,352,1.28211
ENSG00000132164,SLC6A11,2,-2.1469,2,-2.1272,39,2.56258,0,-3.7066,12,0.53032,15,0.88046,12,0.45325,0,-4.1840,5,-1.0312
ENSG00000157103,SLC6A1,100,-1.4265,126,-1.0853,659,1.55566,635,1.48817,168,-0.6993,58,-2.2372,18,-3.8785,615,1.43191,199,-0.5039
ENSG00000196639,HRH1,2,-2.8663,1,-3.7925,2,-2.5014,20,0.47488,10,-0.5358,22,0.61917,35,1.40505,10,-0.5990,19,0.62442
ENSG00000197548,ATG7,2,-3.4995,11,-1.0578,15,-0.5929,21,-0.1255,22,-0.0218,22,-0.0344,41,0.93578,12,-0.9460,31,0.73261
ENSG00000144560,VGLL4,2,-4.1165,30,-0.2203,67,1.03951,9,-1.9504,32,-0.1443,34,-0.0230,35,0.02122,38,0.13436,43,0.47756
ENSG00000144559,TAMM41,2,-2.5911,8,-0.6127,2,-2.2759,39,1.97062,13,0.19802,15,0.36744,21,0.90093,10,-0.3050,8,-0.7935
ENSG00000157152,SYN2,335,-0.6919,6,-6.4467,42,-3.7362,367,-0.5516,297,-0.9314,515,-0.0309,1174,1.31640,844,0.75863,738,0.77561
ENSG00000075975,MKRN2,2,-3.4421,20,-0.1171,15,-0.5249,10,-1.0847,18,-0.3140,21,-0.0537,19,-0.1881,49,1.31969,27,0.50167
ENSG00000132155,RAF1,2,-3.8028,33,0.27653,20,-0.4790,14,-1.0582,28,-0.0071,42,0.64415,33,0.27786,16,-0.8711,37,0.60726
ENSG00000144712,CAND2,2,-2.6908,7,-0.9665,7,-0.8105,0,-4.2449,9,-0.5611,16,0.39546,15,0.29633,18,0.49139,21,1.11465
ENSG00000144713,RPL32,952,-0.4293,2477,1.10009,1787,0.55918,1117,-0.1829,1640,0.46637,899,-0.5166,754,-0.7840,1284,0.03358,947,-0.5583
ENSG00000144711,IQSEC1,191,0.14598,48,-1.9406,110,-0.7031,268,0.69462,154,-0.2034,228,0.42793,219,0.36656,138,-0.3596,187,0.15875
ENSG00000163517,HDAC11,2,-5.0372,188,1.71345,126,1.01487,33,-1.0553,68,0.02265,51,-0.4204,64,-0.0691,77,0.22544,48,-0.6286
ENSG00000163520,FBLN2,2,-2.6246,1,-3.1354,0,-7.4775,0,-3.9979,12,-0.0836,2,-2.3833,15,0.35866,6,-1.0489,27,2.21906
ENSG00000163528,CHCHD4,34,1.28066,17,0.15343,8,-0.8902,2,-2.5644,15,-0.0059,9,-0.8456,28,0.93200,21,0.45276,13,-0.3943
ENSG00000170876,TMEM43,2,-3.2739,28,0.56178,19,0.00348,8,-1.3500,20,0.09046,32,0.82276,30,0.68756,13,-0.5664,19,0.02176
ENSG00000154767,XPC,2,-3.0222,40,1.49241,9,-0.9261,25,0.67236,19,0.30639,14,-0.2072,21,0.43878,19,0.26483,10,-0.8548
ENSG00000170860,LSM3,6,-4.0072,131,0.38490,100,-0.0347,116,0.19090,111,0.13020,105,0.02969,116,0.18599,123,0.28554,104,0.02540
ENSG00000225733,FGD5-AS1,50,-1.1437,177,0.81806,144,0.48816,119,0.18261,108,0.03283,95,-0.1732,74,-0.5488,126,0.26430,94,-0.2360
ENSG00000177463,NR2C2,30,-0.2173,22,-0.7152,19,-0.9406,51,0.61156,26,-0.4645,59,0.82922,50,0.55553,27,-0.4134,36,0.06161
ENSG00000131368,MRPS25,2,-4.8653,39,-0.6309,27,-1.1785,69,0.25137,59,0.00293,46,-0.3632,108,0.98493,54,-0.1250,75,0.54157
ENSG00000131381,RBSN,2,-4.4331,50,0.21880,35,-0.3119,35,-0.3323,42,-0.0408,55,0.36604,41,-0.0703,43,-6.8487,54,0.49499
ENSG00000131375,CAPN7,15,0.18354,22,0.74747,27,1.11457,0,-4.2777,9,-0.5618,16,0.31626,9,-0.6464,10,-0.4181,14,0.08744
ENSG00000131370,SH3BP5,45,-0.8935,117,0.56758,61,-0.4416,29,-1.5441,56,-0.6229,102,0.34299,97,0.26696,166,1.14510,83,0.03980
ENSG00000206562,METTL6,2,-2.2240,15,0.72435,6,-0.5813,0,-3.5407,11,0.24502,13,0.57958,12,0.37854,5,-0.7542,11,0.39435
ENSG00000144597,EAF1,40,0.81110,19,-0.3175,12,-0.9927,18,-0.4191,15,-0.7636,28,0.25329,25,0.05083,15,-0.7436,31,0.56656
ENSG00000169814,BTD,2,-2.8423,32,1.30767,23,0.74078,13,-0.1850,11,-0.4777,20,0.56853,15,0.03967,5,-1.5865,14,-0.0827
ENSG00000206560,ANKRD28,37,0.44165,39,0.54965,30,0.09535,0,-5.3437,25,-0.1981,28,0.02618,31,0.14987,18,-0.6272,32,0.30821
ENSG00000131386,GALNT15,2,-3.3641,101,2.83389,104,2.90239,0,-4.9138,11,-0.9398,4,-2.1884,2,-3.3482,8,-1.2974,5,-2.2181
ENSG00000154813,DPH3,2,-3.6328,33,0.44806,26,0.08683,29,0.22893,18,-0.4848,23,-0.1155,17,-0.6049,37,0.63726,30,0.38887
ENSG00000131378,RFTN1,24,-0.5932,5,-2.9241,3,-3.3742,21,-0.7922,19,-1.0062,55,0.70498,95,1.62790,40,0.20166,45,0.51278
ENSG00000154822,PLCL2,2,-4.1266,1,-4.2889,5,-2.7411,27,-0.3959,22,-0.7778,42,0.29579,49,0.52424,32,-0.1482,63,1.47983
ENSG00000131374,TBC1D5,2,-4.5497,64,0.49485,80,0.85553,74,0.71212,42,-0.2089,33,-0.5465,40,-0.2675,65,0.51272,43,-0.1975
ENSG00000182568,SATB1,122,0.06019,22,-2.4766,35,-1.8085,165,0.53776,87,-0.4958,49,-1.3309,206,0.90288,96,-0.3022,164,0.76191
ENSG00000144566,RAB5A,4,-4.2572,115,0.67243,77,0.03067,35,-1.1682,73,-0.0446,101,0.46642,109,0.58604,53,-0.5333,84,0.24808
ENSG00000114166,KAT2B,2,-4.2246,101,1.63021,110,1.79815,39,0.06989,52,0.58601,12,-1.6941,8,-2.1694,35,-0.1065,19,-1.2676
ENSG00000151789,ZNF385D,2,-4.1256,3,-3.2958,21,-0.7491,177,2.90288,24,-0.5919,31,-0.1715,1,-5.2093,68,1.05671,26,-0.5804
ENSG00000182247,UBE2E2,9,-2.5839,37,-0.5243,32,-0.7416,32,-0.7276,48,-0.1202,48,-0.1381,107,1.16800,47,-0.1726,67,0.56016
ENSG00000170142,UBE2E1,43,-0.3084,97,0.98148,55,0.07371,44,-0.2944,56,0.09476,34,-0.6513,55,0.07656,73,0.51143,43,-0.4037
ENSG00000197885,NKIRAS1,52,-0.1322,22,-1.3848,42,-0.4462,52,-0.1272,36,-0.7508,64,0.20723,85,0.64230,41,-0.4908,76,0.66587
ENSG00000174748,RPL15,632,-0.4182,1083,0.42380,1056,0.38382,602,-0.4910,863,0.07152,764,-0.1262,764,-0.1250,834,0.01018,826,-0.0050
ENSG00000174738,NR1D2,47,0.05704,44,-0.0523,40,-0.1795,24,-0.9230,27,-0.8008,52,0.21382,44,-0.0247,51,0.18801,57,0.52553
ENSG00000151090,THRB,135,0.88805,6,-3.7181,19,-2.0514,62,-0.3365,50,-0.7288,92,0.27381,127,0.78965,81,0.06118,96,0.47700
ENSG00000077097,TOP2B,47,-1.1820,109,0.10557,113,0.16175,110,0.12603,78,-0.4352,122,0.28689,96,-0.0934,204,1.12145,92,-0.2147
ENSG00000151092,NGLY1,12,-0.4929,15,-0.1942,1,-3.3132,13,-0.4184,10,-0.8156,19,0.19676,38,1.26018,22,0.38995,20,0.36203
ENSG00000179796,LRRC3B,82,1.63990,5,-2.6705,62,1.16171,39,0.39702,32,0.09807,39,0.40177,4,-2.8624,34,0.17116,16,-1.1620
ENSG00000033867,SLC4A7,99,2.71511,10,-1.0702,5,-2.1974,20,-0.0736,20,-0.0594,3,-2.9177,8,-1.4507,22,0.05234,17,-0.4277
ENSG00000187118,CMC1,47,0.16510,37,-0.2019,38,-0.1731,23,-0.9331,47,0.17451,47,0.17736,58,0.48161,61,0.57974,36,-0.3019
ENSG00000163512,AZI2,2,-4.6576,30,-0.8006,43,-0.2378,48,-0.0765,52,0.04178,50,-0.0144,43,-0.2462,67,0.43374,68,0.65152
ENSG00000163527,STT3B,4,-3.7743,51,-0.0085,30,-0.8023,44,-0.2438,42,-0.3527,132,1.54736,43,-0.2907,79,0.68520,51,-0.0274
ENSG00000144645,OSBPL10,2,-3.3051,0,-5.6676,1,-4.0404,24,0.28806,12,-0.7414,71,2.15942,25,0.39984,17,-0.2612,23,0.33468
ENSG00000152642,GPD1L,34,-0.6348,18,-1.5253,40,-0.3690,110,1.23330,35,-0.6318,53,0.05763,48,-0.0927,40,-0.3944,63,0.46099
ENSG00000091317,CMTM6,2,-2.3551,17,0.81125,40,2.33015,9,-0.2031,10,0.01753,10,0.03097,11,0.16128,3,-1.8820,5,-1.3061
ENSG00000144635,DYNC1LI1,190,1.58660,25,-1.6163,61,-0.2747,66,-0.1500,35,-1.1545,73,0.00019,90,0.33319,106,0.60430,66,-0.1986
ENSG00000182973,CNOT10,2,-2.3847,14,0.45663,5,-1.1234,2,-2.4038,11,0.09439,14,0.46514,10,-0.0082,8,-0.2870,14,0.72288
ENSG00000170266,GLB1,2,-3.1175,9,-0.9662,21,0.31207,0,-4.6682,14,-0.2930,33,1.01837,26,0.62696,6,-1.5528,25,0.80602
ENSG00000170275,CRTAP,58,0.71382,65,0.89710,74,1.11699,42,0.18203,47,0.40371,20,-0.9341,18,-1.0840,24,-0.6389,22,-1.0015
ENSG00000153558,FBXL2,58,0.11386,8,-2.8579,13,-2.1461,76,0.53625,22,-1.3862,79,0.60388,108,1.11480,39,-0.4804,69,0.54233
ENSG00000153560,UBP1,2,-4.2042,20,-0.9032,27,-0.4925,7,-2.4358,36,-0.0247,69,1.00897,38,0.05075,46,0.35638,49,0.64873
ENSG00000163539,CLASP2,90,-1.1644,287,0.62658,190,-0.0260,182,-0.0921,145,-0.4853,189,-0.0344,240,0.33521,183,-0.0836,216,0.23723
ENSG00000170248,PDCD6IP,2,-4.7206,54,0.02905,50,-0.0809,58,0.14672,49,-0.1449,64,0.29471,73,0.50430,44,-0.2987,62,0.32657
ENSG00000172995,ARPP21,132,0.34087,7,-4.0138,12,-3.1528,17,-2.7086,70,-0.6800,119,0.16723,152,0.56068,43,-1.3614,191,1.45460
ENSG00000178567,EPM2AIP1,43,-0.4759,39,-0.6368,39,-0.6427,98,0.80691,37,-0.7852,84,0.55588,53,-0.1590,61,0.05158,70,0.34718
ENSG00000076242,MLH1,33,0.51227,35,0.61542,26,0.17069,7,-1.8322,16,-0.5875,36,0.65026,26,0.13903,18,-0.4084,23,-0.0169
ENSG00000093167,LRRFIP2,45,0.97189,54,1.27676,28,0.20063,1,-4.5881,20,-0.2926,20,-0.3228,24,-0.0469,28,0.20037,20,-0.4387
ENSG00000144674,GOLGA4,45,-0.3219,106,1.04436,43,-0.4019,87,0.70424,68,0.34542,44,-0.3467,37,-0.6285,44,-0.3619,45,-0.4090
ENSG00000144677,CTDSPL,7,-1.3872,12,-0.7234,55,1.77446,1,-3.8552,26,0.51985,32,0.81265,4,-2.1267,20,0.10463,16,-0.3534
ENSG00000187091,PLCD1,2,-2.5367,17,0.62592,49,2.50995,16,0.53314,20,0.98627,5,-1.2359,0,-4.3659,6,-0.9515,3,-2.0309
ENSG00000060971,ACAA1,2,-4.7279,90,0.83533,87,0.78508,13,-2.0797,51,-0.0855,53,-0.0040,64,0.29358,58,0.12428,56,0.10606
ENSG00000172939,OXSR1,11,-0.4466,19,0.35250,5,-1.4906,26,0.84141,15,-0.0371,24,0.65570,9,-0.7577,7,-1.1030,17,0.19112
ENSG00000114742,WDR48,92,0.95570,45,-0.1934,67,0.43929,43,-0.2562,34,-0.6385,60,0.25779,51,0.00027,67,0.43412,42,-0.3930
ENSG00000114745,GORASP1,2,-3.8530,32,0.15503,82,1.73333,24,-0.2758,21,-0.4837,28,-0.0677,35,0.31892,23,-0.3343,27,-0.1704
ENSG00000168329,CX3CR1,2,-3.4050,74,2.11201,37,0.87780,1,-4.4124,46,1.44406,11,-0.9061,9,-1.2602,11,-0.9776,10,-1.4145
ENSG00000144659,SLC25A38,38,0.53990,11,-1.2998,9,-1.5616,43,0.73704,18,-0.6445,24,-0.1718,36,0.42928,42,0.67674,28,0.07099
ENSG00000168028,RPSA,212,-1.1087,886,1.13815,687,0.71422,296,-0.6083,504,0.23659,346,-0.3704,264,-0.7794,439,-0.0008,394,-0.2247
ENSG00000168314,MOBP,2,-6.5171,2037,4.33070,451,0.95161,108,-1.2700,198,-0.3833,73,-1.8489,18,-3.8779,65,-2.0262,24,-3.8533
ENSG00000170011,MYRIP,10,-2.3942,22,-1.2134,28,-0.8935,128,1.54282,34,-0.6150,50,-0.0104,100,1.11443,45,-0.1717,50,-0.0036
ENSG00000114784,EIF1B,128,-0.8535,173,-0.3937,137,-0.7399,308,0.51429,159,-0.5584,211,-0.0874,314,0.54539,201,-0.1614,277,0.47579
ENSG00000223797,ENTPD3-AS1,2,-2.7884,46,2.01345,35,1.52184,0,-4.3416,22,0.82975,4,-1.8529,6,-1.2986,13,-0.0368,7,-1.1749
ENSG00000168032,ENTPD3,42,0.69726,2,-3.4452,0,-8.6026,96,2.14822,14,-1.0866,4,-2.7211,30,0.14384,22,-0.3143,32,0.37073
ENSG00000188846,RPL14,417,-0.3003,667,0.43548,689,0.48818,517,0.03292,619,0.34888,356,-0.5453,431,-0.2516,455,-0.1662,454,-0.2247
ENSG00000168036,CTNNB1,149,-0.1950,175,0.05394,167,-0.0175,62,-1.5185,138,-0.3397,229,0.48053,108,-0.6917,195,0.22122,209,0.46859
ENSG00000182606,TRAK1,231,1.78502,30,-1.4668,87,0.13486,58,-0.4928,54,-0.6358,71,-0.1685,74,-0.1083,51,-0.6833,81,0.03589
ENSG00000187094,CCK,251,-1.9596,26,-5.2344,127,-2.9586,87,-3.4991,309,-1.7382,54,-4.1948,556,-0.7751,3077,2.05145,1796,1.75191
ENSG00000114812,VIPR1,61,1.39738,1,-4.5334,14,-0.9149,0,-5.2288,19,-0.5269,71,1.66674,30,0.23984,27,0.06234,24,-0.1857
ENSG00000093183,SEC22C,35,-0.2001,76,1.01224,35,-0.2130,48,0.27966,32,-0.4080,37,-0.1509,50,0.32691,54,0.45721,32,-0.4779
ENSG00000008324,SS18L2,30,-0.7295,42,-0.2419,53,0.12823,60,0.31033,32,-0.6892,32,-0.6656,67,0.48072,68,0.52428,55,0.25615
ENSG00000114857,NKTR,2,-3.7605,42,0.70165,60,1.27627,19,-0.5596,30,0.16944,28,0.05200,19,-0.5471,26,-0.0444,24,-0.2281
ENSG00000230084,AC006059.1,2,-2.2960,54,3.07914,26,1.62312,0,-3.8541,8,-0.2283,10,0.10734,0,-7.8811,2,-1.8580,3,-1.6973
ENSG00000114853,ZBTB47,40,0.26409,53,0.68338,41,0.28811,2,-3.6692,56,0.87630,27,-0.3260,11,-1.7129,25,-0.4742,33,-0.0649
ENSG00000010282,HHATL,2,-4.7320,180,2.05056,105,1.09176,34,-0.6788,52,-0.0396,28,-0.9589,34,-0.6738,22,-1.3203,46,-0.2900
ENSG00000181061,HIGD1A,211,-0.2612,224,-0.1653,197,-0.3661,237,-0.0820,229,-0.1468,249,-0.0030,419,0.82964,291,0.24318,240,-0.0834
ENSG00000144647,POMGNT2,70,0.40768,21,-1.4213,20,-1.4906,85,0.71721,35,-0.7194,73,0.48082,96,0.93020,53,-0.0283,53,-0.0196
ENSG00000163788,SNRK,2,-4.4496,9,-2.3773,43,-0.0323,42,-0.0499,30,-0.6034,23,-0.9618,31,-0.5196,73,0.81749,72,1.16802
ENSG00000160746,ANO10,2,-3.1502,17,-0.0200,14,-0.3846,0,-4.7011,13,-0.4560,14,-0.3350,22,0.36782,37,1.20155,24,0.67246
ENSG00000011198,ABHD5,2,-2.3275,34,2.05515,12,0.29736,15,0.60125,10,-0.0089,3,-1.7070,8,-0.3310,2,-2.1351,8,-0.3194
ENSG00000179152,TCAIM,62,1.93531,25,0.39591,41,1.19287,0,-4.7283,13,-0.6976,26,0.43806,21,0.07706,4,-2.1560,12,-0.8761
ENSG00000185219,ZNF445,33,0.76399,13,-0.6766,23,0.16954,42,1.15631,12,-0.8040,22,0.12218,16,-0.4102,22,0.10797,18,-0.2999
ENSG00000186448,ZNF197,33,1.18475,20,0.35161,3,-2.5189,0,-4.2172,7,-1.2603,9,-0.8665,10,-0.6632,66,2.46497,13,-0.4423
ENSG00000163807,KIAA1143,33,-0.3484,50,0.30526,43,0.06924,34,-0.2958,34,-0.3316,30,-0.4787,44,0.09532,84,1.14478,38,-0.1838
ENSG00000169964,TMEM42,2,-3.8445,49,0.83709,31,0.10410,25,-0.1863,19,-0.6967,33,0.20701,51,0.90187,18,-0.6864,32,0.22353
ENSG00000163812,ZDHHC3,2,-3.9291,25,-0.2995,16,-0.9704,4,-2.7387,27,-0.2020,28,-0.1436,59,1.06098,46,0.66247,40,0.62544
ENSG00000075914,EXOSC7,2,-3.6755,22,-0.1956,12,-1.1163,35,0.48664,19,-0.4959,28,0.13966,48,0.99155,43,0.83204,26,0.04584
ENSG00000249992,TMEM158,2,-4.9808,2,-4.9672,66,-0.1333,11,-2.7830,55,-0.4446,252,2.13594,106,0.60940,78,0.11978,77,0.15070
ENSG00000011376,LARS2,2,-2.7257,8,-0.6342,18,0.48146,4,-1.6833,12,-0.1709,11,-0.2045,23,0.85535,10,-0.3534,17,0.63504
ENSG00000211456,SACM1L,2,-4.3843,36,-0.2967,36,-0.3091,21,-1.0828,28,-0.7380,76,0.87478,64,0.59450,33,-0.4186,62,0.76515
ENSG00000163818,LZTFL1,2,-3.9074,19,-0.7101,16,-0.9852,17,-0.8517,17,-0.8795,58,1.05102,35,0.22102,28,-0.1243,46,0.96611
ENSG00000160801,PTH1R,2,-2.3192,7,-0.4802,39,2.35128,0,-3.8770,17,0.93392,1,-2.7222,0,-3.7784,2,-2.3721,11,0.15507
ENSG00000160799,CCDC12,2,-4.2067,49,0.44058,21,-0.8842,16,-1.2657,40,0.14866,30,-0.3315,43,0.24741,57,0.68849,46,0.45714
ENSG00000181555,SETD2,151,2.32869,32,-0.2747,21,-0.9253,71,0.95129,25,-0.7316,32,-0.2857,31,-0.3245,13,-1.6456,26,-0.7533
ENSG00000088727,KIF9,2,-3.6072,13,-0.8813,4,-2.4186,59,1.44418,23,-0.1004,20,-0.3329,18,-0.4407,28,0.24399,31,0.55493
ENSG00000114648,KLHL18,2,-3.2639,12,-0.7101,2,-3.3206,25,0.41811,16,-0.3326,26,0.47051,24,0.34325,10,-0.9771,29,0.98828
ENSG00000076201,PTPN23,2,-4.0721,45,0.45603,34,0.00359,38,0.19805,31,-0.1538,38,0.18606,52,0.68852,31,-0.1130,34,0.02313
ENSG00000114650,SCAP,2,-4.3702,53,0.37295,33,-0.3572,29,-0.5565,41,-0.0010,59,0.56578,50,0.27906,46,0.17118,46,0.23036
ENSG00000163832,ELP6,101,1.97296,23,-0.4227,23,-0.4751,2,-3.7949,23,-0.4581,18,-0.8047,31,-0.0168,35,0.19799,31,-0.0068
ENSG00000114646,CSPG5,2,-6.1107,47,-1.6523,242,0.87836,176,0.36634,167,0.31163,144,0.04837,137,-0.0303,123,-0.1933,153,0.18916
ENSG00000173473,SMARCC1,2,-3.2486,53,1.68103,8,-1.3354,12,-0.6908,36,1.12734,19,-0.0111,11,-0.8658,13,-0.5628,15,-0.4804
ENSG00000132153,DHX30,53,-1.0179,70,-0.5936,60,-0.8338,90,-0.1997,85,-0.3277,117,0.19476,140,0.48389,136,0.44237,126,0.43987
ENSG00000047849,MAP4,206,-0.3188,301,0.26885,235,-0.1194,162,-0.6860,243,-0.0687,231,-0.1408,341,0.47113,260,0.03790,268,0.11720
ENSG00000164050,PLXNB1,2,-4.8191,160,1.67511,229,2.36766,11,-2.4287,84,0.64475,23,-1.3861,10,-2.5559,39,-0.6067,29,-1.3013
ENSG00000164051,CCDC51,2,-2.5127,8,-0.4842,15,0.47143,6,-1.0189,11,-0.0566,15,0.46164,15,0.40196,8,-0.5735,14,0.47800
ENSG00000232112,TMA7,464,-0.2615,646,0.25483,640,0.24018,533,-0.0460,618,0.20318,537,-0.0343,532,-0.0481,564,0.04122,497,-0.2043
ENSG00000164054,SHISA5,52,-0.6588,53,-0.6203,61,-0.4068,125,0.72554,77,-0.0469,84,0.08421,86,0.12005,93,0.25250,81,0.04255
ENSG00000010256,UQCRC1,96,-1.2624,118,-0.9509,212,-0.0560,92,-1.3249,185,-0.2849,197,-0.1652,333,0.66437,313,0.56133,281,0.54581
ENSG00000008300,CELSR3,2,-2.3773,0,-3.6474,5,-1.1356,6,-0.8139,11,0.16207,10,0.04081,15,0.63253,3,-1.6892,17,1.21730
ENSG00000213672,NCKIPSD,2,-4.5746,29,-0.7732,28,-0.8214,28,-0.8191,37,-0.4092,60,0.34849,73,0.65889,61,0.37495,67,0.76178
ENSG00000068745,IP6K2,2,-4.8390,70,0.31363,25,-1.2745,92,0.74822,43,-0.4747,54,-0.0980,98,0.85533,43,-0.4399,69,0.40423
ENSG00000114302,PRKAR2A,37,0.16135,31,-0.1062,23,-0.5460,26,-0.3686,35,0.06216,41,0.32169,38,0.19423,46,0.50479,31,-0.1810
ENSG00000177479,ARIH2,4,-2.9434,60,0.91524,28,-0.2750,10,-1.7636,28,-0.2901,27,-0.3381,27,-0.3455,45,0.45965,45,0.64141
ENSG00000178467,P4HTM,171,0.55187,60,-1.0552,100,-0.2867,123,0.03349,68,-0.9242,100,-0.2859,117,-0.0451,164,0.49012,149,0.45827
ENSG00000178252,WDR6,39,-0.2132,41,-0.1635,47,0.07116,98,1.24756,36,-0.3599,86,1.03510,28,-0.7288,38,-0.2668,34,-0.5296
ENSG00000178149,DALRD3,2,-3.3407,17,-0.2631,6,-1.6810,28,0.53165,14,-0.5414,26,0.38739,26,0.39997,25,0.33249,26,0.52881
ENSG00000178057,NDUFAF3,211,0.65900,214,0.68681,215,0.69029,104,-0.4471,120,-0.2478,87,-0.7140,117,-0.2673,134,-0.0585,122,-0.2698
ENSG00000178035,IMPDH2,2,-4.5475,78,0.81536,65,0.50827,24,-0.9931,31,-0.6521,52,0.15565,70,0.62099,59,0.36482,49,0.10397
ENSG00000198218,QRICH1,25,-0.5748,26,-0.5270,53,0.55780,27,-0.4819,34,-0.1547,41,0.16576,70,1.02303,27,-0.4963,36,-0.0504
ENSG00000172053,QARS,2,-4.0263,40,0.32205,35,0.09319,27,-0.2859,32,-0.0354,37,0.18033,34,0.04467,30,-0.1328,39,0.39099
ENSG00000172046,USP19,2,-3.4572,19,-0.2405,20,-0.1242,5,-2.1085,19,-0.2340,39,0.89363,55,1.49608,23,0.08763,21,-0.0733
ENSG00000172037,LAMB2,2,-3.1092,20,0.26108,97,3.14664,0,-4.6591,29,0.96315,3,-2.2360,2,-2.7912,8,-1.1221,8,-1.4030
ENSG00000185909,KLHDC8B,2,-2.9094,5,-1.4754,10,-0.6039,27,0.94452,14,-0.0916,6,-1.3549,7,-1.0993,26,0.88697,21,0.71292
ENSG00000114316,USP4,76,1.64013,23,-0.3158,28,-0.0253,2,-3.6276,18,-0.6832,34,0.27731,32,0.20759,30,0.08630,26,-0.1487
ENSG00000067560,RHOA,131,-0.8788,463,1.11167,481,1.17670,150,-0.6751,195,-0.2979,192,-0.3036,227,-0.0392,226,-0.0467,193,-0.3830
ENSG00000145022,TCTA,42,0.23283,36,0.01929,44,0.30921,8,-2.2758,30,-0.3170,46,0.37287,54,0.62940,34,-0.1057,36,0.02632
ENSG00000145029,NICN1,2,-4.0558,14,-1.3095,23,-0.5316,29,-0.2175,31,-0.1089,58,0.87018,41,0.31670,58,0.89206,36,0.19160
ENSG00000173402,DAG1,2,-4.3780,61,0.59789,103,1.47296,5,-3.0703,46,0.15446,49,0.25378,23,-0.9072,38,-0.1311,43,0.04498
ENSG00000164061,BSN,45,-1.8409,9,-4.1081,11,-3.8911,104,-0.5984,115,-0.4797,181,0.25598,342,1.30397,162,0.07793,229,0.92326
ENSG00000164062,APEH,41,-0.6200,25,-1.3377,27,-1.2404,82,0.44023,52,-0.2863,66,0.10819,96,0.70056,68,0.14896,73,0.37093
ENSG00000164068,RNF123,2,-3.4364,9,-1.2628,9,-1.3580,13,-0.7261,17,-0.3927,31,0.54311,35,0.74510,29,0.43571,30,0.73726
ENSG00000176095,IP6K1,124,0.76858,44,-0.8519,34,-1.2129,87,0.20003,51,-0.6473,80,0.06854,105,0.49435,67,-0.2106,88,0.29506
ENSG00000164076,CAMKV,122,-0.7797,9,-4.4916,45,-2.2701,123,-0.7732,154,-0.4670,457,1.32270,283,0.52410,197,-0.0504,275,0.68240
ENSG00000164077,MON1A,2,-3.1960,11,-1.0918,25,0.17522,32,0.56577,22,-0.0304,41,0.95381,26,0.24806,22,-0.0447,22,-0.0343
ENSG00000004534,RBM6,2,-3.6314,23,-0.1092,50,1.12587,33,0.43382,28,0.18709,16,-0.6509,19,-0.3952,17,-0.5695,27,0.16063
ENSG00000003756,RBM5,96,0.71314,69,0.19863,66,0.12056,29,-1.0987,44,-0.5466,67,0.15507,60,-0.0275,64,0.08178,63,0.08091
ENSG00000188338,SLC38A3,2,-2.3745,20,1.02546,62,3.29638,0,-3.9317,14,0.51414,1,-3.2033,5,-0.9536,1,-3.1917,4,-1.7297
ENSG00000114353,GNAI2,39,-2.0212,354,1.38078,372,1.47139,149,-0.0368,156,0.04631,114,-0.4472,109,-0.5186,126,-0.2894,101,-0.7918
ENSG00000012171,SEMA3B,2,-4.5726,315,3.59891,143,1.83305,1,-4.9718,43,-0.1693,18,-1.4807,8,-2.5226,18,-1.4767,8,-3.0487
ENSG00000214706,IFRD2,2,-2.3404,19,0.97869,13,0.41827,0,-3.8388,8,-0.3694,13,0.38456,10,0.04571,9,-0.0969,12,0.36350
ENSG00000243477,NAA80,2,-2.8761,7,-1.0255,0,-7.0044,27,0.96360,11,-0.4055,14,-0.0191,16,0.15077,30,1.16028,18,0.40602
ENSG00000114383,TUSC2,100,0.00981,37,-1.4996,50,-1.0355,119,0.28372,89,-0.1790,95,-0.0602,155,0.71577,113,0.20868,110,0.22702
ENSG00000068028,RASSF1,33,1.69627,19,0.74970,9,-0.4171,0,-4.0979,14,0.36459,10,-0.2616,12,0.08897,7,-0.6633,8,-0.7001
ENSG00000114388,NPRL2,2,-3.4971,19,-0.2742,28,0.30969,1,-4.2415,20,-0.2074,32,0.55124,22,-0.0414,34,0.63807,29,0.55860
ENSG00000114395,CYB561D2,2,-2.8259,26,0.98792,13,-0.0631,0,-4.3032,7,-1.0583,18,0.42092,14,-0.0389,32,1.34525,15,0.20044
ENSG00000126062,TMEM115,2,-4.0053,27,-0.2416,44,0.48063,85,1.60082,25,-0.4243,30,-0.1269,40,0.35483,25,-0.3992,29,-0.2134
ENSG00000088543,C3orf18,43,1.43609,12,-0.5406,4,-2.2593,0,-4.6822,18,0.02885,20,0.17435,27,0.63547,12,-0.6301,19,0.16998
ENSG00000088538,DOCK3,43,-1.2343,28,-1.8453,29,-1.8215,113,0.23695,62,-0.7444,203,1.19804,123,0.37796,133,0.50540,116,0.39448
ENSG00000145050,MANF,2,-4.6496,55,0.12933,52,0.06001,97,1.04906,32,-0.7538,46,-0.1353,49,-0.0584,77,0.66464,54,0.13202
ENSG00000259956,RBM15B,2,-3.5710,26,0.14244,27,0.22638,14,-0.7915,26,0.17427,29,0.30448,25,0.05159,23,-0.0694,28,0.32366
ENSG00000164080,RAD54L2,61,2.36245,20,0.39004,2,-2.9246,38,1.46273,11,-0.5056,10,-0.6014,8,-0.9524,7,-1.1590,8,-1.2109
ENSG00000164081,TEX264,2,-4.4525,52,0.27525,60,0.47578,28,-0.6998,41,-0.1067,29,-0.6397,51,0.22889,56,0.37118,53,0.40483
ENSG00000164082,GRM2,2,-2.9614,0,-9.5702,0,-4.2063,0,-4.4887,14,-0.1217,14,-0.1485,21,0.50103,13,-0.2919,30,1.74760
ENSG00000180929,GPR62,2,-2.6081,76,3.42320,34,1.70242,0,-4.1582,8,-0.7311,4,-1.6817,2,-2.5289,2,-2.5941,5,-1.3940
ENSG00000090097,PCBP4,2,-4.5268,196,2.52014,112,1.44024,28,-0.7419,43,-0.1047,18,-1.4214,12,-1.9587,35,-0.4319,28,-0.9492
ENSG00000248487,ABHD14A,2,-5.3017,35,-1.2613,69,-0.2493,65,-0.3484,71,-0.2253,128,0.71886,114,0.54017,75,-0.1154,107,0.60081
ENSG00000162244,RPL29,515,-0.2356,1083,0.95263,794,0.44430,491,-0.3092,794,0.49145,414,-0.5691,381,-0.6980,514,-0.2388,504,-0.3496
ENSG00000164086,DUSP7,2,-3.6451,53,1.20014,36,0.55428,1,-4.6404,19,-0.4748,39,0.70372,24,-0.0457,38,0.66813,24,-0.0974
ENSG00000023330,ALAS1,23,-0.6893,19,-0.9751,19,-0.9557,6,-2.5360,20,-0.9320,36,-0.0025,81,1.30978,42,0.23076,50,0.76768
ENSG00000247596,TWF2,2,-4.6143,14,-1.8660,42,-0.2267,4,-3.6579,44,-0.1925,101,1.16745,83,0.82937,76,0.67820,58,0.33767
ENSG00000164091,WDR82,105,-0.3189,53,-1.3287,92,-0.5084,228,0.91579,97,-0.4654,177,0.50839,118,-0.1365,162,0.36060,136,0.11293
ENSG00000163930,BAP1,4,-3.8857,21,-1.5000,40,-0.5126,56,-0.0052,73,0.44385,88,0.70868,63,0.16036,74,0.43004,61,0.14588
ENSG00000010322,NISCH,107,-0.7142,60,-1.5749,72,-1.3008,227,0.44981,137,-0.3698,195,0.20617,260,0.67107,186,0.13700,209,0.44772
ENSG00000168268,NT5DC2,2,-3.0475,15,-0.1018,13,-0.3353,1,-3.4728,24,0.68417,7,-1.1594,30,0.97958,18,0.13809,19,0.34840
ENSG00000168273,SMIM4,2,-4.3034,39,-0.0136,50,0.37170,97,1.46524,42,0.11129,46,0.22157,42,0.09319,34,-0.2349,30,-0.5354
ENSG00000163939,PBRM1,41,0.82031,30,0.36084,23,-0.0669,21,-0.2253,29,0.28849,24,0.02281,15,-0.7409,20,-0.2505,20,-0.3233
ENSG00000163938,GNL3,2,-4.1485,25,-0.5380,39,0.13927,26,-0.4625,26,-0.5318,55,0.67755,74,1.19145,46,0.38700,36,0.03230
ENSG00000016864,GLT8D1,2,-3.9376,30,-0.0209,53,0.86743,40,0.41840,20,-0.6673,34,0.16277,34,0.13903,35,0.20076,33,0.12866
ENSG00000114902,SPCS1,40,-2.3811,178,-0.1480,201,0.04401,399,1.15432,127,-0.7108,185,-0.0873,246,0.36303,193,-0.0239,212,0.17077
ENSG00000114904,NEK4,2,-3.2102,14,-0.4094,17,-0.1631,34,0.98436,14,-0.4574,26,0.56513,14,-0.3897,28,0.67673,19,0.06379
ENSG00000272573,MUSTN1,2,-2.5877,6,-0.9039,45,2.25417,0,-4.1428,29,1.67049,2,-2.6427,2,-2.2465,14,0.23650,6,-1.1370
ENSG00000213533,STIMATE,2,-2.4418,17,0.73103,6,-0.8996,1,-3.4135,11,0.10267,15,0.50679,15,0.50356,15,0.50613,12,0.16233
ENSG00000163932,PRKCD,102,1.64993,5,-2.7894,25,-0.6500,7,-2.5058,23,-0.8052,51,0.47673,56,0.63288,18,-1.0736,45,0.37245
ENSG00000163931,TKT,2,-5.7426,129,0.28105,242,1.31423,110,0.02482,91,-0.2913,110,0.02186,103,-0.0797,92,-0.2487,109,0.02032
ENSG00000272886,DCP1A,2,-2.5576,22,0.96639,10,-0.2201,0,-4.1150,13,0.15584,17,0.54228,12,0.07710,3,-2.0972,15,0.57229
ENSG00000157388,CACNA1D,2,-2.7553,5,-1.4936,0,-7.6066,45,2.01541,12,-0.2090,13,-0.0618,23,0.83158,8,-0.7964,14,0.09472
ENSG00000016391,CHDH,2,-2.5733,19,0.77117,39,1.98487,1,-3.5613,23,1.19007,9,-0.4403,7,-0.8070,5,-1.2693,7,-1.0503
ENSG00000113812,ACTR8,11,-0.0154,13,0.22038,3,-1.7315,1,-3.5102,9,-0.3618,8,-0.5516,12,0.09807,18,0.69434,16,0.73466
ENSG00000113811,SELENOK,63,-1.0434,193,0.67730,238,1.02392,120,-0.0828,125,-0.0125,108,-0.2377,121,-0.0640,145,0.21332,100,-0.4533
ENSG00000157445,CACNA2D3,40,-0.1450,0,-5.6509,13,-1.8022,154,2.13812,22,-1.1065,90,1.15609,39,-0.1990,43,-0.0463,37,-0.3412
ENSG00000187672,ERC2,35,-1.0528,14,-2.4100,48,-0.5704,48,-0.5857,69,-0.0332,137,1.08369,118,0.82331,64,-0.1384,78,0.21517
ENSG00000180376,CCDC66,2,-2.1340,17,1.07044,1,-2.4075,0,-3.6939,12,0.63780,16,0.92733,6,-0.4820,5,-0.6781,10,0.26059
ENSG00000163946,TASOR,2,-3.5868,39,0.77717,40,0.82239,31,0.41851,23,-0.0726,25,0.04667,18,-0.4720,12,-0.9769,25,0.05277
ENSG00000163947,ARHGEF3,47,0.08592,7,-2.6962,3,-3.9276,4,-3.4117,24,-1.0236,47,0.07655,69,0.68518,49,0.13960,77,1.33005
ENSG00000157500,APPL1,122,1.10288,45,-0.4715,49,-0.3515,71,0.21645,40,-0.7076,60,-0.0246,60,-0.0468,50,-0.3231,66,0.14115
ENSG00000174840,PDE12,2,-3.2096,29,0.69704,5,-1.7766,20,0.13885,14,-0.4166,24,0.38562,23,0.31770,12,-0.6963,24,0.60421
ENSG00000168374,ARF4,2,-5.3883,100,0.17238,84,-0.1023,180,1.12964,61,-0.6399,84,-0.1017,130,0.59474,85,-0.0876,94,0.11456
ENSG00000163681,SLMAP,2,-4.0446,29,-0.1944,33,-0.0227,52,0.70694,30,-0.1702,60,0.94991,37,0.18168,32,-0.0265,31,-0.1092
ENSG00000136068,FLNB,2,-2.4961,32,1.70441,12,0.12197,7,-0.7710,11,0.05587,1,-3.1321,6,-0.7804,16,0.59375,11,0.05454
ENSG00000163686,ABHD6,2,-4.9528,110,0.91357,20,-1.6966,31,-1.0658,38,-0.8081,66,0.08342,103,0.80349,49,-0.3582,88,0.79313
ENSG00000163684,RPP14,2,-2.5247,12,0.04867,0,-7.0939,1,-2.7835,13,0.25975,10,-0.1726,25,1.27366,3,-1.8095,17,0.91114
ENSG00000168297,PXK,2,-4.4664,225,2.92119,59,0.44618,24,-0.9173,42,-0.1126,33,-0.4449,21,-1.1167,30,-0.6150,25,-1.0689
ENSG00000168291,PDHB,124,0.22651,74,-0.5718,98,-0.1387,117,0.12768,66,-0.8072,109,0.02039,177,0.79367,85,-0.3650,121,0.24636
ENSG00000168301,KCTD6,2,-3.7353,19,-0.5323,7,-1.8530,1,-4.5005,21,-0.3862,14,-0.9318,47,0.91271,29,0.12618,46,1.34402
ENSG00000168309,FAM107A,818,0.97191,930,1.19004,729,0.78142,359,-0.3417,596,0.50282,183,-1.3567,149,-1.6604,310,-0.5635,287,-0.8542
ENSG00000189283,FHIT,148,3.16243,7,-1.8478,68,1.54373,2,-3.7614,15,-0.9167,5,-2.5066,12,-1.1120,15,-0.8812,14,-1.1610
ENSG00000144724,PTPRG,39,-0.0215,6,-2.8265,21,-0.9813,106,1.61573,31,-0.4266,34,-0.2529,49,0.34305,16,-1.3483,46,0.31967
ENSG00000114405,C3orf14,2,-5.3691,37,-1.2381,46,-0.9055,47,-0.8811,80,-0.0666,150,0.94833,144,0.87329,67,-0.3329,108,0.56717
ENSG00000153266,FEZF2,2,-4.0036,4,-3.0845,35,0.11348,25,-0.3609,56,0.98571,147,2.67212,35,0.14920,6,-2.4337,13,-1.5717
ENSG00000163618,CADPS,213,0.10514,10,-4.2946,65,-1.6877,641,1.98216,107,-1.0034,299,0.65038,192,-0.0549,179,-0.1625,193,-0.0646
ENSG00000163630,SYNPR,2,-7.2157,4,-6.1045,158,-1.0187,2183,3.84035,90,-1.9445,795,1.56943,56,-2.5550,272,-0.1962,89,-2.1782
ENSG00000163634,THOC7,2,-5.5558,66,-0.5539,74,-0.3886,125,0.43530,75,-0.3903,106,0.17183,124,0.42646,107,0.19603,120,0.51188
ENSG00000163636,PSMD6,126,0.82967,50,-0.6328,37,-1.0635,128,0.85951,46,-0.7893,86,0.20689,110,0.60772,65,-0.2143,70,-0.1380
ENSG00000163637,PRICKLE2,2,-4.8015,6,-3.1470,42,-0.4365,28,-1.0572,55,-0.0258,167,1.82465,57,0.01453,62,0.15671,64,0.27124
ENSG00000151276,MAGI1,2,-4.5941,21,-1.2888,30,-0.7074,73,0.64194,47,-0.0714,35,-0.5195,43,-0.1786,66,0.49390,67,0.72729
ENSG00000144741,SLC25A26,2,-3.8937,21,-0.5251,20,-0.6107,16,-0.8984,23,-0.4604,32,0.10706,32,0.09973,25,-0.2771,49,1.16850
ENSG00000144749,LRIG1,2,-5.0299,86,0.41920,371,3.18642,23,-1.5830,63,-0.0608,37,-0.8652,17,-2.0412,13,-2.3718,45,-0.7338
ENSG00000172340,SUCLG2,2,-2.9172,31,1.16543,84,3.13700,0,-4.4696,18,0.31721,9,-0.8156,3,-2.1392,1,-3.2973,7,-1.3553
ENSG00000183662,TAFA1,10,-1.8664,0,-9.4518,0,-8.9816,0,-5.6870,12,-1.6732,0,-6.9096,137,2.33292,19,-0.9560,68,1.66075
ENSG00000144747,TMF1,2,-3.6004,34,0.54595,26,0.09442,8,-1.5620,18,-0.5114,33,0.49399,23,-0.0626,24,-0.0370,32,0.63521
ENSG00000144744,UBA3,57,0.24944,69,0.54490,51,0.06077,42,-0.2245,39,-0.3458,66,0.49129,62,0.37300,34,-0.5668,43,-0.2340
ENSG00000144746,ARL6IP5,15,-3.9749,309,0.50078,170,-0.4319,430,1.04525,134,-0.8492,213,-0.0827,272,0.29870,267,0.26844,245,0.18411
ENSG00000114541,FRMD4B,18,-0.0203,98,3.04572,57,1.90998,29,0.72229,7,-1.5062,7,-1.4115,0,-6.8230,11,-0.6818,0,-4.7324
ENSG00000114861,FOXP1,2,-3.9705,33,0.10084,20,-0.6730,10,-1.7109,50,0.81972,77,1.47126,24,-0.4027,23,-0.4835,30,-0.1078
ENSG00000163412,EIF4E3,27,-0.7824,28,-0.7285,36,-0.3618,24,-0.9496,48,0.09179,78,0.85403,34,-0.4260,71,0.69860,49,0.16705
ENSG00000170837,GPR27,46,0.31915,19,-1.0323,61,0.76803,65,0.86000,24,-0.7513,53,0.52757,21,-0.8609,32,-0.2569,37,-0.0715
ENSG00000163602,RYBP,2,-4.2205,71,1.01948,43,0.21955,62,0.79334,32,-0.2640,75,1.12316,37,-0.0030,20,-0.9142,28,-0.5560
ENSG00000163605,PPP4R2,2,-4.0456,50,0.66031,31,-0.1061,38,0.20725,22,-0.6946,43,0.41885,33,0.00848,24,-0.4802,41,0.48834
ENSG00000121440,PDZRN3,2,-2.6451,9,-0.4597,0,-4.2176,2,-2.7177,10,-0.2853,1,-2.7983,30,1.40725,19,0.69870,19,1.00202
ENSG00000185008,ROBO2,41,-0.5748,4,-3.7620,26,-1.2684,206,2.11334,32,-1.0046,112,1.01074,67,0.19238,60,0.02343,48,-0.4106
ENSG00000169855,ROBO1,2,-4.0520,23,-0.5636,34,0.02091,148,2.61790,25,-0.4382,54,0.77037,11,-1.6904,25,-0.4184,21,-0.8425
ENSG00000175161,CADM2,121,-1.0780,150,-0.7559,164,-0.6220,106,-1.2805,212,-0.2526,421,0.85958,319,0.41032,252,0.03569,311,0.51436
ENSG00000083937,CHMP2B,78,0.28055,98,0.64057,83,0.38343,74,0.19323,39,-0.8398,57,-0.2094,69,0.07415,87,0.45852,56,-0.3001
ENSG00000163320,CGGBP1,54,-0.2392,63,0.01066,56,-0.1706,76,0.28965,56,-0.1825,72,0.22401,66,0.08932,58,-0.1280,64,0.05687
ENSG00000175105,ZNF654,2,-2.6568,13,0.01055,22,0.86122,32,1.53833,10,-0.3904,11,-0.1316,11,-0.1885,4,-1.5009,12,-0.0945
ENSG00000179021,C3orf38,2,-2.2639,16,0.82211,5,-0.8022,0,-3.8222,8,-0.1820,20,1.16501,14,0.63891,4,-1.3686,11,0.34845
ENSG00000269028,MTRNR2L12,6119,0.87671,3417,-0.0582,4648,0.42783,2499,-0.5403,6721,1.17826,1849,-0.9962,806,-2.2271,3011,-0.2545,2580,-0.6243
ENSG00000261292,AC110491.1,2,-2.7784,0,-4.2167,8,-0.8419,1,-3.1618,12,-0.2570,0,-8.4569,3,-2.0849,1,-3.4549,35,2.91961
ENSG00000113966,ARL6,2,-3.0579,11,-0.9696,5,-2.1485,0,-4.9805,16,-0.5240,29,0.45901,44,1.14840,13,-0.7756,36,1.23245
ENSG00000170854,RIOX2,2,-2.9923,23,0.61616,12,-0.4387,29,0.97462,16,0.05510,5,-1.7460,13,-0.3291,10,-0.7284,20,0.49122
ENSG00000080822,CLDND1,49,-2.9228,2364,3.71126,701,1.13646,178,-1.0201,179,-1.0749,192,-0.9088,98,-1.9016,200,-0.8499,96,-2.2582
ENSG00000080819,CPOX,2,-3.7277,100,2.26441,26,-0.0458,20,-0.4076,17,-0.7477,40,0.66827,12,-1.2114,18,-0.6059,23,-0.2450
ENSG00000064225,ST3GAL6,2,-2.9188,12,-0.2815,8,-0.9663,26,0.85220,9,-0.8402,15,0.04895,18,0.29008,6,-1.3646,23,0.92635
ENSG00000184220,CMSS1,45,-0.4314,33,-0.8859,42,-0.5279,58,-0.0555,47,-0.3917,49,-0.3266,71,0.25634,74,0.33834,78,0.58444
ENSG00000036054,TBC1D23,2,-3.2580,30,0.70761,14,-0.4594,5,-1.9423,16,-0.2864,26,0.46749,16,-0.2521,26,0.49340,24,0.52314
ENSG00000114021,NIT2,57,0.33947,14,-1.7279,35,-0.4114,8,-2.5483,36,-0.3913,49,0.12107,108,1.41599,26,-0.8224,56,0.43484
ENSG00000154174,TOMM70,47,-0.8948,29,-1.6008,29,-1.5896,138,0.77965,53,-0.7760,130,0.68096,123,0.59148,153,0.94940,86,0.04419
ENSG00000206535,LNP1,62,2.24190,8,-1.1278,0,-7.9079,8,-1.1151,10,-0.8328,5,-1.8015,29,0.86467,22,0.41814,16,-0.0853
ENSG00000114354,TFG,63,-0.2691,72,-0.0612,88,0.24686,43,-0.8531,56,-0.4742,71,-0.0911,99,0.44013,101,0.46881,82,0.17427
ENSG00000138468,SENP7,2,-2.5421,22,1.01343,20,0.88935,0,-4.0976,8,-0.4974,7,-0.7635,4,-1.4241,12,0.01329,16,0.79119
ENSG00000174173,TRMT10C,57,0.58143,9,-2.1092,8,-2.4071,72,0.96011,22,-0.9434,38,-0.0787,52,0.43618,47,0.28109,47,0.35497
ENSG00000081154,PCNP,129,-0.1515,144,0.00872,138,-0.0581,103,-0.5039,129,-0.1668,126,-0.1911,132,-0.1156,204,0.56370,155,0.17909
ENSG00000066422,ZBTB11,51,0.71691,22,-0.5929,30,-0.0951,0,-5.5337,32,-0.0152,42,0.39492,41,0.39143,16,-1.0876,38,0.37425
ENSG00000114391,RPL24,361,-0.8628,990,0.70946,860,0.48107,464,-0.4853,764,0.32218,473,-0.4536,501,-0.3676,815,0.39546,565,-0.2369
ENSG00000182504,CEP97,2,-3.1221,38,1.24938,12,-0.5504,17,-0.0454,15,-0.2809,26,0.60758,13,-0.4592,9,-0.9796,20,0.31526
ENSG00000144815,NXPE3,38,0.04834,93,1.50750,33,-0.1841,36,-0.0286,23,-0.7674,43,0.23121,25,-0.5782,52,0.52695,29,-0.4963
ENSG00000170017,ALCAM,168,0.50006,235,1.05149,156,0.38165,141,0.21712,79,-0.7244,198,0.76699,22,-2.5753,74,-0.7804,111,-0.2095
ENSG00000242759,LINC00882,2,-2.8518,27,1.02552,5,-1.4751,0,-4.3531,17,0.26086,14,-0.0452,5,-1.4547,33,1.36697,16,0.27914
ENSG00000243701,DUBR,2,-2.6945,20,0.65923,11,-0.2351,53,2.42793,9,-0.5916,12,-0.0635,4,-1.5178,13,0.02088,8,-0.7631
ENSG00000114439,BBX,2,-4.2334,152,2.41075,105,1.69115,35,-0.0986,38,-0.0074,31,-0.3051,17,-1.2000,5,-2.9670,17,-1.4207
ENSG00000196776,CD47,19,-2.8874,163,0.26675,144,0.07231,186,0.47373,88,-0.7378,255,0.99194,169,0.31844,157,0.20494,130,-0.1133
ENSG00000114446,IFT57,2,-4.4962,15,-1.6552,52,0.22826,77,0.84561,30,-0.6866,118,1.56967,72,0.74129,42,-0.1012,38,-0.3601
ENSG00000198919,DZIP3,2,-5.0151,27,-1.3045,45,-0.5495,161,1.48428,45,-0.6091,114,0.89705,81,0.34116,49,-0.4442,69,0.13396
ENSG00000177707,NECTIN3,2,-2.4469,10,-0.0973,1,-2.7973,10,-0.0414,7,-0.7151,36,2.03063,13,0.31914,2,-2.0427,13,0.32864
ENSG00000240891,PLCXD2,2,-3.2898,0,-4.9112,20,0.03350,18,-0.1583,12,-0.7223,64,2.00234,4,-2.2653,29,0.59699,23,0.35346
ENSG00000144827,ABHD10,2,-4.2542,41,0.04177,15,-1.4288,21,-0.9366,40,0.03934,71,0.93783,81,1.16575,28,-0.5013,43,0.19175
ENSG00000144834,TAGLN3,14,-4.9071,33,-3.7460,118,-1.8795,382,-0.1131,388,-0.0961,656,0.74843,782,1.04030,669,0.77983,478,0.32554
ENSG00000091972,CD200,80,-0.2888,26,-1.9513,59,-0.7437,104,0.11882,50,-1.0802,136,0.53852,122,0.36825,102,0.07725,132,0.70177
ENSG00000144848,ATG3,46,-0.4517,159,1.54982,81,0.42022,37,-0.7826,55,-0.2087,73,0.24657,46,-0.4435,48,-0.3920,52,-0.3650
ENSG00000138459,SLC35A5,2,-4.1483,94,1.60819,56,0.72958,17,-1.1172,23,-0.6924,33,-0.1148,28,-0.3709,49,0.51652,34,-0.0890
ENSG00000163608,NEPRO,2,-3.5064,32,0.55800,18,-0.3512,17,-0.4286,14,-0.7639,20,-0.1931,34,0.63247,24,0.08591,30,0.60595
ENSG00000072858,SIDT1,2,-3.0431,7,-1.3036,12,-0.4087,18,0.14828,5,-1.6721,21,0.35789,30,0.95510,19,0.22915,23,0.79376
ENSG00000176542,USF3,46,1.14232,14,-0.7403,17,-0.4004,28,0.33081,12,-0.9751,31,0.47372,14,-0.7480,29,0.37881,23,0.01187
ENSG00000121579,NAA50,2,-4.2645,40,0.06519,34,-0.1841,36,-0.1002,37,-0.0602,46,0.25823,71,0.96792,16,-1.2945,46,0.35787
ENSG00000114573,ATP6V1A,5,-5.7373,47,-2.7014,106,-1.5150,335,0.22939,172,-0.8532,345,0.27544,582,1.13197,398,0.50466,400,0.73524
ENSG00000178075,GRAMD1C,2,-2.2516,3,-1.5388,46,2.79437,4,-1.0887,18,1.12619,13,0.55631,1,-2.7619,0,-4.4309,4,-1.4296
ENSG00000184307,ZDHHC23,2,-3.3689,2,-3.3398,0,-8.2144,32,0.68022,11,-0.9317,27,0.44557,48,1.36623,11,-0.8815,31,0.91942
ENSG00000181722,ZBTB20,2,-3.5238,103,2.62832,96,2.47268,0,-5.0726,30,0.46823,2,-3.5234,1,-4.2331,4,-2.5396,8,-1.8864
ENSG00000172020,GAP43,608,-0.2505,79,-3.2667,96,-2.9937,918,0.39702,562,-0.4000,384,-0.9491,1278,0.93736,806,0.18994,998,0.76217
ENSG00000185565,LSAMP,81,-0.7416,79,-0.7687,176,0.45857,108,-0.3033,134,0.03343,128,-0.0454,124,-0.0936,170,0.40406,144,0.19064
ENSG00000144847,IGSF11,2,-3.4000,48,1.33678,86,2.43040,1,-3.7042,10,-1.1095,10,-1.1440,7,-1.6240,18,-0.2065,20,-0.0922
ENSG00000113845,TIMMDC1,122,1.05091,84,0.44320,87,0.48861,39,-0.7304,44,-0.5866,67,0.08267,59,-0.1068,34,-0.9385,61,-0.0807
ENSG00000138495,COX17,122,-0.4785,188,0.19302,141,-0.2554,245,0.61766,177,0.10887,96,-0.8310,172,0.05798,218,0.42924,156,-0.1318
ENSG00000082701,GSK3B,79,-0.1639,25,-1.8731,35,-1.3758,154,0.88728,57,-0.7263,86,-0.0311,114,0.39802,80,-0.1591,115,0.59129
ENSG00000163428,LRRC58,7,-1.7715,71,1.76385,26,0.10519,8,-1.6878,30,0.35122,19,-0.3537,12,-1.0671,20,-0.3080,23,-0.0709
ENSG00000163430,FSTL1,2,-2.8320,14,0.00491,104,3.88768,0,-4.3850,14,0.01107,3,-1.9826,0,-6.2583,2,-2.4710,7,-1.1837
ENSG00000065518,NDUFB4,144,-1.3221,329,-0.0731,434,0.36481,260,-0.4373,353,0.04100,223,-0.6695,515,0.63844,396,0.21852,368,0.14093
ENSG00000144840,RABL3,2,-3.6460,27,0.13489,27,0.12657,41,0.79277,21,-0.2645,26,0.04956,18,-0.4579,33,0.45451,27,0.14475
ENSG00000145087,STXBP5L,36,-0.7017,5,-3.4340,30,-0.9805,8,-2.9392,42,-0.5141,114,1.10812,79,0.50560,102,0.92945,71,0.49025
ENSG00000173230,GOLGB1,204,1.54222,65,-0.3161,92,0.22783,94,0.25550,76,-0.0956,127,0.73751,57,-0.5131,72,-0.1546,44,-1.1140
ENSG00000173226,IQCB1,76,2.08692,10,-1.1456,12,-0.9482,47,1.23017,12,-0.9083,31,0.54554,13,-0.7728,10,-1.2136,16,-0.6614
ENSG00000163406,SLC15A2,41,0.94122,12,-0.8994,74,1.99686,11,-1.0825,36,0.86043,8,-1.5655,5,-2.0344,16,-0.5179,13,-1.0045
ENSG00000114023,FAM162A,57,-1.2514,87,-0.6039,205,0.73356,162,0.34935,110,-0.2703,138,0.09958,168,0.41034,89,-0.5812,139,0.15532
ENSG00000114030,KPNA1,48,-0.1389,50,-0.0774,34,-0.6967,25,-1.1181,38,-0.5416,58,0.13097,122,1.35173,35,-0.6341,60,0.27420
ENSG00000138463,SLC49A4,2,-2.9376,19,0.36342,47,1.85430,10,-0.5552,11,-0.4469,22,0.54578,12,-0.3123,12,-0.4065,13,-0.3464
ENSG00000121542,SEC22A,2,-2.4990,9,-0.3490,2,-2.0932,0,-4.0090,7,-0.7171,14,0.32074,16,0.52291,8,-0.4477,20,1.40932
ENSG00000173175,ADCY5,137,1.56974,50,-0.0924,33,-0.7036,9,-2.6063,44,-0.2845,89,0.83511,34,-0.6583,60,0.21043,46,-0.2678
ENSG00000206527,HACD2,2,-4.3904,87,0.87207,81,0.75375,17,-1.6397,31,-0.8063,109,1.26360,35,-0.5281,39,-0.4033,55,0.21076
ENSG00000065534,MYLK,36,-0.2457,181,2.55435,76,0.94540,0,-5.9302,34,-0.3592,16,-1.4510,3,-3.7145,48,0.21080,30,-0.6724
ENSG00000175455,CCDC14,2,-2.3493,9,-0.1491,28,1.69222,0,-3.5669,9,-0.1372,20,1.11714,13,0.43520,11,0.09431,7,-0.6817
ENSG00000160145,KALRN,86,-0.4568,7,-4.1507,62,-0.9419,66,-0.8551,75,-0.7139,281,1.46536,135,0.24726,108,-0.0987,151,0.60545
ENSG00000082781,ITGB5,2,-3.2559,31,0.74579,79,2.45690,1,-4.2815,31,0.83581,6,-1.5654,5,-1.9009,13,-0.5668,12,-0.8024
ENSG00000163848,ZNF148,2,-3.8980,30,-0.0073,56,1.01713,2,-3.6635,31,0.04515,63,1.20584,22,-0.4385,19,-0.6525,33,0.21017
ENSG00000114520,SNX4,77,0.91733,42,-0.0324,29,-0.5976,84,1.06124,29,-0.6772,55,0.38112,44,0.03219,20,-1.1232,38,-0.2432
ENSG00000144909,OSBPL11,2,-2.7858,19,0.54783,35,1.54106,35,1.52262,10,-0.5072,9,-0.6553,11,-0.3648,8,-0.8048,10,-0.6464
ENSG00000114544,SLC41A3,6,-3.8702,25,-1.7641,48,-0.8181,83,0.01944,51,-0.7786,106,0.39973,128,0.69898,74,-0.1612,124,0.96172
ENSG00000144908,ALDH1L1,2,-3.9158,25,-0.3153,137,2.66110,19,-0.6906,49,0.86011,14,-1.1102,6,-2.2488,18,-0.7491,18,-0.9435
ENSG00000163884,KLF15,2,-2.7992,30,1.22031,59,2.50654,0,-4.3525,22,0.82473,2,-2.3739,5,-1.4303,13,-0.1275,6,-1.4506
ENSG00000159685,CHCHD6,95,0.02841,30,-1.7103,41,-1.2234,42,-1.2179,88,-0.0909,76,-0.3031,111,0.27112,101,0.13406,134,0.84274
ENSG00000114554,PLXNA1,80,1.06691,6,-2.7206,18,-1.2376,35,-0.2621,26,-0.7565,51,0.33868,77,1.01518,27,-0.6228,47,0.28820
ENSG00000163870,TPRA1,2,-3.3631,24,0.23157,28,0.47920,23,0.19199,22,0.08675,24,0.25480,22,0.09387,9,-1.2704,23,0.24187
ENSG00000114631,PODXL2,21,-2.9459,38,-2.0993,130,-0.2683,349,1.32876,102,-0.6955,236,0.67086,111,-0.5094,318,1.16827,152,-0.0434
ENSG00000114626,ABTB1,2,-4.6647,28,-0.9179,47,-0.1216,60,0.26336,44,-0.2444,62,0.31118,56,0.14231,74,0.59712,61,0.39885
ENSG00000074416,MGLL,163,0.20146,39,-1.9631,163,0.20104,176,0.31806,169,0.28652,223,0.70397,93,-0.6665,151,0.07642,130,-0.2040
ENSG00000058262,SEC61A1,2,-4.4217,50,0.22930,94,1.26282,59,0.49339,51,0.30753,59,0.48388,38,-0.1992,24,-0.8863,33,-0.5199
ENSG00000175792,RUVBL1,67,1.57643,13,-0.9906,16,-0.6950,58,1.32865,15,-0.8175,16,-0.7384,26,0.04326,26,0.03865,20,-0.4958
ENSG00000132394,EEFSEC,2,-2.2789,11,0.25252,4,-1.1706,0,-3.8371,7,-0.4536,15,0.64990,16,0.84484,10,0.10095,13,0.62245
ENSG00000163902,RPN1,2,-5.5659,126,0.43951,147,0.68287,98,0.04342,72,-0.4581,88,-0.1246,108,0.19262,130,0.48624,99,0.08412
ENSG00000075785,RAB7A,112,-0.7375,203,0.18551,239,0.44086,181,0.00133,138,-0.4528,205,0.19742,213,0.25863,131,-0.4948,197,0.18880
ENSG00000177646,ACAD9,2,-3.3761,22,0.09370,2,-3.0181,18,-0.1694,24,0.23447,32,0.66424,26,0.34535,33,0.72051,22,0.09481
ENSG00000240682,ISY1,2,-2.8274,11,-0.4075,24,0.85063,6,-1.3085,11,-0.4407,20,0.54378,18,0.34227,18,0.40643,16,0.24263
ENSG00000169714,CNBP,65,-1.1439,218,0.71777,189,0.48971,46,-1.6630,156,0.19691,138,-0.0110,164,0.25831,108,-0.3787,141,0.03587
ENSG00000181789,COPG1,20,-1.8652,43,-0.7121,44,-0.6687,65,-0.0840,56,-0.3295,72,0.07286,109,0.73747,77,0.18387,87,0.53120
ENSG00000183624,HMCES,2,-4.1075,20,-0.8413,41,0.24926,52,0.64543,23,-0.6296,23,-0.6110,38,0.14377,20,-0.8054,52,0.93043
ENSG00000184897,H1FX,33,-2.1365,98,-0.5465,66,-1.1446,157,0.18522,149,0.10832,155,0.15787,168,0.28570,187,0.46242,164,0.34238
ENSG00000129071,MBD4,2,-3.7243,22,-0.2579,10,-1.4808,50,1.02349,23,-0.2191,32,0.29805,27,0.01048,24,-0.1642,33,0.46389
ENSG00000163913,IFT122,49,1.31915,11,-1.0129,9,-1.2589,0,-4.9745,20,-0.0765,28,0.42727,32,0.60478,13,-0.7147,24,0.23404
ENSG00000004399,PLXND1,2,-3.3741,44,1.06917,33,0.58365,0,-5.0457,27,0.29065,10,-1.2304,25,0.16570,15,-0.6527,28,0.44894
ENSG00000172765,TMCC1,2,-3.9279,39,0.37666,39,0.37388,46,0.61148,18,-0.8516,46,0.62791,24,-0.3986,27,-0.2030,36,0.30175
ENSG00000196455,PIK3R4,2,-3.5101,20,-0.2527,7,-1.6776,17,-0.4782,14,-0.8780,61,1.54636,41,0.86105,21,-0.1808,28,0.33871
ENSG00000017260,ATP2C1,114,-0.1131,92,-0.4506,71,-0.8310,198,0.76635,67,-0.9871,180,0.61197,150,0.32017,146,0.27463,127,0.07777
ENSG00000114670,NEK11,2,-2.1940,11,0.27673,17,0.95472,0,-3.7532,11,0.30489,3,-1.5667,29,1.92744,0,-4.2783,8,-0.1254
ENSG00000198585,NUDT16,43,-0.0075,36,-0.2663,33,-0.3934,15,-1.5542,46,0.11549,25,-0.8309,57,0.44282,77,0.93120,45,0.10381
ENSG00000114686,MRPL3,3,-3.7975,43,-0.2767,27,-0.9384,25,-1.1042,35,-0.5993,58,0.20183,94,0.96896,48,-0.1072,74,0.84559
ENSG00000196353,CPNE4,40,-0.1264,1,-5.1725,0,-9.2639,0,-5.9700,21,-1.1718,14,-1.6905,178,2.46888,47,0.11987,60,0.74401
ENSG00000138246,DNAJC13,2,-3.3647,15,-0.4532,16,-0.3474,1,-4.2343,23,0.18300,33,0.72202,28,0.46508,20,-0.0245,27,0.57228
ENSG00000081307,UBA5,185,2.32281,25,-0.9839,19,-1.3557,37,-0.3810,22,-1.2439,44,-0.1445,33,-0.5502,33,-0.5880,51,0.12128
ENSG00000144868,TMEM108,2,-3.5114,3,-2.6568,7,-1.6917,30,0.44796,16,-0.5813,38,0.79121,27,0.23889,7,-1.6874,38,1.18923
ENSG00000091527,CDV3,13,-2.2460,79,0.45687,89,0.64177,31,-0.9554,67,0.20245,68,0.21531,54,-0.1353,47,-0.3643,64,0.15661
ENSG00000163781,TOPBP1,2,-3.2442,13,-0.5713,23,0.30319,15,-0.3552,12,-0.7116,30,0.74776,28,0.62883,26,0.48856,21,0.22754
ENSG00000091513,TF,202,-0.9242,3035,4.34619,658,0.92400,71,-2.4634,236,-0.7413,148,-1.3924,36,-3.4671,65,-2.6056,33,-3.9610
ENSG00000144867,SRPRB,54,0.18278,26,-0.9288,21,-1.2672,79,0.78158,32,-0.6453,42,-0.1988,62,0.40005,28,-0.8157,62,0.56558
ENSG00000154917,RAB6B,222,-1.0007,40,-3.5061,235,-0.9174,378,-0.1919,320,-0.4809,498,0.23769,577,0.47313,614,0.57350,589,0.72648
ENSG00000163785,RYK,2,-2.1954,21,1.34522,14,0.73508,6,-0.5167,9,0.04300,8,-0.2014,10,0.09918,2,-1.7724,9,-0.0562
ENSG00000114019,AMOTL2,2,-3.9899,111,2.10992,45,0.55654,63,1.08346,15,-1.2098,27,-0.2672,16,-1.0184,22,-0.5717,25,-0.4873
ENSG00000129055,ANAPC13,99,0.46304,50,-0.5900,72,-0.0356,29,-1.4153,62,-0.2794,65,-0.2003,82,0.16322,74,0.01461,91,0.45215
ENSG00000182923,CEP63,2,-3.2384,28,0.63409,18,-0.0855,4,-2.1825,19,0.00380,18,-0.0351,18,-0.0700,28,0.59916,23,0.40736
ENSG00000154928,EPHB1,2,-2.5230,2,-2.3002,45,2.35824,10,-0.2539,17,0.69077,6,-0.8191,9,-0.3690,7,-0.6969,8,-0.6319
ENSG00000073711,PPP2R3A,2,-2.2678,28,1.75531,8,-0.1715,0,-3.8261,6,-0.7938,7,-0.5145,2,-2.1058,24,1.48371,10,0.15250
ENSG00000174579,MSL2,3,-1.8713,13,0.34592,11,-0.0200,0,-3.9962,11,0.11653,19,0.87313,3,-1.8087,9,-0.2459,15,0.67371
ENSG00000114054,PCCB,167,2.55502,61,0.71787,55,0.56735,1,-5.3827,23,-0.8185,32,-0.3112,33,-0.2504,17,-1.2295,23,-0.9920
ENSG00000168917,SLC35G2,2,-3.6506,12,-1.1053,25,-0.0353,62,1.48403,14,-0.9630,18,-0.4701,35,0.53715,13,-0.9765,33,0.59287
ENSG00000158092,NCK1,2,-3.3138,22,0.15713,21,0.06435,18,-0.1271,16,-0.3629,15,-0.4128,21,0.06091,22,0.17044,26,0.62771
ENSG00000114098,ARMC8,2,-4.5366,26,-0.8990,39,-0.2636,50,0.10195,35,-0.4599,62,0.44776,56,0.28843,83,0.92669,54,0.33178
ENSG00000158186,MRAS,28,-1.4451,30,-1.3417,107,0.58947,31,-1.3209,70,-0.0901,111,0.63877,117,0.73383,77,0.07280,80,0.15951
ENSG00000114107,CEP70,2,-3.3142,16,-0.2942,14,-0.4976,50,1.51604,19,-0.0360,23,0.22123,25,0.36455,26,0.41482,16,-0.4630
ENSG00000158234,FAIM,15,0.44347,32,1.70426,16,0.50171,0,-4.0720,12,0.12862,6,-0.8792,13,0.25734,9,-0.3086,8,-0.7293
ENSG00000051382,PIK3CB,2,-4.5448,23,-1.0958,31,-0.6161,46,-0.0445,43,-0.1549,102,1.26208,60,0.37563,56,0.28483,51,0.18663
ENSG00000175110,MRPS22,161,2.01465,35,-0.5168,56,0.20845,27,-0.8919,24,-1.1354,32,-0.6432,50,0.03356,47,-0.0450,45,-0.1795
ENSG00000184432,COPB2,146,1.85012,46,-0.0899,52,0.12488,21,-1.2324,34,-0.5685,45,-0.1105,56,0.22966,26,-0.9598,42,-0.2808
ENSG00000114115,RBP1,57,1.25533,83,1.92346,69,1.57431,15,-0.8750,25,-0.0987,11,-1.2655,5,-2.5089,8,-1.8126,11,-1.5054
ENSG00000158258,CLSTN2,86,-0.6066,5,-4.5622,61,-1.1159,90,-0.5375,88,-0.6147,492,2.32791,201,0.72496,138,0.11841,103,-0.4293
ENSG00000114120,SLC25A36,87,0.60426,36,-0.7622,41,-0.5451,19,-1.7191,58,-0.0298,59,-0.0179,83,0.53445,52,-0.2050,69,0.33792
ENSG00000177311,ZBTB38,2,-4.6026,55,0.17507,69,0.55225,31,-0.7003,40,-0.3442,51,0.05730,61,0.35764,47,-0.0450,60,0.44300
ENSG00000155903,RASA2,86,2.67662,8,-1.2358,3,-2.4600,6,-1.6409,11,-0.7930,21,0.16323,21,0.15870,14,-0.4737,15,-0.3749
ENSG00000114125,RNF7,64,-0.6813,75,-0.4430,50,-1.0645,202,1.13985,81,-0.3606,106,0.08919,118,0.25906,101,0.01495,106,0.11924
ENSG00000069849,ATP1B3,122,0.29064,44,-1.2543,20,-2.3817,188,1.00180,59,-0.8877,76,-0.4468,115,0.19904,157,0.70347,119,0.34681
ENSG00000114126,TFDP2,2,-3.2534,22,0.19572,34,0.91133,0,-4.8036,23,0.33739,20,0.07863,17,-0.1259,24,0.38643,20,0.14086
ENSG00000175066,GK5,2,-2.1766,21,1.00414,10,-0.1218,8,-0.5046,12,0.05453,16,0.55661,10,-0.1120,7,-0.6916,12,0.10501
ENSG00000114127,XRN1,2,-2.0913,14,0.75447,19,1.33324,0,-3.6477,7,-0.2342,15,0.95608,14,0.74916,3,-1.4727,7,-0.3968
ENSG00000175054,ATR,2,-3.0815,7,-1.3570,9,-0.9901,1,-3.8570,11,-0.6684,22,0.43427,32,1.00732,15,-0.1383,27,1.14130
ENSG00000144935,TRPC1,48,0.60616,11,-1.5515,24,-0.4740,38,0.23474,16,-1.0940,61,1.01582,38,0.26301,12,-1.4249,39,0.40325
ENSG00000163714,U2SURP,162,1.76117,62,0.15849,49,-0.2259,58,0.05399,44,-0.4055,45,-0.3401,35,-0.7375,26,-1.1874,52,-0.1701
ENSG00000175040,CHST2,162,1.37992,20,-1.8634,28,-1.3820,145,1.19372,32,-1.2547,40,-0.8358,51,-0.4763,63,-0.1420,83,0.37833
ENSG00000181804,SLC9A9,2,-2.1371,43,2.82153,15,0.86807,2,-2.1682,11,0.42124,8,-0.0364,6,-0.5878,0,-4.2248,3,-1.5401
ENSG00000181744,DIPK2A,9,-0.9377,62,2.21766,32,1.02833,8,-1.0570,15,-0.1934,4,-2.0927,9,-0.9081,7,-1.3331,14,-0.3070
ENSG00000152952,PLOD2,2,-2.5638,10,-0.2726,50,2.48831,7,-0.8372,16,0.58956,10,-0.1770,2,-2.2328,12,0.00514,7,-1.0145
ENSG00000114698,PLSCR4,2,-3.1716,25,0.49443,106,3.26195,0,-4.7211,25,0.55555,9,-0.9981,0,-4.5087,6,-1.5206,9,-1.2704
ENSG00000239922,AC092958.1,2,-2.5094,93,4.26497,17,0.60977,0,-4.0652,6,-0.8560,3,-1.6573,3,-1.7155,2,-2.2197,3,-2.1199
ENSG00000163754,GYG1,80,0.53591,32,-0.8651,77,0.46540,120,1.20266,39,-0.6224,29,-1.0445,67,0.23443,52,-0.1402,52,-0.1905
ENSG00000071794,HLTF,2,-3.8393,35,0.30226,47,0.78345,3,-3.0195,18,-0.7189,46,0.75116,30,0.07795,33,0.22330,35,0.42324
ENSG00000163755,HPS3,2,-2.9775,11,-0.5273,35,1.30941,6,-1.4110,7,-1.1418,25,0.76598,28,0.90785,20,0.35633,15,-0.0424
ENSG00000018408,WWTR1,2,-2.5062,37,1.97791,46,2.39775,0,-4.0620,16,0.55893,13,0.22933,3,-1.8840,2,-2.1915,3,-2.2028
ENSG00000114744,COMMD2,2,-3.4971,35,0.67651,50,1.28814,0,-4.9274,19,-0.2417,42,0.97272,14,-0.6851,17,-0.4036,24,0.08871
ENSG00000082996,RNF13,48,-0.9452,334,2.26756,212,1.41838,59,-0.6410,66,-0.5116,82,-0.1343,69,-0.3885,37,-1.3287,47,-1.1836
ENSG00000070087,PFN2,247,-0.8536,157,-1.5313,281,-0.6597,411,-0.0766,373,-0.2469,471,0.13549,707,0.78960,629,0.59783,491,0.27640
ENSG00000196428,TSC22D2,2,-4.4117,25,-0.7972,46,0.10348,57,0.44387,28,-0.6889,40,-0.0977,39,-0.1476,77,0.95096,53,0.48834
ENSG00000120742,SERP1,2,-5.4709,112,0.34599,148,0.80263,77,-0.2359,112,0.38510,84,-0.0971,83,-0.1161,92,0.04316,86,-0.0889
ENSG00000144895,EIF2A,41,-0.1817,42,-0.1444,38,-0.3055,71,0.67662,31,-0.6348,46,-0.0150,53,0.22285,42,-0.1453,51,0.21963
ENSG00000198843,SELENOT,173,0.05577,164,-0.0228,156,-0.0991,136,-0.3145,113,-0.6438,270,0.77211,186,0.17061,200,0.28879,164,-0.0351
ENSG00000181788,SIAH2,43,0.85639,14,-0.8584,16,-0.6901,9,-1.5339,16,-0.6813,50,1.09512,32,0.40469,13,-1.0025,29,0.31240
ENSG00000144893,MED12L,2,-2.3718,4,-1.1748,0,-7.2125,0,-3.9290,10,0.05129,19,0.99125,7,-0.5053,2,-2.0381,19,1.55638
ENSG00000152601,MBNL1,46,-0.3082,79,0.54144,26,-1.1612,32,-0.8338,45,-0.3533,71,0.37443,58,0.07202,37,-0.6286,72,0.55132
ENSG00000169860,P2RY1,2,-2.6652,11,-0.2225,88,3.70659,0,-4.2196,16,0.38270,2,-2.7335,4,-1.5272,2,-2.3173,6,-1.3747
ENSG00000181467,RAP2B,2,-3.6460,13,-1.0032,10,-1.3111,0,-5.1857,23,-0.1260,36,0.56908,32,0.39982,24,-0.0683,40,1.13053
ENSG00000243069,ARHGEF26-AS1,2,-2.4118,13,0.32994,37,2.08016,16,0.67393,13,0.34819,9,-0.1904,0,-4.0739,6,-0.7607,7,-0.7938
ENSG00000114790,ARHGEF26,2,-2.9175,17,0.18547,82,3.05043,0,-4.4681,24,0.86167,9,-0.7934,1,-3.2584,2,-2.7741,8,-1.0623
ENSG00000174953,DHX36,2,-4.3236,46,-0.1880,24,-1.1282,43,-0.2905,38,-0.4998,85,0.78940,73,0.53663,84,0.77800,60,0.30518
ENSG00000114805,PLCH1,2,-3.7702,7,-1.9324,0,-8.6130,204,3.97725,5,-2.4141,0,-5.4112,11,-1.3377,20,-0.4911,25,-0.1786
ENSG00000174928,C3orf33,42,1.71974,8,-0.9168,0,-4.7871,15,0.07017,7,-1.1882,21,0.53332,20,0.46285,7,-1.0516,16,0.18534
ENSG00000169359,SLC33A1,2,-2.9967,21,0.41143,25,0.73191,0,-4.5485,17,0.08413,33,1.15059,17,0.07124,5,-1.5529,17,0.20612
ENSG00000163655,GMPS,23,-0.1192,25,-0.0421,13,-1.0411,10,-1.3571,19,-0.4586,51,1.11598,25,-0.0234,26,0.03563,30,0.33448
ENSG00000169282,KCNAB1,30,-0.9981,5,-3.4811,35,-0.7560,19,-1.6360,35,-0.7965,57,-0.0080,93,0.75705,132,1.34644,77,0.64373
ENSG00000114850,SSR3,2,-5.4703,115,0.39712,180,1.12840,159,0.91956,71,-0.3757,80,-0.1752,53,-0.8056,127,0.55936,76,-0.3207
ENSG00000163659,TIPARP,2,-2.1615,22,1.50442,45,2.86792,0,-3.7210,13,0.67555,5,-0.8749,0,-5.8931,0,-4.0928,3,-1.5573
ENSG00000163660,CCNL1,2,-2.9221,24,0.63976,48,1.83854,6,-1.4152,17,0.09069,19,0.25826,17,0.10250,15,-0.0810,10,-0.7738
ENSG00000174891,RSRC1,2,-4.4535,45,0.04924,45,0.04542,118,1.62546,41,-0.1345,41,-0.1217,26,-0.7992,50,0.19928,41,-0.1439
ENSG00000178053,MLF1,2,-2.9697,16,0.01359,10,-0.5933,0,-4.5216,14,-0.1481,20,0.39986,26,0.82296,14,-0.1528,21,0.69065
ENSG00000168827,GFM1,57,0.54800,35,-0.2285,13,-1.6481,40,-0.0052,39,-0.0467,28,-0.5517,54,0.46472,31,-0.3811,47,0.31273
ENSG00000118855,MFSD1,99,2.13307,32,0.17857,43,0.67126,47,0.81921,24,-0.2633,10,-1.5835,20,-0.5411,6,-2.1866,15,-1.1173
ENSG00000240207,AC080013.1,2,-2.4391,1,-3.3033,0,-7.2946,0,-3.9956,10,-0.1113,13,0.34809,20,1.00160,2,-2.1842,20,1.57539
ENSG00000180044,C3orf80,16,-1.5506,0,-7.3400,6,-2.8495,40,-0.2305,23,-1.1088,87,1.01581,103,1.30985,50,0.12378,63,0.69041
ENSG00000068885,IFT80,2,-3.9563,36,0.22202,21,-0.5664,30,-0.0578,27,-0.2538,36,0.24311,35,0.16777,31,0.00357,40,0.54813
ENSG00000186432,KPNA4,29,-1.4839,51,-0.6479,91,0.22764,108,0.50050,65,-0.3114,105,0.45904,114,0.59237,79,0.00244,78,-0.0048
ENSG00000163590,PPM1L,2,-4.9877,22,-1.5645,42,-0.6345,22,-1.5912,64,0.00951,133,1.18473,78,0.30838,57,-0.1838,87,0.68209
ENSG00000169255,B3GALNT1,2,-5.1032,8,-3.1353,47,-0.5797,96,0.51202,49,-0.5617,157,1.33053,74,0.10374,73,0.08354,86,0.48137
ENSG00000169251,NMD3,2,-3.7197,30,0.17917,71,1.63980,39,0.61115,19,-0.5645,38,0.55727,20,-0.3920,32,0.30633,18,-0.6848
ENSG00000196542,SPTSSB,2,-2.5765,0,-7.5198,0,-7.4301,4,-1.4238,8,-0.5591,8,-0.6227,19,0.74108,6,-0.8705,24,1.92614
ENSG00000121871,SLITRK3,2,-2.8818,2,-2.4495,18,0.32886,3,-2.2736,12,-0.3558,40,1.63766,13,-0.1983,27,0.98113,15,0.10113
ENSG00000114200,BCHE,2,-2.2916,44,2.62472,37,2.26152,1,-2.8550,9,-0.1124,12,0.34752,0,-8.0540,1,-2.8316,3,-2.0790
ENSG00000114209,PDCD10,47,-0.1604,74,0.55692,28,-0.9167,88,0.85778,42,-0.3531,54,0.06738,37,-0.5030,49,-0.0893,53,0.04809
ENSG00000163536,SERPINI1,320,-0.7455,231,-1.2358,178,-1.6195,516,-0.0146,257,-1.1425,553,0.09342,909,0.89582,591,0.19892,739,0.80199
ENSG00000173905,GOLIM4,230,2.15276,115,0.90870,195,1.83642,48,-0.4721,68,0.07898,17,-1.9718,7,-3.3063,16,-2.0572,20,-2.0253
ENSG00000008952,SEC62,242,-0.5253,638,1.01501,384,0.18916,371,0.13291,385,0.21075,355,0.06657,301,-0.1935,327,-0.0608,259,-0.5357
ENSG00000173889,PHC3,2,-3.0540,21,0.36213,14,-0.2540,27,0.76228,12,-0.5349,31,1.00824,10,-0.7979,27,0.78605,15,-0.2089
ENSG00000163558,PRKCI,2,-4.4377,15,-1.6023,18,-1.2952,56,0.40809,25,-0.8942,47,0.12564,60,0.50143,43,-0.0232,69,1.07350
ENSG00000136603,SKIL,2,-3.6350,17,-0.5372,32,0.38679,11,-1.1887,23,-0.1216,42,0.84702,24,-0.0567,24,-0.0441,31,0.48206
ENSG00000013297,CLDN11,2,-5.9772,1074,4.46191,283,1.30494,3,-5.2847,54,-1.3704,57,-1.2158,19,-2.7815,47,-1.5024,15,-3.5130
ENSG00000013293,SLC7A14,43,-0.3481,19,-1.5390,16,-1.7946,184,2.08678,31,-0.9009,93,0.87983,33,-0.7347,53,-0.0226,49,-0.1884
ENSG00000163584,RPL22L1,76,1.37467,55,0.82819,34,0.03909,36,0.16699,28,-0.2501,20,-0.7108,16,-1.0455,18,-0.8660,28,-0.2987
ENSG00000163577,EIF5A2,2,-3.0737,11,-0.6581,4,-2.0047,57,2.06284,17,0.01206,12,-0.4442,24,0.57162,10,-0.6983,16,-0.1236
ENSG00000154310,TNIK,2,-4.5328,25,-0.9332,65,0.52663,144,1.88835,64,0.56389,81,0.88182,25,-0.9337,24,-0.9697,28,-0.9782
ENSG00000144959,NCEH1,2,-4.8959,1,-5.0753,9,-2.7712,98,0.77532,36,-0.8483,104,0.87425,106,0.91264,60,0.00918,82,0.70807
ENSG00000169760,NLGN1,2,-3.8274,26,-0.1616,6,-2.3075,29,0.03423,15,-0.9757,29,0.02550,42,0.61036,21,-0.4878,46,1.15770
ENSG00000177565,TBL1XR1,101,0.11604,61,-0.6532,101,0.11037,22,-2.1852,65,-0.5997,136,0.58386,131,0.52166,78,-0.2892,116,0.44814
ENSG00000172667,ZMAT3,29,-1.5991,51,-0.7377,70,-0.2721,131,0.71050,84,0.01715,102,0.31855,96,0.22195,104,0.34342,83,-0.0023
ENSG00000121879,PIK3CA,37,0.70921,22,-0.1290,26,0.13624,5,-2.2058,20,-0.2684,31,0.42466,19,-0.3662,27,0.21932,25,0.12683
ENSG00000121864,ZNF639,48,1.03292,21,-0.2361,24,-0.0609,24,-0.0486,17,-0.5834,49,1.08675,10,-1.3528,18,-0.4570,24,-0.1058
ENSG00000171109,MFN1,18,-0.3164,18,-0.3495,3,-2.9468,36,0.72177,23,0.03866,18,-0.3875,33,0.56565,39,0.84517,21,-0.1421
ENSG00000114450,GNB4,2,-3.8659,20,-0.5518,100,2.08044,7,-2.0997,29,0.01267,152,2.96655,5,-2.5313,10,-1.5610,6,-2.5676
ENSG00000136522,MRPL47,48,-0.2581,43,-0.4401,88,0.68624,76,0.44744,44,-0.4192,51,-0.1711,56,-0.0172,66,0.24103,56,-0.0362
ENSG00000136521,NDUFB5,140,-0.3258,122,-0.5343,168,-0.0393,159,-0.1273,162,-0.1048,147,-0.2459,223,0.40380,175,0.02361,196,0.27481
ENSG00000114757,PEX5L,109,-0.0413,222,1.10047,34,-1.7784,4,-4.6582,80,-0.5668,70,-0.7150,209,0.99611,84,-0.4463,142,0.51662
ENSG00000163728,TTC14,2,-3.3018,26,0.40600,18,-0.0894,5,-1.9686,25,0.40302,40,1.12153,12,-0.7411,11,-0.9060,23,0.34816
ENSG00000114416,FXR1,48,-0.7621,134,0.84155,136,0.87057,77,-0.0464,60,-0.4442,88,0.16336,73,-0.1175,73,-0.1255,69,-0.2591
ENSG00000205981,DNAJC19,100,0.01663,73,-0.4619,49,-1.0702,59,-0.7833,78,-0.3906,105,0.08220,122,0.32750,123,0.34275,125,0.51085
ENSG00000242808,SOX2-OT,43,-2.2747,1370,3.75679,417,1.20649,89,-1.2180,134,-0.6491,100,-1.0371,28,-2.8956,100,-1.0392,41,-2.6885
ENSG00000241231,AC068308.1,2,-2.1738,6,-0.4521,10,0.25975,0,-3.7332,15,0.97187,12,0.51178,5,-0.7543,2,-1.7730,11,0.50973
ENSG00000181449,SOX2,2,-5.6051,124,0.36627,545,3.15060,137,0.52420,92,-0.1078,27,-1.9022,7,-3.7679,107,0.13361,36,-1.8032
ENSG00000058063,ATP11B,2,-2.5083,18,0.75510,4,-1.3668,17,0.64093,5,-1.2726,12,0.07014,17,0.64801,5,-1.0382,15,0.65096
ENSG00000043093,DCUN1D1,2,-4.2268,45,0.29809,50,0.45128,5,-2.9111,39,0.05171,40,0.09800,51,0.48812,20,-0.9624,49,0.60458
ENSG00000078070,MCCC1,83,1.96985,27,0.08213,20,-0.3733,14,-0.9395,16,-0.8088,30,0.25918,18,-0.5749,36,0.53470,19,-0.6115
ENSG00000114796,KLHL24,2,-4.0660,102,1.85610,84,1.49662,29,-0.2443,28,-0.3176,26,-0.3685,20,-0.7681,13,-1.4116,26,-0.4756
ENSG00000163872,YEATS2,41,0.25024,28,-0.3576,28,-0.3490,25,-0.5169,18,-1.0994,37,0.07407,60,0.84795,70,1.12376,33,-0.1265
ENSG00000180834,MAP6D1,68,0.56952,240,2.92754,93,1.08430,19,-1.3846,31,-0.7031,14,-1.8397,13,-1.9375,15,-1.7318,23,-1.3116
ENSG00000175193,PARL,6,-2.2389,29,-0.0230,31,0.09733,16,-0.9039,23,-0.4074,27,-0.1131,24,-0.3192,35,0.26403,42,0.80264
ENSG00000114770,ABCC5,2,-4.4353,10,-2.1285,26,-0.7947,40,-0.1116,30,-0.6226,69,0.73703,70,0.76479,34,-0.3855,64,0.87141
ENSG00000145191,EIF2B5,46,0.30946,28,-0.4623,28,-0.4639,40,0.10721,22,-0.8638,24,-0.6794,45,0.25886,41,0.12908,49,0.55804
ENSG00000161202,DVL3,2,-3.9920,33,0.03635,49,0.67711,35,0.14406,37,0.24347,41,0.37494,25,-0.3546,34,0.12300,31,-0.0860
ENSG00000161203,AP2M1,530,-0.3441,194,-1.8533,378,-0.8586,529,-0.3483,424,-0.7324,884,0.45859,1209,0.97214,668,0.01520,841,0.53009
ENSG00000161204,ABCF3,2,-3.9763,20,-0.6834,24,-0.3961,12,-1.4012,28,-0.2062,30,-0.0596,50,0.73410,55,0.89413,40,0.52001
ENSG00000145198,VWA5B2,96,2.32215,2,-3.4229,2,-3.5774,0,-5.1763,20,-0.3571,29,0.27319,12,-1.1182,18,-0.4528,30,0.45606
ENSG00000214160,ALG3,2,-2.6491,19,0.62814,19,0.66267,9,-0.5429,7,-0.8239,18,0.57667,12,-0.0316,10,-0.3845,15,0.35903
ENSG00000163888,CAMK2N2,7,-3.7820,14,-2.7697,45,-1.1105,231,1.47406,90,-0.0874,26,-1.9191,43,-1.2025,39,-1.3334,160,1.29773
ENSG00000175166,PSMD2,49,-1.6603,79,-0.9491,85,-0.8371,197,0.46688,116,-0.3919,155,0.08928,228,0.70308,193,0.43531,172,0.34751
ENSG00000114867,EIF4G1,3,-4.5966,53,-0.4627,72,0.02287,34,-1.1251,74,0.05992,102,0.57155,110,0.69695,65,-0.1328,85,0.37427
ENSG00000175182,FAM131A,305,0.68577,23,-3.2118,79,-1.3892,103,-1.0024,110,-0.9588,379,1.04924,263,0.44687,186,-0.0939,254,0.55523
ENSG00000163882,POLR2H,2,-4.1566,24,-0.5747,32,-0.1503,46,0.38544,32,-0.1947,46,0.39382,50,0.51046,35,-0.0351,42,0.32265
ENSG00000090539,CHRD,7,-1.9384,2,-3.3115,13,-1.0149,8,-1.7962,21,-0.3330,53,1.13969,25,-0.0710,35,0.49347,38,0.86647
ENSG00000177383,MAGEF1,2,-4.8967,29,-1.0995,70,0.24720,72,0.29400,43,-0.5436,83,0.50996,62,0.05683,80,0.44730,74,0.45322
ENSG00000156931,VPS8,2,-3.6330,20,-0.3194,17,-0.6054,9,-1.4186,19,-0.4600,26,0.06165,34,0.48543,33,0.44353,36,0.85441
ENSG00000187068,C3orf70,61,1.34129,38,0.54432,19,-0.5181,0,-5.2863,29,0.14193,15,-0.8823,16,-0.7738,17,-0.6695,31,0.29948
ENSG00000073803,MAP3K13,2,-4.4960,76,0.81632,65,0.57154,22,-1.0814,48,0.11367,22,-1.0749,41,-0.1664,62,0.48630,51,0.23980
ENSG00000163900,TMEM41A,2,-3.1148,18,0.05537,16,-0.1102,37,1.21058,10,-0.9242,25,0.59734,12,-0.5585,17,0.00746,19,0.25901
ENSG00000163904,SENP2,2,-4.2391,28,-0.4454,30,-0.3801,20,-0.9667,47,0.37582,49,0.41060,44,0.23464,83,1.26574,36,-0.1216
ENSG00000136527,TRA2B,48,-0.7937,85,0.07423,116,0.56716,96,0.25659,54,-0.6572,86,0.09948,107,0.43035,122,0.65238,71,-0.2582
ENSG00000244405,ETV5,47,-0.0428,18,-1.4876,28,-0.8479,55,0.20567,56,0.23898,104,1.25115,56,0.24119,50,0.04372,40,-0.3889
ENSG00000058866,DGKG,2,-3.1672,7,-1.2992,9,-1.0759,37,1.17833,21,0.29674,55,1.87710,12,-0.6278,13,-0.5212,14,-0.5059
ENSG00000090520,DNAJB11,2,-4.1171,48,0.50732,31,-0.1814,53,0.67188,26,-0.4825,63,0.94794,38,0.13142,23,-0.6194,36,0.04862
ENSG00000156976,EIF4A2,372,-0.9953,244,-1.6246,399,-0.8870,1035,0.59301,460,-0.7220,1055,0.62305,1020,0.56895,750,0.07802,869,0.43225
ENSG00000073849,ST6GAL1,2,-3.9641,43,0.51791,83,1.60177,7,-2.1344,37,0.27610,102,1.98539,18,-0.8257,18,-0.7956,15,-1.3515
ENSG00000163923,RPL39L,2,-4.2294,38,-0.0042,47,0.35849,77,1.14771,43,0.21480,48,0.38021,37,-0.0339,31,-0.2808,31,-0.3773
ENSG00000157005,SST,102,-4.9598,25,-6.9539,45,-6.1414,37502,8.91722,139,-4.6336,8,-8.5571,38,-6.3922,66,-5.5933,91,-5.5352
ENSG00000113916,BCL6,2,-3.5507,38,0.75840,50,1.23521,0,-4.7181,19,-0.3036,6,-1.8820,13,-0.9089,22,-0.1128,33,0.80840
ENSG00000145012,LPP,2,-2.6384,20,0.77430,35,1.69282,0,-4.1930,17,0.56832,0,-6.7043,1,-2.8129,14,0.23129,13,0.15671
ENSG00000152492,CCDC50,2,-3.4641,44,1.10765,27,0.32905,1,-3.8538,37,0.91771,17,-0.3984,9,-1.3327,30,0.46393,21,-0.1251
ENSG00000114279,FGF12,39,-2.2746,12,-3.9402,107,-0.8052,213,0.26470,142,-0.3955,351,1.07752,176,-0.0399,393,1.27067,192,0.13363
ENSG00000180611,MB21D2,2,-2.7926,4,-1.8168,2,-2.6399,0,-4.3460,5,-1.6550,15,0.16608,31,1.29916,27,1.06341,22,1.10730
ENSG00000127249,ATP13A4,2,-3.0514,12,-0.4811,108,3.54049,0,-4.6029,23,0.61026,7,-1.2441,1,-3.4868,0,-4.7254,9,-1.0547
ENSG00000198836,OPA1,92,-0.2479,37,-1.5910,59,-0.9023,166,0.68939,71,-0.6806,137,0.37908,144,0.45878,139,0.40409,121,0.24264
ENSG00000114315,HES1,2,-2.6490,14,0.13500,64,2.83914,3,-2.2379,26,1.31261,2,-2.7796,3,-1.9601,1,-3.7398,7,-1.2025
ENSG00000133657,ATP13A3,34,0.47052,21,-0.3072,13,-0.9878,0,-5.2227,16,-0.7564,37,0.56931,31,0.32249,16,-0.7154,37,0.82756
ENSG00000041802,LSG1,6,-1.2733,14,-0.0038,3,-2.0853,20,0.60182,13,-0.0503,21,0.71455,24,0.87274,19,0.53644,11,-0.4263
ENSG00000114331,ACAP2,2,-3.5840,48,1.12416,26,0.11090,25,0.09320,32,0.50492,22,-0.1086,13,-0.9140,15,-0.7316,24,0.00345
ENSG00000184203,PPP1R2,4,-3.8851,30,-1.1714,29,-1.1885,10,-2.7928,42,-0.7095,84,0.41586,79,0.32354,203,1.92981,79,0.43926
ENSG00000189058,APOD,222,-1.1149,2263,2.86411,1187,1.56811,98,-2.3166,461,-0.0002,337,-0.4802,131,-1.8967,299,-0.6640,132,-2.1912
ENSG00000061938,TNK2,107,0.72566,30,-1.2139,92,0.48366,82,0.28865,82,0.33168,79,0.24854,61,-0.1592,46,-0.6004,55,-0.4179
ENSG00000072274,TFRC,2,-4.0134,13,-1.3720,61,1.02130,9,-1.8332,32,-0.0242,31,-0.0654,31,-0.0876,52,0.76386,39,0.42702
ENSG00000161217,PCYT1A,4,-2.2530,26,0.42357,51,1.55727,7,-1.4763,22,0.16844,16,-0.2945,18,-0.1695,13,-0.6613,19,-0.0255
ENSG00000213123,TCTEX1D2,69,0.35592,22,-1.4017,19,-1.6210,93,0.83164,54,-0.0545,48,-0.2211,76,0.50248,36,-0.6567,62,0.25152
ENSG00000163960,UBXN7,62,1.73231,29,0.47154,23,0.11615,0,-4.8747,24,0.20358,19,-0.1935,13,-0.7867,18,-0.2700,17,-0.4761
ENSG00000163961,RNF168,2,-3.3209,23,0.22599,6,-1.7541,28,0.55666,23,0.26262,25,0.35210,11,-0.8464,12,-0.7181,26,0.59643
ENSG00000174013,FBXO45,2,-4.0036,40,0.32768,18,-0.8611,21,-0.6084,20,-0.7939,37,0.20359,47,0.58869,37,0.22644,44,0.71483
ENSG00000163964,PIGX,2,-4.6263,34,-0.5581,63,0.38165,15,-1.7637,48,-0.0446,75,0.66037,41,-0.2810,46,-0.1207,68,0.70173
ENSG00000174007,CEP19,2,-2.4464,4,-1.4408,13,0.32738,0,-3.9936,8,-0.3833,19,0.91827,25,1.32582,6,-0.8625,13,0.46529
ENSG00000180370,PAK2,38,-0.2660,103,1.31743,94,1.15871,102,1.29401,33,-0.5354,36,-0.3692,16,-1.5729,17,-1.4451,31,-0.7618
ENSG00000119231,SENP5,2,-3.9323,18,-0.8290,8,-1.9273,8,-2.0186,36,0.26882,41,0.44306,30,-0.0205,40,0.40357,45,0.88923
ENSG00000114503,NCBP2,2,-4.5336,39,-0.2598,70,0.65704,26,-0.8831,53,0.23394,55,0.25306,40,-0.2281,46,-0.0133,55,0.35727
ENSG00000270170,NCBP2AS2,2,-4.5581,25,-0.9727,33,-0.5608,82,0.88205,38,-0.3843,65,0.49666,54,0.20379,76,0.74618,51,0.15769
ENSG00000119227,PIGZ,2,-3.0791,3,-2.5379,18,0.14035,0,-4.6204,13,-0.4052,27,0.74045,35,1.16874,20,0.26503,22,0.56600
ENSG00000228109,MELTF-AS1,2,-2.1424,7,-0.3149,4,-1.1389,0,-3.5767,13,0.65232,18,1.13628,12,0.48548,11,0.36273,8,-0.0734
ENSG00000075711,DLG1,63,-0.3585,151,1.03448,86,0.12451,45,-0.8634,74,-0.1220,87,0.14425,72,-0.1440,44,-0.9037,84,0.12095
ENSG00000161267,BDH1,2,-3.8432,13,-1.1684,9,-1.6260,23,-0.3172,34,0.27167,14,-1.0643,51,0.90777,47,0.78178,37,0.52863
ENSG00000145016,RUBCN,2,-4.0846,20,-0.7663,33,-0.0624,31,-0.1285,31,-0.1675,42,0.31123,24,-0.5124,58,0.85826,43,0.48928
ENSG00000122068,FYTTD1,29,-0.8487,53,0.04475,49,-0.0846,84,0.78554,33,-0.7079,63,0.32345,70,0.49011,38,-0.4593,54,0.09332
ENSG00000186001,LRCH3,2,-2.6384,21,0.83652,16,0.44626,1,-3.0913,17,0.54148,18,0.58817,17,0.49942,9,-0.4901,10,-0.3120
ENSG00000182899,RPL35A,816,0.14631,1217,0.79034,866,0.24116,489,-0.6445,920,0.37278,566,-0.4199,621,-0.2771,634,-0.2448,652,-0.2645
ENSG00000182903,ZNF721,153,2.32120,31,-0.3676,46,0.22757,27,-0.5986,22,-0.9174,30,-0.4278,40,0.00879,11,-1.8942,33,-0.3478
ENSG00000174227,PIGG,2,-3.1859,22,0.32103,23,0.33788,0,-4.7236,18,0.03402,13,-0.4810,21,0.19495,27,0.59666,23,0.49983
ENSG00000273238,TMEM271,52,-0.2394,5,-3.5223,18,-1.7745,60,-0.0142,52,-0.2449,128,1.22317,66,0.14447,64,0.09920,72,0.36912
ENSG00000169020,ATP5ME,852,-0.2031,1422,0.60775,1224,0.36686,716,-0.4701,989,0.03305,662,-0.5899,974,0.00491,927,-0.0718,965,-0.0107
ENSG00000215375,MYL5,2,-2.6384,16,0.24588,24,0.84097,2,-2.5395,11,-0.3678,27,1.03455,18,0.39856,6,-1.1529,16,0.26689
ENSG00000185619,PCGF3,2,-3.5668,16,-0.6283,43,0.96654,8,-1.6119,15,-0.6902,20,-0.2771,28,0.25643,19,-0.3313,35,0.92127
ENSG00000168993,CPLX1,325,0.41630,19,-3.7827,83,-1.6667,431,0.87719,225,-0.1754,146,-0.8200,322,0.40441,193,-0.3954,319,0.54224
ENSG00000178950,GAK,70,0.51043,24,-1.1524,35,-0.5789,98,1.05308,42,-0.2948,62,0.32250,82,0.76655,34,-0.6205,43,-0.3506
ENSG00000127419,TMEM175,2,-3.9789,35,0.13855,36,0.22475,45,0.56402,29,-0.1654,47,0.62662,27,-0.2563,23,-0.4988,35,0.19938
ENSG00000145214,DGKQ,2,-3.5586,5,-2.1362,7,-1.7183,0,-5.0944,21,-0.2039,41,0.89845,43,0.95968,20,-0.2490,36,1.00508
ENSG00000127418,FGFRL1,2,-2.4349,16,0.61937,33,1.84231,0,-3.9910,18,0.96444,1,-3.0193,0,-6.1429,9,-0.2378,10,-0.0743
ENSG00000159692,CTBP1,293,0.89601,76,-1.1925,90,-0.9386,168,0.00138,132,-0.3933,169,0.01134,143,-0.2492,284,0.84477,173,0.06340
ENSG00000090316,MAEA,2,-5.2306,25,-1.6526,53,-0.5522,95,0.35634,47,-0.7911,84,0.16636,111,0.61153,112,0.61651,102,0.67436
ENSG00000163950,SLBP,2,-4.9893,24,-1.4839,52,-0.3169,67,0.06899,40,-0.7564,98,0.68358,97,0.66878,76,0.27475,84,0.59450
ENSG00000168936,TMEM129,2,-3.6099,34,0.49846,48,1.08706,2,-3.2013,33,0.51361,31,0.35811,25,0.02402,23,-0.1138,22,-0.2191
ENSG00000068078,FGFR3,2,-5.7956,42,-1.4616,503,2.65293,45,-1.3794,184,0.89010,63,-0.8686,33,-1.8248,61,-0.9152,85,-0.5471
ENSG00000168924,LETM1,2,-4.2461,21,-0.9065,27,-0.5278,47,0.33035,32,-0.3102,47,0.33073,28,-0.4657,80,1.20347,45,0.35807
ENSG00000109685,NSD2,2,-4.1226,29,-0.2925,28,-0.3387,9,-1.9328,33,-0.0892,49,0.53619,37,0.09348,50,0.54979,46,0.61016
ENSG00000185049,NELFA,2,-2.9967,21,0.44426,10,-0.6783,47,1.80705,14,-0.1719,16,0.04235,19,0.30649,7,-1.1292,14,-0.3059
ENSG00000243449,C4orf48,374,-0.6818,1175,1.13676,717,0.32509,681,0.24234,489,-0.2959,540,-0.1214,568,-0.0415,633,0.12696,480,-0.3917
ENSG00000185818,NAT8L,17,-3.1586,73,-1.0867,196,0.43844,79,-0.9664,200,0.52140,171,0.21886,142,-0.0631,135,-0.1412,179,0.40909
ENSG00000123933,MXD4,35,0.11133,52,0.73850,25,-0.4151,19,-0.8622,49,0.69099,32,-0.0204,19,-0.8165,38,0.23266,27,-0.3731
ENSG00000159733,ZFYVE28,44,1.04124,5,-2.0980,3,-2.9407,0,-5.0373,12,-1.0440,32,0.56144,27,0.29214,19,-0.2625,35,1.01488
ENSG00000063978,RNF4,65,0.81256,32,-0.3304,30,-0.3995,9,-2.1936,35,-0.1735,39,0.00243,57,0.57592,44,0.17081,41,0.08729
ENSG00000125386,FAM193A,2,-2.9085,14,-0.1331,18,0.26443,3,-2.2053,14,-0.0568,21,0.50636,15,0.01554,25,0.80856,17,0.27669
ENSG00000087266,SH3BP2,2,-2.7568,13,0.00197,57,2.49804,1,-3.4535,15,0.19107,5,-1.3218,3,-2.1000,16,0.30402,12,-0.2894
ENSG00000087274,ADD1,155,-0.3280,193,0.01578,245,0.38999,183,-0.0703,180,-0.1068,212,0.16022,162,-0.2538,158,-0.2972,205,0.14555
ENSG00000109736,MFSD10,2,-3.8909,24,-0.3085,29,-0.0236,0,-5.2127,32,0.11797,41,0.49214,69,1.37836,27,-0.1248,32,0.17801
ENSG00000125388,GRK4,76,2.56257,10,-0.7902,0,-7.9793,14,-0.2856,10,-0.8152,9,-0.9065,7,-1.3486,17,-0.0390,18,0.06183
ENSG00000197386,HTT,66,0.23482,25,-1.2080,28,-1.0597,78,0.50885,50,-0.2038,61,0.13360,40,-0.5323,78,0.50559,64,0.28356
ENSG00000159788,RGS12,2,-3.9531,18,-0.7766,55,0.89821,3,-3.4912,39,0.37404,76,1.46028,2,-3.6364,58,1.01238,28,-0.2021
ENSG00000163956,LRPAP1,587,1.45101,108,-1.2295,100,-1.3391,147,-0.7729,145,-0.8463,301,0.33909,299,0.32491,185,-0.4208,286,0.34872
ENSG00000132406,TMEM128,2,-3.7300,53,1.11108,30,0.21340,34,0.40157,16,-0.8460,22,-0.2820,27,0.03288,40,0.66044,26,-0.0318
ENSG00000168824,NSG1,3,-5.0950,7,-4.1875,33,-1.9527,308,1.54980,61,-1.0994,85,-0.5439,125,0.05460,165,0.50131,180,0.92908
ENSG00000168818,STX18,2,-3.4050,25,0.28904,33,0.68986,12,-0.8032,18,-0.2499,23,0.13943,27,0.35399,23,0.10780,23,0.21529
ENSG00000163132,MSX1,2,-2.6483,15,0.32102,90,3.82922,0,-4.2004,14,0.20562,10,-0.2618,0,-8.4055,0,-5.2449,4,-1.9199
ENSG00000072832,CRMP1,262,0.22317,29,-3.0253,150,-0.6323,276,0.30967,130,-0.9101,287,0.36892,311,0.49937,192,-0.2549,295,0.58824
ENSG00000181215,C4orf50,2,-3.1473,2,-3.2086,1,-3.8554,4,-2.1503,18,0.00364,53,1.81955,43,1.45507,13,-0.4543,19,0.16658
ENSG00000152969,JAKMIP1,65,-0.2524,8,-3.2319,40,-0.9700,102,0.45014,58,-0.4490,111,0.59210,75,-0.0375,61,-0.3433,104,0.68618
ENSG00000109501,WFS1,136,0.82380,46,-0.8598,215,1.60973,33,-1.3632,60,-0.4936,86,0.08895,31,-1.4485,45,-0.8872,86,0.11477
ENSG00000074211,PPP2R2C,60,-1.5953,66,-1.4410,61,-1.5702,104,-0.7692,137,-0.3743,239,0.52381,186,0.12572,236,0.50543,251,0.88241
ENSG00000013288,MAN2B2,2,-4.1263,17,-1.0704,18,-0.9905,0,-5.5489,33,-0.1051,26,-0.4770,67,1.02992,47,0.47041,53,0.96786
ENSG00000179010,MRFAP1,21,-4.1607,449,0.35666,404,0.18922,437,0.31462,310,-0.2419,324,-0.1559,382,0.10106,460,0.39537,390,0.17809
ENSG00000170846,AC093323.1,2,-4.6263,25,-1.0187,63,0.36369,17,-1.6247,41,-0.3164,123,1.48876,52,0.07943,31,-0.7169,63,0.51156
ENSG00000178988,MRFAP1L1,105,0.22888,81,-0.1715,46,-1.0407,85,-0.0960,81,-0.1965,79,-0.2031,108,0.27242,115,0.38122,99,0.19422
ENSG00000186222,BLOC1S4,2,-2.7209,14,0.11074,0,-4.0021,8,-0.6790,13,-0.0422,23,0.86878,26,1.11607,6,-1.1158,16,0.45227
ENSG00000170871,KIAA0232,6,-3.2393,50,-0.1937,22,-1.4022,89,0.71022,39,-0.6228,79,0.52091,79,0.51133,44,-0.4064,73,0.55525
ENSG00000132405,TBC1D14,2,-4.0698,36,-0.1559,31,-0.3788,24,-0.7373,42,0.09830,47,0.27414,38,-0.0670,37,-0.1064,54,0.69021
ENSG00000173011,TADA2B,2,-3.1065,16,-0.0826,17,-0.0070,31,0.94710,15,-0.1968,16,-0.0709,11,-0.6440,11,-0.6302,22,0.52666
ENSG00000109519,GRPEL1,20,-1.2508,30,-0.6790,18,-1.4047,81,0.90578,41,-0.1881,32,-0.5448,61,0.43810,56,0.31304,55,0.36616
ENSG00000184985,SORCS2,2,-3.1847,41,1.32741,25,0.47521,3,-2.6142,21,0.27261,21,0.26013,9,-1.0789,6,-1.6125,22,0.37362
ENSG00000196526,AFAP1,2,-3.2265,7,-1.4154,27,0.58041,33,0.87944,10,-0.9488,2,-3.0869,23,0.32687,19,0.00689,27,0.87729
ENSG00000163995,ABLIM2,2,-4.1226,8,-2.1698,1,-5.1815,44,0.34807,24,-0.6095,35,-0.0187,43,0.31787,60,0.83132,55,1.01488
ENSG00000071127,WDR1,25,-1.5771,71,-0.0122,89,0.35116,80,0.17366,62,-0.2412,93,0.41100,78,0.13277,128,0.92944,60,-0.3334
ENSG00000178163,ZNF518B,2,-3.0623,8,-1.0668,16,-0.0561,23,0.53313,10,-0.8029,24,0.57231,20,0.25416,15,-0.1083,22,0.60454
ENSG00000002587,HS3ST1,2,-2.4304,4,-1.5384,0,-7.2861,5,-1.0431,6,-0.9402,5,-1.1922,18,0.83676,18,0.83015,19,1.38475
ENSG00000157869,RAB28,2,-3.3152,36,0.94840,22,0.17721,1,-3.8435,24,0.30178,26,0.39189,22,0.18884,17,-0.2330,21,0.12647
ENSG00000038219,BOD1L1,2,-5.1753,69,-0.0865,93,0.38082,46,-0.7153,66,-0.1625,113,0.69677,94,0.39558,90,0.33118,77,0.12409
ENSG00000137449,CPEB2,80,0.64099,88,0.79139,51,-0.0869,45,-0.2568,35,-0.6710,61,0.19877,63,0.24305,40,-0.4489,49,-0.1647
ENSG00000118564,FBXL5,3,-4.4541,110,0.61500,105,0.54164,84,0.18647,54,-0.5321,98,0.43268,68,-0.1481,83,0.17222,77,0.08019
ENSG00000237765,FAM200B,101,0.18220,154,0.87245,121,0.46876,86,-0.0696,99,0.17839,66,-0.4631,62,-0.5649,85,-0.0726,73,-0.4159
ENSG00000169762,TAPT1,2,-3.6025,46,1.01784,16,-0.6076,10,-1.2709,23,-0.1040,42,0.88585,20,-0.3042,24,-0.0309,27,0.25661
ENSG00000169744,LDB2,2,-4.9451,5,-3.6490,11,-2.4790,3,-4.1902,43,-0.6051,127,1.16387,145,1.39114,56,-0.1600,93,0.93017
ENSG00000151552,QDPR,371,-0.3503,2058,2.62587,630,0.47797,329,-0.5374,397,-0.2683,360,-0.3960,283,-0.7610,293,-0.7095,234,-1.2810
ENSG00000002549,LAP3,51,0.61455,78,1.33852,96,1.70561,0,-5.3443,34,0.00574,34,-0.0180,38,0.14197,9,-1.9335,18,-1.2110
ENSG00000118579,MED28,45,-0.0916,46,-0.0711,56,0.24275,101,1.20287,41,-0.2461,39,-0.3132,29,-0.7470,53,0.16375,43,-0.2300
ENSG00000163257,DCAF16,2,-3.0003,24,0.63954,18,0.16061,10,-0.6613,13,-0.3171,18,0.19189,15,-0.0909,29,0.93251,16,0.05232
ENSG00000145147,SLIT2,2,-3.3856,4,-2.3033,0,-6.4639,9,-1.2583,13,-0.7247,2,-3.2745,12,-0.7851,9,-1.2769,52,2.78469
ENSG00000163138,PACRGL,35,0.61934,14,-0.7517,23,-0.0366,18,-0.4222,18,-0.4239,22,-0.1287,29,0.29992,18,-0.4118,28,0.36179
ENSG00000185774,KCNIP4,2,-4.9270,6,-3.4652,11,-2.4724,8,-2.9346,47,-0.4517,42,-0.5874,175,1.74970,41,-0.5940,104,1.30332
ENSG00000152990,ADGRA3,2,-3.1803,30,0.78545,95,2.97139,0,-4.4673,29,0.83894,3,-2.6155,3,-2.6844,6,-1.5943,10,-1.1401
ENSG00000109819,PPARGC1A,2,-2.9134,7,-1.1994,41,1.64845,25,0.78817,10,-0.6820,4,-1.8641,12,-0.3345,16,0.11061,17,0.29207
ENSG00000109606,DHX15,2,-4.7204,67,0.35684,58,0.14191,55,0.05136,40,-0.4591,72,0.47292,73,0.49469,55,0.04892,57,0.15998
ENSG00000181982,CCDC149,2,-2.3053,7,-0.4887,0,-4.8243,0,-3.8632,13,0.43110,14,0.57300,11,0.17305,15,0.71568,13,0.61673
ENSG00000153012,LGI2,2,-2.9917,2,-2.6861,6,-1.4548,35,1.25632,14,-0.1713,0,-8.6421,3,-2.2314,24,0.66428,26,1.21615
ENSG00000053900,ANAPC4,2,-2.8187,15,0.07019,9,-0.7166,0,-4.3711,11,-0.3813,16,0.19306,19,0.45563,5,-1.4942,24,1.25562
ENSG00000091490,SEL1L3,2,-3.1577,0,-5.1357,33,0.96593,35,1.07309,17,-0.0624,61,2.07562,7,-1.3088,14,-0.3952,11,-0.8406
ENSG00000250317,SMIM20,2,-4.0867,28,-0.2849,68,1.10023,7,-2.3170,43,0.41251,26,-0.3991,37,0.14117,42,0.31647,37,0.15222
ENSG00000168214,RBPJ,2,-5.0109,177,1.66314,124,1.04684,48,-0.4732,55,-0.2885,50,-0.4000,61,-0.0855,84,0.40320,47,-0.6222
ENSG00000109689,STIM2,2,-3.3856,17,-0.3054,3,-2.6119,27,0.42131,17,-0.2991,35,0.81738,26,0.35304,4,-2.2286,30,0.84900
ENSG00000169851,PCDH7,44,-1.7343,9,-3.9754,24,-2.6056,436,1.91016,75,-1.0141,134,-0.0753,200,0.56628,132,-0.0929,173,0.46422
ENSG00000047365,ARAP2,2,-3.8650,92,1.91973,56,1.05861,1,-4.3098,32,0.15789,38,0.42565,17,-0.7688,34,0.23521,19,-0.8549
ENSG00000174145,NWD2,2,-2.6416,0,-4.8110,0,-7.4944,0,-4.1962,7,-0.7995,4,-1.5332,42,2.03196,14,0.21987,21,1.24882
ENSG00000065882,TBC1D1,2,-3.0663,10,-0.7608,28,0.81101,0,-4.5151,17,-0.0039,22,0.42496,12,-0.4342,29,0.85379,20,0.39589
ENSG00000109787,KLF3,41,0.84410,54,1.29673,51,1.20334,13,-0.9159,22,-0.1745,16,-0.6414,12,-0.9989,14,-0.8325,17,-0.6355
ENSG00000109790,KLHL5,49,0.40477,51,0.47055,37,-0.0211,36,-0.0892,41,0.11673,59,0.70902,16,-1.2828,40,0.09144,31,-0.4200
ENSG00000157796,WDR19,2,-2.5125,7,-0.6939,4,-1.5039,0,-4.0683,13,0.19875,22,1.08438,8,-0.5309,20,0.90921,14,0.52737
ENSG00000035928,RFC1,49,0.27908,77,1.00195,82,1.10702,47,0.18678,32,-0.4274,40,-0.0565,12,-1.8057,35,-0.2731,33,-0.4517
ENSG00000163682,RPL9,1130,0.36188,1442,0.75803,1238,0.50967,699,-0.3882,1081,0.32163,618,-0.5750,622,-0.5656,808,-0.1642,739,-0.3907
ENSG00000121897,LIAS,2,-3.2028,16,-0.2250,24,0.40689,38,1.18271,14,-0.4313,18,-0.0630,20,0.11200,27,0.59579,17,-0.2016
ENSG00000163683,SMIM14,2,-4.9628,110,0.89224,63,0.01230,52,-0.3030,62,-0.0205,65,0.04256,63,0.00816,113,0.94538,56,-0.2219
ENSG00000078140,UBE2K,127,0.22823,50,-1.1970,57,-0.9838,114,0.06787,98,-0.1926,129,0.26319,172,0.71914,71,-0.6684,127,0.31854
ENSG00000121892,PDS5A,2,-4.0983,40,0.22606,54,0.72860,25,-0.4606,31,-0.1559,35,0.05013,47,0.48810,24,-0.5490,39,0.27463
ENSG00000163697,APBB2,5,-2.6031,110,2.04505,50,0.67323,0,-5.5753,31,-0.0951,22,-0.6122,37,0.19234,11,-1.6467,32,-0.0420
ENSG00000154277,UCHL1,1123,-0.8882,177,-3.6007,760,-1.4720,3052,0.66992,1107,-0.9698,2283,0.20362,4295,1.24267,2077,0.05493,2522,0.50622
ENSG00000064042,LIMCH1,4,-4.7035,294,1.48532,158,0.44097,46,-1.4463,102,-0.2625,105,-0.1959,165,0.51616,115,-0.0537,115,-0.0794
ENSG00000109133,TMEM33,2,-5.0792,80,0.24964,36,-0.9654,74,0.12243,57,-0.3004,66,-0.0494,86,0.35971,71,0.06501,89,0.60503
ENSG00000014824,SLC30A9,77,-0.2548,44,-1.0911,58,-0.6721,113,0.34021,74,-0.3263,124,0.48987,123,0.48145,74,-0.3042,104,0.29640
ENSG00000124406,ATP8A1,2,-5.8270,184,0.75225,68,-0.7952,103,-0.1575,65,-0.9329,205,0.93741,198,0.88007,122,0.09806,119,0.08681
ENSG00000183783,KCTD8,2,-3.4314,11,-1.0171,25,0.22452,93,2.54542,20,-0.1189,74,2.08616,0,-5.3336,7,-1.6749,7,-1.9290
ENSG00000151806,GUF1,2,-3.3891,18,-0.1867,5,-2.1706,38,0.93677,18,-0.2703,20,-0.0330,14,-0.6410,22,0.08495,29,0.76263
ENSG00000163281,GNPDA2,2,-3.0636,11,-0.5981,15,-0.1352,1,-3.4493,14,-0.2423,28,0.81688,31,0.98594,10,-0.7524,22,0.64378
ENSG00000163285,GABRG1,78,0.19691,35,-1.0138,193,1.70023,158,1.34410,59,-0.2544,91,0.43006,13,-2.4306,79,0.21466,33,-1.3454
ENSG00000260878,AC104072.1,2,-3.8641,3,-3.0481,4,-2.7663,15,-1.0113,30,0.04942,22,-0.4137,35,0.30074,17,-0.8260,55,1.61969
ENSG00000151834,GABRA2,87,0.35588,15,-2.2239,110,0.73884,126,0.96313,63,-0.1466,46,-0.6300,66,-0.0658,51,-0.4576,68,-0.0446
ENSG00000109158,GABRA4,17,-1.5198,1,-5.1828,7,-2.7493,87,0.96656,27,-0.9297,48,0.00265,52,0.13632,71,0.63850,71,0.90526
ENSG00000163288,GABRB1,2,-3.6592,4,-2.6476,32,0.39306,83,2.00640,32,0.39184,58,1.36189,24,-0.0633,7,-1.8608,13,-1.1636
ENSG00000260918,AC107398.3,140,0.50209,20,-2.4070,101,-0.0093,180,0.91830,85,-0.2957,153,0.65560,94,-0.1237,88,-0.2288,94,-0.1644
ENSG00000169019,COMMD8,39,0.70935,20,-0.3120,12,-1.0430,7,-1.8169,19,-0.4609,22,-0.1970,21,-0.2311,27,0.09937,35,0.71912
ENSG00000109171,SLAIN2,2,-2.7996,17,0.28525,36,1.57056,5,-1.5633,14,0.02296,17,0.32574,12,-0.1500,8,-0.8387,14,-0.0163
ENSG00000075539,FRYL,2,-4.2229,147,2.36004,40,0.10323,27,-0.4963,20,-0.9848,20,-0.9708,5,-2.8237,86,1.34151,30,-0.4376
ENSG00000109180,OCIAD1,172,-0.8980,197,-0.6938,243,-0.3771,387,0.34839,159,-1.0897,502,0.76840,449,0.58559,373,0.28887,348,0.24776
ENSG00000145247,OCIAD2,96,0.52283,15,-2.2827,10,-2.8323,168,1.45313,48,-0.6146,56,-0.3150,37,-0.9389,78,0.18456,86,0.47465
ENSG00000109184,DCUN1D4,2,-4.3902,34,-0.3343,34,-0.3236,13,-1.7779,40,-0.0886,49,0.24102,54,0.40201,59,0.53714,56,0.61584
ENSG00000163069,SGCB,80,0.10034,142,1.02411,121,0.75338,48,-0.6977,59,-0.3969,97,0.39979,62,-0.3068,106,0.53928,51,-0.7457
ENSG00000109189,USP46,58,-0.5252,53,-0.6658,28,-1.5978,56,-0.5729,75,-0.1509,70,-0.2360,98,0.28008,87,0.10077,116,0.79153
ENSG00000226950,DANCR,69,0.53399,60,0.29713,55,0.16960,39,-0.3556,52,0.09870,33,-0.6212,19,-1.4520,82,0.79530,45,-0.1759
ENSG00000184178,SCFD2,2,-2.5006,9,-0.3415,1,-3.2531,1,-3.1754,9,-0.3018,28,1.44959,13,0.20932,13,0.18922,15,0.68878
ENSG00000145216,FIP1L1,2,-4.1182,32,-0.1188,43,0.32126,93,1.62531,30,-0.2626,42,0.30301,41,0.26147,26,-0.4453,28,-0.4011
ENSG00000072201,LNX1,117,1.54819,2,-4.4084,1,-5.0002,15,-1.6105,15,-1.7803,45,-0.0203,63,0.49842,42,-0.1355,70,0.99047
ENSG00000134853,PDGFRA,3,-2.8337,45,0.89609,45,0.90854,27,0.06563,35,0.57997,17,-0.6316,3,-2.8402,26,0.00850,23,-0.1562
ENSG00000157404,KIT,43,-0.0268,1,-4.5802,104,1.41937,2,-4.5330,19,-1.3142,34,-0.3773,3,-3.5705,180,2.46608,40,-0.1613
ENSG00000128039,SRD5A3,2,-3.5028,33,0.58129,30,0.38552,6,-1.8503,15,-0.6734,42,0.96077,33,0.57014,19,-0.2757,26,0.24298
ENSG00000134851,TMEM165,54,-0.1983,195,1.96069,104,0.86157,66,0.12548,37,-0.8102,64,0.07608,32,-0.9544,45,-0.4558,39,-0.8362
ENSG00000134852,CLOCK,2,-3.8795,21,-0.4816,32,0.14216,3,-3.1145,23,-0.4289,45,0.66057,38,0.40158,37,0.35703,40,0.66461
ENSG00000090989,EXOC1,2,-4.2393,43,0.19501,31,-0.3016,11,-1.8536,25,-0.6679,71,1.00954,48,0.38252,34,-0.1446,50,0.63413
ENSG00000128059,PPAT,2,-2.4988,8,-0.4447,29,1.56181,6,-0.8941,12,0.09186,10,-0.1577,14,0.36277,4,-1.2978,12,0.12218
ENSG00000128050,PAICS,2,-4.2891,56,0.56283,98,1.50901,24,-0.7159,35,-0.1817,55,0.53909,32,-0.2968,25,-0.6587,36,-0.1476
ENSG00000174780,SRP72,2,-5.1271,73,0.05931,73,0.05317,106,0.65146,54,-0.4255,96,0.48553,49,-0.5522,96,0.48281,78,0.21684
ENSG00000171476,HOPX,24,-3.6240,27,-3.4766,51,-2.5713,95,-1.6549,245,-0.2508,37,-3.0211,379,0.45416,137,-1.1088,614,2.15184
ENSG00000084092,NOA1,2,-2.4674,15,0.46769,6,-0.8274,0,-4.0236,8,-0.4611,11,0.04885,9,-0.3212,10,-0.1026,18,1.17737
ENSG00000047315,POLR2B,31,-1.2778,40,-0.8838,45,-0.7076,88,0.30326,38,-1.0438,105,0.59004,97,0.45619,135,1.00014,81,0.23740
ENSG00000163453,IGFBP7,140,0.16190,112,-0.1946,652,2.96881,36,-1.8657,195,0.77274,35,-1.9120,12,-3.4154,92,-0.4975,44,-1.8834
ENSG00000150471,ADGRL3,117,0.64065,28,-1.5424,51,-0.6454,98,0.36543,52,-0.6516,104,0.45530,112,0.56914,70,-0.1587,82,0.10828
ENSG00000145242,EPHA5,2,-5.0232,2,-4.8692,10,-2.7749,65,-0.0185,30,-1.2325,144,1.27997,103,0.71767,92,0.53207,93,0.81241
ENSG00000145241,CENPC,2,-3.0297,28,0.84863,12,-0.4610,35,1.23164,15,-0.1714,12,-0.4234,15,-0.1383,16,0.00855,15,-0.0979
ENSG00000033178,UBA6,2,-3.7416,44,0.77524,8,-1.7095,54,1.12961,19,-0.5722,40,0.62891,23,-0.2537,22,-0.3163,29,0.20497
ENSG00000083896,YTHDC1,54,0.01779,105,1.08445,45,-0.2659,49,-0.1206,55,0.04640,50,-0.0927,46,-0.2340,50,-0.0901,46,-0.2893
ENSG00000132467,UTP3,2,-3.8365,26,-0.1674,22,-0.3684,31,0.11057,19,-0.6538,30,0.07002,31,0.11501,39,0.49841,38,0.64370
ENSG00000018189,RUFY3,178,-0.3264,198,-0.1606,159,-0.4916,250,0.20468,138,-0.7629,281,0.38969,309,0.54311,260,0.26716,235,0.14887
ENSG00000132463,GRSF1,223,0.79999,96,-0.5309,79,-0.8153,116,-0.2322,86,-0.7378,157,0.23565,191,0.55050,157,0.23656,141,0.09216
ENSG00000173542,MOB1B,81,0.80172,29,-0.7801,33,-0.5905,33,-0.5721,38,-0.3929,54,0.15977,40,-0.3153,72,0.62221,54,0.20090
ENSG00000156136,DCK,7,-2.6974,27,-0.7506,45,0.04089,66,0.66283,24,-0.9546,67,0.68351,39,-0.1552,45,0.04125,56,0.53792
ENSG00000080493,SLC4A4,2,-4.3849,23,-0.8889,122,1.77904,34,-0.3016,70,0.90913,36,-0.2185,6,-2.7771,25,-0.7864,39,-0.1374
ENSG00000163626,COX18,35,1.29912,12,-0.3602,22,0.49076,7,-1.2534,8,-1.0519,26,0.78580,11,-0.5301,21,0.43805,14,-0.2795
ENSG00000132466,ANKRD17,23,-1.6262,54,-0.3341,31,-1.1574,74,0.16708,75,0.20049,94,0.53921,58,-0.2310,72,0.12418,78,0.33823
ENSG00000163738,MTHFD2L,2,-2.7116,23,0.88282,8,-0.6487,40,1.87566,14,0.08173,3,-2.1917,13,0.02426,5,-1.2579,12,-0.2033
ENSG00000169116,PARM1,2,-5.2253,3,-4.6044,34,-1.1987,91,0.29149,38,-1.1233,2,-4.9783,188,1.49647,103,0.48315,121,1.12615
ENSG00000163743,RCHY1,2,-4.3928,31,-0.4621,31,-0.4823,57,0.45938,39,-0.1235,39,-0.1157,62,0.59569,67,0.72267,46,0.16603
ENSG00000138769,CDKL2,2,-3.1615,11,-0.7098,1,-3.9774,9,-1.0011,18,0.01218,25,0.49830,26,0.60953,19,0.09054,26,0.83657
ENSG00000138757,G3BP2,139,-1.2619,73,-2.2103,180,-0.8718,580,0.96520,177,-0.9565,451,0.55116,405,0.37754,520,0.78489,360,0.26114
ENSG00000138768,USO1,44,-0.3997,64,0.19423,71,0.36082,23,-1.3221,41,-0.5204,70,0.34230,67,0.27076,39,-0.5579,68,0.41226
ENSG00000198301,SDAD1,2,-3.8566,19,-0.6234,19,-0.6734,3,-3.1913,20,-0.5994,59,1.14177,49,0.82560,35,0.29599,38,0.58677
ENSG00000138750,NUP54,2,-2.6442,24,1.03459,19,0.68110,27,1.26823,10,-0.2776,15,0.29355,16,0.40486,1,-3.7061,9,-0.5963
ENSG00000138760,SCARB2,2,-6.0198,423,1.95607,202,0.66945,270,1.14975,94,-0.5626,95,-0.5078,54,-1.3455,133,0.00376,89,-0.7635
ENSG00000189157,FAM47E,2,-2.5330,11,-0.0772,9,-0.3454,26,1.28148,16,0.58748,6,-0.8231,8,-0.5591,7,-0.8010,12,0.10800
ENSG00000138758,SEPTIN11,96,-0.2925,75,-0.6678,138,0.27334,112,-0.0605,83,-0.5546,245,1.21390,123,0.08448,71,-0.7519,121,0.08566
ENSG00000118816,CCNI,214,-0.3356,398,0.64619,285,0.11179,345,0.41438,300,0.21297,133,-1.0561,128,-1.1135,347,0.42521,250,-0.1232
ENSG00000138764,CCNG2,2,-3.9277,33,0.12567,35,0.21569,2,-3.7493,33,0.11008,54,0.91827,11,-1.5471,37,0.31077,39,0.55671
ENSG00000138767,CNOT6L,2,-2.9692,25,0.71638,28,0.92419,17,0.17280,16,0.07849,14,-0.1297,11,-0.5459,17,0.10749,14,-0.2040
ENSG00000169288,MRPL1,2,-4.8156,30,-0.9460,66,0.23966,89,0.71961,37,-0.7142,78,0.50461,60,0.08282,36,-0.6870,76,0.64204
ENSG00000251442,LINC01094,2,-2.2006,46,2.84783,53,3.20545,0,-3.7404,4,-1.3120,0,-7.8949,0,-7.4379,0,-4.9945,2,-2.0863
ENSG00000138756,BMP2K,37,1.11539,32,0.87502,22,0.26755,1,-3.8937,20,0.16053,19,0.01705,13,-0.5820,25,0.49108,13,-0.7112
ENSG00000163291,PAQR3,2,-3.4663,27,0.29661,29,0.45073,0,-5.0153,13,-0.8445,29,0.41322,22,0.02122,21,-0.0978,33,0.89672
ENSG00000152784,PRDM8,66,0.55350,27,-0.8103,1,-4.6938,8,-2.5343,29,-0.7762,12,-2.0187,91,1.07521,28,-0.7864,78,1.26630
ENSG00000138670,RASGEF1B,2,-2.7397,14,0.06955,0,-7.5912,1,-3.6889,8,-0.8453,1,-3.0713,8,-0.7059,5,-1.2914,31,2.51227
ENSG00000273156,AC124016.2,2,-2.8914,8,-0.9622,20,0.41678,9,-0.7764,15,-0.0095,14,-0.1942,9,-0.8077,20,0.40723,22,0.79588
ENSG00000138668,HNRNPD,7,-3.8535,95,-0.1285,146,0.55449,181,0.89792,93,-0.1750,109,0.09190,102,-0.0197,101,-0.0265,103,0.00293
ENSG00000152795,HNRNPDL,108,-1.2698,266,0.09929,279,0.17382,128,-1.0196,203,-0.3461,236,-0.0858,241,-0.0550,415,0.81626,291,0.33409
ENSG00000145293,ENOPH1,118,-0.0897,172,0.50289,86,-0.5805,135,0.12449,104,-0.3039,115,-0.1219,121,-0.0503,98,-0.3769,143,0.28584
ENSG00000249242,TMEM150C,87,1.22542,21,-1.0060,17,-1.3029,26,-0.6752,29,-0.5600,28,-0.5717,63,0.69752,17,-1.3291,53,0.58966
ENSG00000145284,SCD5,300,-0.7653,781,0.73344,682,0.51302,593,0.29016,397,-0.3637,723,0.60827,385,-0.3822,550,0.17113,401,-0.4117
ENSG00000138674,SEC31A,2,-4.5606,51,0.08263,48,0.00501,34,-0.5029,39,-0.3326,72,0.65208,62,0.40056,40,-0.2928,59,0.45099
ENSG00000251022,THAP9-AS1,4,-2.3630,21,0.08299,19,-0.1033,22,0.13477,18,-0.1354,26,0.39215,26,0.44299,17,-0.2564,22,0.21023
ENSG00000189308,LIN54,2,-2.9189,24,0.72748,14,-0.1085,44,1.77536,11,-0.4420,15,-0.0246,21,0.55214,3,-2.4352,12,-0.3666
ENSG00000138663,COPS4,9,-3.4062,45,-1.0811,50,-0.9299,90,-0.0256,76,-0.3066,153,0.82087,149,0.78133,92,0.00949,112,0.44879
ENSG00000163319,MRPS18C,8,-3.4353,87,-0.0344,80,-0.1697,75,-0.2658,87,-0.0494,65,-0.4891,106,0.26955,152,0.84342,104,0.31779
ENSG00000163624,CDS1,94,1.07103,1,-4.7664,5,-3.3046,103,1.23438,27,-0.9439,50,0.04543,75,0.68932,58,0.29895,47,-0.0615
ENSG00000163625,WDFY3,2,-4.8610,87,0.62853,63,0.12314,95,0.76369,48,-0.3267,61,0.06402,67,0.20913,54,-0.1100,59,0.01263
ENSG00000180769,WDFY3-AS2,2,-2.7556,33,1.47987,23,0.86419,4,-1.8053,24,1.00368,8,-0.6981,4,-1.7357,11,-0.3089,10,-0.4871
ENSG00000109339,MAPK10,8,-4.4218,44,-2.0211,168,-0.0061,46,-1.9550,162,-0.0683,214,0.37406,293,0.88303,240,0.55230,215,0.53054
ENSG00000163629,PTPN13,2,-3.3676,48,1.38810,23,0.15458,74,2.15769,19,-0.1024,9,-1.2552,7,-1.5939,12,-0.8421,14,-0.7663
ENSG00000172493,AFF1,2,-3.0661,23,0.50785,42,1.49376,20,0.26184,23,0.56819,4,-1.9627,1,-3.7641,5,-1.7110,18,0.20723
ENSG00000145332,KLHL8,62,1.83002,17,-0.2604,18,-0.1833,20,-0.0105,20,-0.0862,14,-0.5901,21,0.04135,10,-1.0166,16,-0.4585
ENSG00000198189,HSD17B11,40,0.07751,51,0.45270,43,0.18698,46,0.30270,32,-0.2761,35,-0.1495,40,0.08759,28,-0.4594,37,-0.0659
ENSG00000170502,NUDT9,4,-3.6502,49,0.07250,53,0.19950,40,-0.2445,30,-0.7116,37,-0.3379,57,0.32276,48,0.04753,64,0.72981
ENSG00000152583,SPARCL1,991,-0.7935,649,-1.4269,4952,1.83422,562,-1.6418,1859,0.19201,864,-1.0003,1325,-0.3520,1367,-0.3030,1796,0.16417
ENSG00000118785,SPP1,53,-2.5948,2374,4.18802,675,1.31295,27,-3.5549,185,-0.8040,118,-1.4249,43,-2.9118,84,-1.9190,47,-3.1433
ENSG00000118762,PKD2,2,-2.6333,22,0.89219,30,1.42549,38,1.87915,14,0.27344,6,-1.1243,1,-2.9835,2,-2.4189,7,-0.8985
ENSG00000118777,ABCG2,2,-2.5523,6,-0.9346,55,2.70191,3,-1.9971,31,1.87093,5,-1.1713,1,-3.6607,1,-2.9749,4,-1.7037
ENSG00000163644,PPM1K,6,-3.9141,115,0.39010,118,0.42247,91,0.01371,94,0.07080,80,-0.1753,98,0.13010,91,0.01767,96,0.13215
ENSG00000138642,HERC6,2,-2.8058,6,-1.2860,0,-7.6566,32,1.35705,8,-0.8262,9,-0.5670,18,0.44539,8,-0.8402,22,1.09031
ENSG00000145337,PYURF,23,-2.3895,185,0.77595,108,-0.0833,198,0.89376,88,-0.4289,84,-0.4710,132,0.23769,137,0.29149,109,-0.0886
ENSG00000138641,HERC3,2,-3.8787,20,-0.5722,20,-0.5629,84,1.72929,14,-1.1616,34,0.22478,21,-0.5271,36,0.31405,34,0.33334
ENSG00000177432,NAP1L5,151,-0.5630,16,-3.8161,92,-1.3090,329,0.65356,142,-0.7039,123,-0.8753,321,0.61579,390,0.93679,282,0.57059
ENSG00000138640,FAM13A,2,-3.6786,9,-1.6010,0,-7.0294,1,-4.3721,17,-0.6300,31,0.29512,85,2.00863,29,0.18404,36,0.74355
ENSG00000145335,SNCA,248,-0.7799,107,-2.0273,180,-1.2601,458,0.16547,303,-0.5070,758,0.98418,962,1.39403,360,-0.2100,419,0.03425
ENSG00000163104,SMARCAD1,2,-2.9602,21,0.47841,5,-1.6709,14,-0.1248,11,-0.5784,18,0.20275,21,0.48386,15,-0.0016,21,0.65439
ENSG00000163110,PDLIM5,2,-4.1753,50,0.49590,168,2.71573,2,-3.7728,56,0.76788,16,-1.1780,10,-1.8514,25,-0.5485,21,-0.9980
ENSG00000138696,BMPR1B,122,2.60198,16,-0.8249,71,1.54173,12,-1.2221,26,-0.1167,4,-2.6153,6,-2.1521,11,-1.4032,16,-0.9846
ENSG00000182168,UNC5C,2,-2.1940,43,2.71825,7,-0.4518,0,-3.5742,10,0.19327,11,0.36936,10,0.14253,6,-0.5071,4,-1.2805
ENSG00000138698,RAP1GDS1,204,0.26746,163,-0.0874,102,-0.8019,190,0.15503,112,-0.7024,249,0.58516,164,-0.0741,114,-0.6265,207,0.39830
ENSG00000168785,TSPAN5,168,0.59287,84,-0.4829,51,-1.2288,112,-0.0529,71,-0.8029,129,0.17690,143,0.33736,75,-0.6680,150,0.57187
ENSG00000151247,EIF4E,24,-1.8835,45,-0.9906,77,-0.1753,96,0.16164,77,-0.1926,101,0.23815,114,0.43067,90,0.07067,106,0.43586
ENSG00000164024,METAP1,116,2.19113,10,-1.7437,18,-0.8958,7,-2.3028,17,-1.0371,24,-0.4350,29,-0.1813,42,0.41445,35,0.16597
ENSG00000197894,ADH5,2,-5.2423,69,-0.1758,129,0.81285,35,-1.2146,76,-0.0209,64,-0.2868,71,-0.1256,147,1.03064,84,0.17685
ENSG00000109270,LAMTOR3,2,-4.8641,37,-0.6989,54,-0.1358,87,0.62622,51,-0.2367,57,-0.0387,84,0.56465,50,-0.2432,72,0.46147
ENSG00000164031,DNAJB14,52,-0.4070,40,-0.8177,20,-1.8416,55,-0.3069,55,-0.3528,106,0.72028,69,0.02734,80,0.25536,87,0.55962
ENSG00000164032,H2AFZ,348,0.88533,98,-1.0820,176,-0.1979,161,-0.3404,139,-0.6094,199,-0.0098,270,0.47215,194,-0.0489,220,0.20112
ENSG00000138814,PPP3CA,284,-0.3586,80,-2.2443,148,-1.3392,234,-0.6577,281,-0.4089,825,1.36765,455,0.37792,286,-0.3516,447,0.48314
ENSG00000254531,AP001816.1,2,-3.4063,8,-1.4458,26,0.29760,58,1.65044,14,-0.6219,32,0.66933,38,0.94995,9,-1.1760,18,-0.2993
ENSG00000109332,UBE2D3,197,0.04329,190,-0.0146,214,0.16929,179,-0.1040,142,-0.4958,202,0.08150,267,0.52590,217,0.19169,186,-0.0675
ENSG00000145354,CISD2,123,0.64613,71,-0.2218,81,-0.0045,49,-0.7779,60,-0.5161,76,-0.1082,105,0.39010,102,0.34591,84,0.05661
ENSG00000164038,SLC9B2,2,-3.2223,9,-1.0659,18,-0.0415,26,0.52444,13,-0.5517,29,0.69134,23,0.35331,21,0.15933,22,0.34372
ENSG00000164039,BDH2,57,0.99460,74,1.44750,136,2.63291,25,-0.3071,39,0.41899,8,-1.8976,0,-5.9806,2,-3.7568,4,-3.2827
ENSG00000168772,CXXC4,2,-3.7501,15,-0.9164,31,0.19471,27,-0.0036,17,-0.7783,65,1.44124,15,-0.8599,50,0.99492,28,0.08934
ENSG00000138777,PPA2,2,-4.6536,41,-0.3271,16,-1.7331,46,-0.1619,49,-0.0668,45,-0.1960,79,0.71094,85,0.82709,62,0.43956
ENSG00000145348,TBCK,13,-0.5104,14,-0.3898,3,-2.7026,0,-4.7695,18,-0.0404,15,-0.3606,31,0.82490,28,0.65019,25,0.66738
ENSG00000164022,AIMP1,2,-4.0699,68,1.13939,35,0.06524,89,1.59374,26,-0.4241,25,-0.4248,23,-0.5968,14,-1.2571,32,-0.0863
ENSG00000138801,PAPSS1,2,-5.6247,150,0.65385,71,-0.5140,166,0.81864,55,-0.9707,180,0.95374,135,0.48370,114,0.21277,91,-0.1726
ENSG00000245293,AC096564.1,2,-2.8242,93,3.54929,30,1.21323,0,-4.3722,12,-0.3044,4,-1.7883,5,-1.4502,5,-1.3479,5,-1.7679
ENSG00000138796,HADH,45,0.25427,38,-0.0157,90,1.39785,33,-0.2212,36,-0.0936,34,-0.1674,33,-0.2382,37,-0.0486,29,-0.5614
ENSG00000109475,RPL34,1240,-0.1928,2549,0.96145,2205,0.72092,978,-0.5582,1702,0.33467,996,-0.5299,837,-0.7943,1483,0.08581,1140,-0.4157
ENSG00000198856,OSTC,45,0.33431,43,0.28661,29,-0.3116,8,-2.2738,27,-0.4407,36,0.00945,42,0.25621,42,0.23471,42,0.32389
ENSG00000164089,ETNPPL,107,-0.4948,79,-0.9508,552,2.26495,131,-0.1853,244,0.89639,146,-0.0177,17,-3.2218,71,-1.1147,83,-1.0796
ENSG00000138802,SEC24B,84,1.51855,24,-0.4658,14,-1.2606,51,0.66312,21,-0.7526,31,-0.1005,32,-0.0652,29,-0.1967,31,-0.1281
ENSG00000123739,PLA2G12A,2,-4.2271,50,0.44650,64,0.83684,44,0.26069,40,0.09003,31,-0.3005,42,0.17463,22,-0.8201,39,0.06045
ENSG00000109534,GAR1,2,-2.6616,15,0.29964,16,0.34686,3,-2.1629,10,-0.2914,19,0.62904,16,0.41460,16,0.38447,14,0.20197
ENSG00000170522,ELOVL6,11,-1.0074,28,0.41253,21,-0.0074,6,-1.9285,11,-1.0062,21,0.00546,32,0.66172,16,-0.4567,30,0.75419
ENSG00000138660,AP1AR,2,-4.1685,15,-1.3118,15,-1.3244,50,0.46139,26,-0.6161,60,0.76073,47,0.37837,42,0.17556,50,0.67017
ENSG00000174720,LARP7,127,1.41422,114,1.22546,84,0.71642,40,-0.4326,45,-0.2753,43,-0.3324,25,-1.1409,49,-0.1411,31,-1.0447
ENSG00000145362,ANK2,370,-0.2035,164,-1.4325,350,-0.2889,395,-0.1035,363,-0.2540,598,0.55261,418,-0.0164,529,0.35710,484,0.29560
ENSG00000145349,CAMK2D,6,-4.8732,26,-2.8694,100,-0.9101,67,-1.5096,107,-0.8619,274,0.65091,524,1.77041,199,0.13965,238,0.60237
ENSG00000174607,UGT8,42,-0.6045,507,4.30704,122,1.08009,7,-3.1716,26,-1.3763,25,-1.3821,5,-3.6734,19,-1.8043,8,-3.4043
ENSG00000269893,SNHG8,2,-5.5659,131,0.50443,99,0.06369,25,-1.9822,111,0.25334,96,0.01078,109,0.20257,117,0.31669,110,0.30621
ENSG00000145388,METTL14,2,-2.4473,19,0.91923,8,-0.3812,20,0.97328,9,-0.2922,12,0.18716,6,-0.8830,10,-0.0487,11,0.04478
ENSG00000150961,SEC24D,2,-2.9180,2,-2.8434,29,1.06612,24,0.70992,7,-1.1567,114,3.98361,1,-3.7794,1,-3.4875,2,-3.0288
ENSG00000172403,SYNPO2,87,1.88551,22,-0.3506,26,-0.1083,10,-1.5610,26,-0.1169,115,2.44674,7,-1.9206,13,-1.1951,8,-2.1437
ENSG00000145390,USP53,2,-2.3239,19,0.76950,35,1.80836,0,-4.1243,19,0.85914,6,-0.8598,10,-0.2813,2,-2.3723,10,-0.3644
ENSG00000164096,C4orf3,21,-2.9668,256,0.78006,176,0.17888,206,0.42349,151,-0.0692,151,-0.0635,166,0.08970,225,0.56677,135,-0.3044
ENSG00000164111,ANXA5,41,-0.0773,138,1.95424,106,1.46109,41,-0.0662,64,0.68047,20,-1.1273,9,-2.3080,16,-1.4428,16,-1.7929
ENSG00000164112,TMEM155,22,-0.4655,0,-5.7754,7,-2.0887,19,-0.7451,25,-0.3515,136,2.61869,64,1.18002,19,-0.7532,20,-0.7785
ENSG00000123737,EXOSC9,2,-2.8345,21,0.57845,9,-0.6115,10,-0.4421,13,-0.1930,16,0.20944,9,-0.6248,10,-0.4377,20,0.78642
ENSG00000138686,BBS7,2,-4.1340,17,-1.1202,22,-0.6770,29,-0.2930,26,-0.4664,58,0.78728,67,1.03661,26,-0.4832,46,0.59011
ENSG00000138688,KIAA1109,42,-0.2196,46,-0.0521,35,-0.4977,13,-1.9745,39,-0.3338,49,0.04086,52,0.12932,64,0.43798,61,0.53863
ENSG00000138685,FGF2,5,-1.9045,27,0.43874,89,2.57776,1,-4.4531,31,0.76366,5,-1.9885,5,-1.9920,14,-0.5084,13,-0.7553
ENSG00000151458,ANKRD50,2,-3.7143,7,-1.9639,19,-0.4806,70,1.60673,16,-0.8280,21,-0.3702,15,-0.8340,29,0.16450,37,0.76596
ENSG00000164066,INTU,2,-2.8973,15,0.06320,11,-0.3881,1,-3.6755,18,0.33809,21,0.53697,16,0.14289,16,0.13612,18,0.46119
ENSG00000164070,HSPA4L,2,-4.8489,8,-2.8549,51,-0.2080,52,-0.1694,46,-0.3728,63,0.13547,74,0.39340,87,0.63930,81,0.75696
ENSG00000164073,MFSD8,2,-2.5358,15,0.38857,22,0.99364,0,-4.0782,8,-0.5151,16,0.47948,24,1.20080,5,-1.0839,12,0.11353
ENSG00000138709,LARP1B,2,-3.2722,17,-0.1958,20,0.02874,0,-4.8224,23,0.29820,21,0.15692,28,0.59597,23,0.28825,23,0.40447
ENSG00000164040,PGRMC2,55,-0.2938,61,-0.1343,72,0.13610,76,0.22064,51,-0.4456,64,-0.0627,71,0.11070,56,-0.2582,76,0.30226
ENSG00000077684,JADE1,2,-3.2168,22,0.27412,8,-1.2997,1,-4.2809,18,-0.0885,14,-0.3972,28,0.62486,20,0.13060,28,0.93597
ENSG00000151466,SCLT1,53,2.05083,12,-0.4156,42,1.62998,0,-4.5171,13,-0.2951,9,-0.8403,8,-0.8870,3,-2.2161,12,-0.4804
ENSG00000138650,PCDH10,2,-5.5441,74,-0.3778,68,-0.4981,144,0.67582,84,-0.1924,214,1.33975,99,0.07682,140,0.63231,79,-0.3533
ENSG00000151012,SLC7A11,107,1.27709,35,-0.5040,264,3.07165,10,-2.3774,46,-0.1062,22,-1.2187,14,-1.8438,22,-1.2060,17,-1.8157
ENSG00000109381,ELF2,54,1.78972,28,0.64797,33,0.92191,0,-4.7465,14,-0.4278,8,-1.2159,12,-0.6163,8,-1.2489,17,-0.1766
ENSG00000109390,NDUFC1,22,-3.5277,197,-0.3402,268,0.13545,264,0.11359,250,0.02628,213,-0.2211,305,0.34283,243,-0.0160,295,0.40105
ENSG00000164134,NAA15,2,-3.7796,29,0.08271,32,0.24390,63,1.34349,27,-0.0289,26,-0.0756,29,0.08204,19,-0.5521,26,-0.1279
ENSG00000172007,RAB33B,2,-2.3698,18,0.92835,6,-0.6476,10,-0.0802,9,-0.1266,9,-0.2324,12,0.23162,1,-3.4663,14,0.69285
ENSG00000145391,SETD7,2,-4.0155,73,1.22768,61,0.93307,28,-0.3137,37,0.14270,28,-0.3011,29,-0.2247,27,-0.3680,30,-0.2377
ENSG00000085871,MGST2,2,-2.7271,9,-0.5221,38,1.74668,2,-2.6289,15,0.22285,7,-0.8906,10,-0.4256,22,0.84627,12,-0.0931
ENSG00000153130,SCOC,264,-0.2032,177,-0.8176,205,-0.5950,252,-0.2759,213,-0.5717,338,0.17999,461,0.67701,198,-0.6471,399,0.62890
ENSG00000179387,ELMOD2,2,-2.5848,10,-0.2973,16,0.42568,13,0.17032,6,-1.0806,15,0.39954,8,-0.5050,15,0.32963,16,0.63250
ENSG00000109436,TBC1D9,67,-0.0064,9,-2.8506,15,-2.2406,98,0.59946,31,-1.2435,62,-0.1167,115,0.86481,59,-0.1819,96,0.82002
ENSG00000170153,RNF150,2,-4.1753,7,-2.4748,14,-1.4196,0,-5.7213,27,-0.4661,84,1.36555,79,1.26625,36,0.01134,49,0.65267
ENSG00000109445,ZNF330,23,0.30482,18,-0.0665,24,0.40720,28,0.61367,15,-0.3830,21,0.14807,23,0.29853,10,-1.0013,17,-0.1888
ENSG00000109452,INPP4B,2,-2.5751,3,-1.8643,0,-7.4287,0,-4.1303,8,-0.6621,0,-6.7605,13,0.18397,39,1.99566,20,1.27890
ENSG00000170185,USP38,2,-2.5798,33,1.65134,13,0.16624,0,-4.1350,14,0.33147,18,0.69562,10,-0.2088,8,-0.5643,10,-0.3178
ENSG00000109458,GAB1,2,-3.4574,147,3.62589,34,0.69211,0,-5.0056,19,-0.2612,7,-1.6721,5,-2.1199,12,-0.8846,10,-1.3907
ENSG00000153147,SMARCA5,100,0.06051,146,0.65976,123,0.38687,138,0.57292,103,0.12011,72,-0.4410,59,-0.7484,92,-0.0689,79,-0.4037
ENSG00000164161,HHIP,2,-3.8095,228,4.26506,51,0.96477,1,-4.2713,21,-0.5078,9,-1.6931,0,-5.2436,9,-1.6616,6,-2.6106
ENSG00000164162,ANAPC10,43,1.60603,16,-0.0512,19,0.25774,11,-0.5431,14,-0.2742,13,-0.3186,17,0.07299,9,-0.8649,14,-0.3327
ENSG00000164163,ABCE1,2,-4.1837,59,0.75219,23,-0.7013,27,-0.4741,34,-0.1266,47,0.40180,59,0.76729,37,0.02720,38,0.09949
ENSG00000164164,OTUD4,2,-3.6271,23,-0.1189,3,-2.8020,79,1.93882,19,-0.4130,28,0.19287,28,0.18553,37,0.63010,21,-0.3378
ENSG00000170365,SMAD1,2,-2.9663,21,0.46270,32,1.13782,20,0.42883,12,-0.4025,20,0.40465,21,0.48427,17,0.16944,11,-0.6539
ENSG00000151612,ZNF827,2,-3.2676,19,-0.0302,9,-1.0619,39,1.12203,19,0.00510,54,1.71502,16,-0.3075,22,0.19760,13,-0.7887
ENSG00000164167,LSM6,2,-3.5005,31,0.47803,48,1.21926,3,-2.7689,23,0.02576,29,0.41139,38,0.82180,21,-0.1024,19,-0.3560
ENSG00000164168,TMEM184C,5,-1.7770,22,0.25847,20,0.12279,24,0.39580,14,-0.5147,27,0.58071,15,-0.3008,20,0.10143,21,0.17733
ENSG00000151623,NR3C2,2,-2.6748,12,-0.0634,5,-1.3512,0,-4.1635,15,0.28773,11,-0.1568,5,-1.2949,20,0.73087,20,1.00511
ENSG00000170390,DCLK2,88,0.49771,41,-0.6775,133,1.18469,10,-2.6709,46,-0.5586,52,-0.3195,55,-0.2484,76,0.25781,72,0.24111
ENSG00000145425,RPS3A,764,0.02249,1274,0.84358,935,0.34091,621,-0.2985,935,0.37731,565,-0.4427,624,-0.2910,685,-0.1479,613,-0.4118
ENSG00000109686,SH3D19,2,-2.1426,30,2.05615,1,-2.5463,0,-3.7013,13,0.68754,7,-0.3958,7,-0.3093,5,-0.6516,8,-0.0235
ENSG00000059691,GATB,2,-4.0051,26,-0.3184,5,-2.7133,34,0.07143,22,-0.6283,32,-0.0311,65,1.12099,37,0.20788,44,0.68800
ENSG00000109670,FBXW7,9,-4.7518,28,-3.1273,47,-2.3737,79,-1.6138,187,-0.3378,437,1.04143,406,0.91936,159,-0.5663,361,1.07488
ENSG00000164144,ARFIP1,2,-2.9064,19,0.36041,41,1.67658,30,1.14279,8,-0.9630,15,0.00812,9,-0.6945,15,0.03167,11,-0.5209
ENSG00000109654,TRIM2,58,-2.3720,467,0.78831,337,0.26047,342,0.28482,222,-0.4205,395,0.51454,303,0.09576,263,-0.1271,275,-0.0747
ENSG00000145428,RNF175,46,0.06173,0,-8.8419,11,-2.0604,56,0.35039,21,-1.1847,47,0.09806,55,0.32260,80,0.94851,60,0.67639
ENSG00000145423,SFRP2,12,-0.4335,86,3.05090,103,3.51565,0,-4.5439,2,-2.6904,0,-7.6617,0,-4.1864,0,-5.7766,0,-5.7925
ENSG00000171566,PLRG1,2,-3.7721,40,0.61356,24,-0.1660,2,-3.7925,27,-0.0261,52,1.01351,28,0.06173,29,0.07663,31,0.27322
ENSG00000185149,NPY2R,2,-3.3209,48,1.43300,12,-0.6986,133,3.59868,2,-3.1267,5,-1.9710,13,-0.5922,2,-3.2818,10,-1.2794
ENSG00000164114,MAP9,2,-5.3289,36,-1.2381,34,-1.3169,109,0.46347,84,0.05211,89,0.14380,104,0.39376,84,0.05606,107,0.62727
ENSG00000164116,GUCY1A1,2,-3.5360,10,-1.2996,12,-0.9693,47,1.11796,8,-1.6031,1,-3.7401,50,1.22324,10,-1.2882,38,1.21381
ENSG00000260244,AC104083.1,2,-2.9077,6,-1.2724,9,-0.6977,2,-2.8959,8,-0.9754,1,-4.0175,37,1.47575,12,-0.3626,27,1.49995
ENSG00000061918,GUCY1B1,194,0.15828,13,-3.8309,44,-2.0765,195,0.16971,90,-1.0724,94,-0.9461,306,0.89242,178,0.02357,269,1.00192
ENSG00000256043,CTSO,2,-2.1345,23,1.58426,16,0.99940,12,0.52676,12,0.55707,4,-1.1233,1,-3.0168,3,-1.5387,7,-0.4499
ENSG00000109738,GLRB,12,-3.3291,11,-3.4775,35,-1.8435,84,-0.5503,68,-0.9106,174,0.59707,218,0.96413,115,-0.0588,192,1.13398
ENSG00000120251,GRIA2,310,0.09887,32,-3.2814,106,-1.5306,266,-0.1356,167,-0.9038,656,1.33352,405,0.52769,270,-0.1123,350,0.40256
ENSG00000164125,GASK1B,2,-4.2618,50,0.41831,164,2.53336,31,-0.3089,47,0.34731,75,1.07704,5,-2.9071,31,-0.3435,12,-2.0485
ENSG00000164124,TMEM144,2,-5.8556,949,4.30738,248,1.22168,12,-3.3414,62,-1.0336,45,-1.4381,14,-3.1081,45,-1.4262,20,-2.9609
ENSG00000171509,RXFP1,2,-3.6966,0,-5.1512,17,-0.6680,26,0.00680,10,-1.4098,194,3.96508,7,-1.9562,25,-0.0804,12,-1.4422
ENSG00000171503,ETFDH,2,-2.8828,15,0.05283,36,1.47978,29,1.09296,13,-0.1362,7,-1.0607,6,-1.2380,12,-0.3023,14,-0.1081
ENSG00000171497,PPID,35,-0.6829,33,-0.7842,45,-0.2921,31,-0.8548,33,-0.8235,88,0.75510,86,0.71021,49,-0.1672,70,0.53184
ENSG00000052795,FNIP2,2,-4.1856,35,-0.1035,28,-0.4712,13,-1.5607,25,-0.6918,83,1.27683,39,0.05814,58,0.67359,46,0.42037
ENSG00000109756,RAPGEF2,89,0.22724,38,-1.0545,32,-1.3050,81,0.07700,45,-0.8524,71,-0.1243,80,0.07156,73,-0.0725,111,0.83761
ENSG00000168843,FSTL5,2,-3.6231,3,-3.0087,50,1.13408,77,1.91022,18,-0.4848,9,-1.4698,0,-5.0860,81,1.98703,15,-0.8761
ENSG00000145416,MARCH1,2,-3.4182,56,1.56783,57,1.60887,21,-0.0201,15,-0.6173,58,1.64786,12,-0.8701,8,-1.4151,9,-1.5902
ENSG00000170088,TMEM192,2,-3.2731,22,0.23722,24,0.35493,11,-0.8256,26,0.54311,12,-0.6984,20,0.05564,27,0.54730,20,0.04407
ENSG00000109466,KLHL2,2,-5.4700,87,-0.0904,59,-0.6776,75,-0.3214,56,-0.8193,176,1.04546,117,0.38613,143,0.70345,106,0.31240
ENSG00000052802,MSMO1,85,-0.6180,134,0.08547,186,0.60203,94,-0.4703,85,-0.6663,117,-0.1331,181,0.55424,112,-0.1937,144,0.26350
ENSG00000109472,CPE,940,-0.8918,500,-1.8329,3798,1.33391,1212,-0.5060,1727,0.04444,2483,0.61954,1401,-0.2844,1953,0.23478,1533,-0.1898
ENSG00000196104,SPOCK3,62,-1.3923,413,1.60575,183,0.23915,878,3.17428,66,-1.3820,56,-1.5477,14,-3.5281,116,-0.4629,46,-2.1513
ENSG00000129116,PALLD,2,-3.2752,42,1.23919,40,1.15422,37,1.03688,27,0.57685,3,-2.4208,5,-1.8081,9,-1.1706,15,-0.5168
ENSG00000145439,CBR4,2,-3.5225,25,0.15790,21,-0.1113,55,1.41599,19,-0.2949,21,-0.1161,15,-0.6116,23,0.03317,24,0.10520
ENSG00000154447,SH3RF1,2,-3.6282,23,-0.0952,7,-1.8996,6,-2.1394,32,0.43509,17,-0.5971,38,0.68513,18,-0.4685,37,0.91561
ENSG00000137601,NEK1,19,0.00354,21,0.12962,40,1.16056,15,-0.3763,22,0.19202,12,-0.7490,11,-0.8774,16,-0.2909,19,-0.0827
ENSG00000109572,CLCN3,102,-0.0857,148,0.49492,90,-0.2744,87,-0.3375,66,-0.7979,91,-0.2668,110,0.03150,130,0.29097,128,0.37303
ENSG00000056050,HPF1,157,1.60319,48,-0.3227,59,-0.0200,63,0.08917,35,-0.8372,33,-0.8734,61,0.05003,40,-0.6142,60,0.02374
ENSG00000198948,MFAP3L,2,-3.9444,87,1.71204,37,0.28031,15,-1.0627,40,0.42888,23,-0.4589,18,-0.8122,26,-0.2820,29,-0.1454
ENSG00000109586,GALNT7,2,-2.6487,38,1.85657,17,0.48451,4,-1.4376,4,-1.5355,11,-0.1180,17,0.50303,15,0.32295,12,-0.1187
ENSG00000164104,HMGB2,2,-3.2174,33,0.93260,60,1.94815,0,-4.4175,23,0.37691,10,-0.9614,11,-0.7203,22,0.29506,14,-0.5430
ENSG00000164105,SAP30,37,0.58501,60,1.42466,40,0.72286,0,-5.2021,24,-0.0917,9,-1.4805,11,-1.1801,13,-0.9761,27,0.16158
ENSG00000164106,SCRG1,188,-0.4038,407,0.81462,892,2.22311,83,-1.6272,304,0.37875,172,-0.5428,61,-2.0710,157,-0.6822,153,-0.8994
ENSG00000164117,FBXO8,72,2.55195,30,0.98159,19,0.22375,20,0.30237,11,-0.5786,4,-1.9361,17,0.05995,0,-5.5097,7,-1.4857
ENSG00000145451,GLRA3,9,-1.0701,0,-9.7729,15,-0.2883,7,-1.3690,4,-2.2772,31,0.84690,34,1.00918,26,0.57955,26,0.85543
ENSG00000150625,GPM6A,946,-0.8351,249,-2.8069,1294,-0.3592,1776,0.13246,1380,-0.2820,3701,1.34202,1898,0.23783,1500,-0.1316,1773,0.17586
ENSG00000150627,WDR17,4,-3.2516,4,-3.0682,18,-1.0369,31,-0.2569,21,-0.9192,89,1.45756,63,0.86863,41,0.17010,46,0.49741
ENSG00000129128,SPCS3,272,1.95576,72,-0.2516,58,-0.5865,80,-0.0899,45,-1.0394,138,0.76853,84,-0.0240,47,-0.9149,67,-0.4816
ENSG00000038002,AGA,2,-2.9843,45,1.72845,23,0.62448,31,1.06538,10,-0.7435,15,-0.1133,16,0.03304,17,0.08686,9,-1.0031
ENSG00000218336,TENM3,49,-0.0777,2,-4.6008,28,-0.9311,121,1.37568,28,-1.0208,158,1.85581,54,0.06678,23,-1.2377,46,-0.2260
ENSG00000129187,DCTD,41,0.23362,23,-0.6219,29,-0.2874,17,-1.0527,35,0.00140,37,0.09680,39,0.18503,40,0.22364,39,0.25043
ENSG00000168564,CDKN2AIP,2,-2.7979,15,0.09788,16,0.25065,35,1.50900,11,-0.2926,13,-0.1113,11,-0.3003,9,-0.6699,14,0.01793
ENSG00000168556,ING2,2,-2.6226,13,0.06475,2,-2.5474,3,-2.0511,19,0.77814,21,0.85317,16,0.46377,8,-0.6111,14,0.27279
ENSG00000182552,RWDD4,2,-2.4910,21,0.96736,14,0.38298,6,-0.7742,11,-0.0163,19,0.85421,9,-0.3424,9,-0.2532,10,-0.1184
ENSG00000168538,TRAPPC11,82,1.75248,16,-0.8242,1,-4.5769,9,-1.6513,16,-0.9474,50,0.89145,29,0.01291,28,-0.0361,31,0.17249
ENSG00000173320,STOX2,116,0.95318,44,-0.5796,22,-1.5732,79,0.33084,60,-0.0995,92,0.57833,58,-0.1447,58,-0.1626,61,-0.1146
ENSG00000164303,ENPP6,2,-1.9588,48,3.37298,16,1.12177,2,-1.8309,5,-0.6104,11,0.49979,8,0.13727,0,-4.7462,1,-3.3999
ENSG00000168310,IRF2,2,-2.3686,30,1.77739,36,2.11171,0,-3.9256,12,0.25354,2,-2.4408,5,-1.0251,5,-1.1344,7,-0.6350
ENSG00000164305,CASP3,56,2.57077,19,0.62283,7,-0.9551,0,-4.2386,10,-0.3187,11,-0.1594,13,0.02467,6,-1.1448,8,-0.8446
ENSG00000151726,ACSL1,29,-0.2895,135,2.29548,50,0.54000,9,-1.9511,23,-0.7307,58,0.77376,27,-0.4033,13,-1.4746,23,-0.7868
ENSG00000151729,SLC25A4,189,-0.7412,150,-1.0910,171,-0.8946,344,0.17655,184,-0.8428,294,-0.0677,403,0.43076,257,-0.2758,454,0.90846
ENSG00000164323,CFAP97,2,-3.9366,45,0.61212,70,1.33056,37,0.29627,33,0.12152,14,-1.1536,16,-0.9528,54,0.88609,24,-0.4967
ENSG00000109762,SNX25,2,-3.6501,9,-1.5626,13,-0.9310,59,1.38424,16,-0.7636,30,0.26384,21,-0.2593,31,0.30883,33,0.57945
ENSG00000186352,ANKRD37,2,-2.4321,14,0.37589,2,-2.1845,1,-2.5821,10,-0.1132,11,0.05276,17,0.71846,3,-1.7652,17,1.09781
ENSG00000109775,UFSP2,37,0.34173,49,0.79064,62,1.17325,20,-0.5955,27,-0.1533,43,0.55358,14,-1.1021,27,-0.1398,20,-0.7341
ENSG00000154553,PDLIM3,2,-2.6298,16,0.37449,72,3.21834,0,-4.1845,17,0.52547,9,-0.4373,4,-1.5191,12,-0.0811,3,-2.3308
ENSG00000154556,SORBS2,2,-5.1232,6,-3.6105,27,-1.4209,51,-0.4875,46,-0.6888,165,1.40295,75,0.11134,69,-0.0165,106,0.96133
ENSG00000109794,FAM149A,2,-2.8994,5,-1.4452,4,-1.9667,0,-4.4520,23,0.77686,10,-0.5737,13,-0.2096,29,1.07706,21,0.74739
ENSG00000145476,CYP4V2,2,-3.1012,22,0.39504,96,3.13409,5,-1.8476,23,0.50095,4,-2.0161,4,-1.9442,4,-2.0555,10,-1.0097
ENSG00000083857,FAT1,2,-3.3254,29,0.60407,70,2.10674,67,2.01845,24,0.33308,5,-1.8859,7,-1.5247,3,-2.4596,7,-1.8270
ENSG00000109536,FRG1,126,1.56198,58,0.26087,41,-0.2510,43,-0.2052,48,-0.0186,45,-0.1200,63,0.39624,25,-1.0182,34,-0.6800
ENSG00000164366,CCDC127,68,1.13565,27,-0.2955,13,-1.3478,56,0.83400,19,-0.9089,37,0.16091,47,0.53990,22,-0.6562,31,-0.1301
ENSG00000073578,SDHA,2,-5.9235,113,-0.1779,110,-0.2235,102,-0.3328,119,-0.1100,119,-0.1001,180,0.55160,154,0.30258,158,0.48193
ENSG00000249915,PDCD6,32,-2.2110,139,-0.0102,153,0.14707,48,-1.5996,105,-0.4691,159,0.20491,217,0.70089,123,-0.1996,183,0.60881
ENSG00000180104,EXOC3,4,-3.3186,37,-0.1176,31,-0.3974,0,-5.8132,46,0.26366,46,0.23255,62,0.69916,49,0.33618,49,0.44338
ENSG00000171368,TPPP,126,-0.9899,477,1.10930,242,0.01316,148,-0.7382,233,-0.0528,374,0.70372,268,0.17287,274,0.20421,187,-0.4924
ENSG00000028310,BRD9,2,-3.7065,26,-0.0095,36,0.51883,25,-0.0855,31,0.30862,26,-0.0209,37,0.53582,20,-0.4077,26,0.02323
ENSG00000049656,CLPTM1L,5,-4.0660,67,-0.2622,98,0.31918,152,1.03951,40,-1.0932,93,0.23852,119,0.64032,66,-0.2893,89,0.23109
ENSG00000153395,LPCAT1,2,-4.3581,9,-2.2857,44,0.10268,32,-0.3785,29,-0.5783,60,0.58741,62,0.63747,41,-0.0026,57,0.73615
ENSG00000171421,MRPL36,134,1.23620,55,-0.2082,59,-0.0887,87,0.51427,52,-0.2969,55,-0.1941,74,0.26843,28,-1.2185,54,-0.2871
ENSG00000145494,NDUFS6,118,-0.9882,232,0.04443,229,0.02390,249,0.15376,260,0.24025,197,-0.2138,236,0.07038,314,0.52032,210,-0.1461
ENSG00000164151,ICE1,74,1.10165,19,-0.9749,3,-3.3642,60,0.76303,28,-0.4840,66,0.92236,41,0.14675,18,-1.1002,37,-0.0361
ENSG00000133398,MED10,2,-5.0118,52,-0.3392,55,-0.2468,53,-0.3176,47,-0.5304,123,1.02921,102,0.72249,93,0.57324,67,0.07565
ENSG00000215218,UBE2QL1,104,-0.3830,9,-3.9629,37,-1.9013,128,-0.0621,99,-0.4810,302,1.34289,271,1.15514,137,0.04644,135,0.03815
ENSG00000037474,NSUN2,29,0.72219,19,0.07388,7,-1.4362,25,0.47094,14,-0.4224,15,-0.3156,22,0.31929,22,0.27651,18,-0.0731
ENSG00000145545,SRD5A1,2,-3.7639,7,-1.9177,21,-0.4066,14,-1.0092,28,0.02537,27,0.00500,18,-0.6257,51,0.99257,40,0.86077
ENSG00000112941,TENT4A,2,-2.9388,12,-0.3518,20,0.43680,0,-4.4627,17,0.23007,23,0.65494,12,-0.3117,16,0.08724,19,0.50523
ENSG00000078295,ADCY2,4,-4.1652,43,-0.9404,168,1.20474,163,1.15794,90,0.20954,49,-0.7424,43,-0.9568,78,-0.0292,77,-0.0661
ENSG00000215217,C5orf49,23,0.45444,5,-1.7975,31,0.89599,22,0.39604,21,0.33440,19,0.10699,12,-0.4838,16,-0.0906,14,-0.4665
ENSG00000124275,MTRR,80,2.41426,37,1.02652,13,-0.5839,0,-4.6865,15,-0.4463,21,0.13545,16,-0.3306,1,-3.5686,14,-0.6502
ENSG00000247516,MIR4458HG,2,-4.3012,44,0.17119,43,0.13756,52,0.41810,46,0.25844,36,-0.1374,8,-2.2732,55,0.52312,45,0.29511
ENSG00000112902,SEMA5A,2,-3.5722,23,-0.0594,28,0.24439,7,-1.8019,33,0.56789,59,1.48824,13,-0.8642,20,-0.2921,23,-0.0764
ENSG00000150756,ATPSCKMT,2,-2.3382,9,-0.0825,13,0.46266,11,0.09844,9,-0.2068,5,-0.9171,13,0.44526,8,-0.2329,12,0.46021
ENSG00000150753,CCT5,296,1.11888,91,-0.7463,116,-0.3793,134,-0.1602,79,-1.0286,197,0.44786,206,0.52034,110,-0.4563,155,0.09506
ENSG00000164237,CMBL,2,-4.1741,9,-2.0353,54,0.61815,138,2.29923,27,-0.4698,27,-0.4369,23,-0.6993,11,-1.7039,38,0.10511
ENSG00000145495,MARCH6,47,-2.0932,124,-0.6516,147,-0.3862,218,0.22555,147,-0.4221,221,0.24715,252,0.45738,185,-0.0310,242,0.54991
ENSG00000164236,ANKRD33B,2,-3.7790,2,-3.4298,4,-2.5895,24,-0.1852,14,-1.0693,67,1.44831,50,0.97056,22,-0.3354,39,0.80448
ENSG00000112977,DAP,2,-3.8487,24,-0.2800,43,0.63422,28,-0.0204,35,0.34399,55,1.03098,9,-1.6667,35,0.29960,27,-0.1361
ENSG00000169862,CTNND2,189,-0.5055,307,0.24712,344,0.42999,364,0.52369,273,0.06994,307,0.24888,226,-0.2277,186,-0.5287,234,-0.2270
ENSG00000038382,TRIO,89,0.38790,12,-2.5384,9,-3.0651,152,1.26886,35,-1.0910,97,0.51177,61,-0.2164,53,-0.4349,91,0.58874
ENSG00000154122,ANKH,103,-0.0957,98,-0.1753,103,-0.1037,242,1.28978,78,-0.5703,145,0.43938,93,-0.2540,99,-0.1695,97,-0.2445
ENSG00000183580,FBXL7,57,2.46450,30,1.29806,56,2.45481,0,-4.3246,8,-0.8919,2,-2.4296,4,-1.8462,1,-3.0305,2,-2.8012
ENSG00000173545,ZNF622,2,-3.7516,28,0.06676,10,-1.5194,0,-5.1459,26,-0.0752,42,0.69307,48,0.92124,50,0.97671,30,0.21221
ENSG00000154153,RETREG1,93,0.23655,195,1.46811,56,-0.5468,44,-0.9033,35,-1.3328,138,0.87914,98,0.32118,130,0.77795,54,-0.7670
ENSG00000145555,MYO10,34,-1.2284,205,1.64719,314,2.47483,44,-0.8462,86,0.21277,46,-0.7485,22,-1.8297,43,-0.8555,27,-1.8531
ENSG00000176788,BASP1,664,-0.7639,63,-4.2118,458,-1.3204,880,-0.3352,892,-0.3402,2402,1.28780,1707,0.71304,1308,0.28363,1234,0.26136
ENSG00000248455,LINC02217,2,-4.5191,4,-3.3778,41,-0.1735,1,-5.4924,51,0.18641,194,2.50487,64,0.51265,39,-0.2618,38,-0.3844
ENSG00000145526,CDH18,2,-3.6680,2,-3.5417,12,-1.1280,4,-2.7131,18,-0.5290,59,1.37739,35,0.47864,18,-0.4858,40,1.09506
ENSG00000286961,AC091938.1,2,-2.3934,3,-1.7311,0,-7.2496,0,-3.9504,8,-0.3252,0,-6.6667,3,-1.8973,1,-3.0780,27,3.12343
ENSG00000040731,CDH10,2,-4.1701,4,-3.0669,7,-2.4641,35,-0.0286,20,-0.9128,123,2.07952,71,1.08919,34,-0.0699,38,0.09871
ENSG00000113360,DROSHA,2,-3.4356,18,-0.2806,24,0.19242,4,-2.4639,20,-0.1267,33,0.69020,32,0.60423,42,1.05069,21,-0.0154
ENSG00000082213,C5orf22,2,-3.0756,5,-1.6932,11,-0.6442,0,-4.3985,10,-0.8717,34,1.11374,38,1.30608,18,0.11932,23,0.66575
ENSG00000133401,PDZD2,2,-4.1095,28,-0.3302,63,0.94998,28,-0.3169,35,0.02770,60,0.86730,8,-2.2092,39,0.20045,38,0.20176
ENSG00000113384,GOLPH3,2,-4.4874,50,0.17463,49,0.13202,46,0.01685,35,-0.3987,51,0.18594,41,-0.1506,78,0.88338,50,0.20035
ENSG00000150712,MTMR12,2,-3.8007,20,-0.4990,39,0.53294,36,0.39091,14,-1.1070,44,0.73717,33,0.27691,16,-0.8340,36,0.56149
ENSG00000056097,ZFR,2,-5.7082,145,0.49092,130,0.31148,109,0.03016,95,-0.1918,115,0.11861,79,-0.4692,89,-0.2861,132,0.46606
ENSG00000113387,SUB1,466,0.16838,224,-0.9572,231,-0.9066,455,0.13037,336,-0.3656,479,0.21108,608,0.59455,423,0.01623,470,0.25095
ENSG00000113407,TARS,2,-4.1208,40,0.20998,49,0.53922,27,-0.3896,27,-0.4245,33,-0.0690,58,0.81537,34,-0.0584,39,0.24253
ENSG00000242110,AMACR,2,-3.1116,6,-1.4254,18,0.04442,9,-0.8879,15,-0.2189,17,0.00692,24,0.52091,10,-0.8384,27,1.02220
ENSG00000113456,RAD1,2,-3.0113,13,-0.3124,13,-0.3110,20,0.32796,16,0.00641,8,-0.9317,18,0.21772,32,1.08681,17,0.17574
ENSG00000113460,BRIX1,45,1.43670,31,0.81506,24,0.44648,5,-1.8703,12,-0.6827,7,-1.3201,15,-0.2837,19,0.04655,17,-0.1468
ENSG00000168724,DNAJC21,2,-3.5919,42,0.87337,34,0.53764,39,0.75046,29,0.29436,11,-1.1865,23,-0.0370,16,-0.5947,22,-0.1586
ENSG00000164187,LMBRD2,2,-5.2868,30,-1.6688,74,-0.3433,49,-0.9448,58,-0.7655,171,0.99824,145,0.72803,102,0.16571,127,0.72261
ENSG00000152620,NADK2,26,-0.7941,42,-0.0944,136,1.87205,14,-1.6725,39,-0.2263,51,0.20542,36,-0.3374,39,-0.1863,39,-0.2632
ENSG00000164188,RANBP3L,58,2.61069,10,-0.3747,17,0.42459,0,-4.2689,20,0.79362,5,-1.2998,0,-8.4713,1,-2.9407,9,-0.7065
ENSG00000079215,SLC1A3,184,-1.0973,249,-0.6385,1352,2.18950,109,-1.8726,644,0.96986,276,-0.4797,108,-1.8803,344,-0.1445,248,-0.8049
ENSG00000285967,NIPBL-DT,2,-2.3126,14,0.54113,15,0.67836,0,-3.8704,11,0.22739,15,0.68053,15,0.69369,9,-0.1734,9,-0.2568
ENSG00000164190,NIPBL,2,-3.6843,48,0.99069,49,1.03389,14,-0.8590,29,0.18629,38,0.62275,12,-1.1218,23,-0.1605,23,-0.2620
ENSG00000197603,CPLANE1,2,-2.8565,18,0.33271,2,-2.4298,8,-0.8317,21,0.61794,22,0.63187,11,-0.3528,6,-1.3705,19,0.63698
ENSG00000082068,WDR70,2,-2.8346,18,0.38641,21,0.61020,0,-4.3850,13,-0.1738,18,0.41636,17,0.24028,23,0.75873,15,0.09120
ENSG00000113594,LIFR,276,2.44084,144,1.22029,174,1.54962,3,-4.4843,47,-0.5939,28,-1.3142,20,-1.8133,21,-1.7790,30,-1.4577
ENSG00000164327,RICTOR,2,-3.4604,49,1.28523,20,-0.1561,23,0.06920,15,-0.6190,24,0.16363,24,0.11049,32,0.59866,20,-0.1367
ENSG00000113638,TTC33,2,-4.3384,21,-1.0008,20,-1.0356,37,-0.1560,31,-0.4577,48,0.27474,59,0.58082,56,0.50860,56,0.71592
ENSG00000132356,PRKAA1,107,2.74403,26,0.23838,10,-1.2232,0,-5.0536,10,-1.2281,11,-1.0060,17,-0.4013,33,0.59824,17,-0.5568
ENSG00000145592,RPL37,801,-0.6777,2766,1.30662,1815,0.60029,964,-0.3947,1873,0.72884,810,-0.6601,624,-1.0530,1075,-0.2269,894,-0.6470
ENSG00000182836,PLCXD3,88,1.10701,8,-2.4161,24,-0.9254,31,-0.5520,33,-0.4757,59,0.45520,22,-1.0777,78,0.91914,49,0.24092
ENSG00000083720,OXCT1,220,0.51608,30,-2.4660,72,-1.2008,101,-0.6978,106,-0.6594,201,0.37024,236,0.62692,171,0.11580,205,0.56995
ENSG00000205765,C5orf51,2,-2.8460,30,1.18981,14,-0.0037,10,-0.4817,18,0.43315,12,-0.2797,6,-1.1843,7,-1.0235,17,0.33776
ENSG00000198865,CCDC152,2,-2.4041,51,2.75937,31,1.79675,0,-3.9601,9,-0.2689,5,-1.0871,6,-0.8520,14,0.41514,2,-2.3353
ENSG00000250722,SELENOP,8,-4.5680,1303,3.72735,551,1.77598,36,-2.4944,134,-0.5841,83,-1.2677,18,-3.4620,77,-1.3760,34,-2.9324
ENSG00000172262,ZNF131,3,-2.2285,14,-0.1652,4,-1.7611,15,-0.0457,13,-0.2079,25,0.79702,25,0.77573,11,-0.4344,18,0.39737
ENSG00000177453,NIM1K,2,-2.4298,11,0.01367,0,-5.5087,0,-3.9864,9,-0.2235,26,1.43169,12,0.18401,15,0.50355,14,0.52272
ENSG00000112972,HMGCS1,150,-0.4248,74,-1.4859,107,-0.9366,196,-0.0105,127,-0.7289,234,0.26384,374,1.02907,142,-0.5075,260,0.60903
ENSG00000172239,PAIP1,2,-4.9430,101,0.78638,63,0.02930,41,-0.6259,56,-0.1533,75,0.31062,68,0.13831,73,0.26818,67,0.16530
ENSG00000248092,NNT-AS1,2,-3.6013,56,1.37035,58,1.42658,14,-0.7739,27,0.20827,12,-1.0513,16,-0.6492,19,-0.3421,21,-0.3236
ENSG00000112992,NNT,2,-4.9272,22,-1.5042,66,0.12219,50,-0.3094,52,-0.2847,96,0.72108,76,0.33567,59,-0.0524,80,0.59923
ENSG00000251141,MRPS30-DT,2,-2.6093,9,-0.3799,2,-2.6601,1,-3.6840,14,0.22847,23,1.01443,20,0.77769,10,-0.3278,16,0.58452
ENSG00000112996,MRPS30,105,1.48992,18,-1.2661,19,-1.1756,25,-0.7951,28,-0.6542,42,-0.0068,45,0.08539,20,-1.1484,55,0.57190
ENSG00000272335,AC093297.2,2,-2.7137,11,-0.2600,7,-0.8059,0,-4.2662,16,0.35197,27,1.19161,14,0.16188,2,-2.6727,18,0.74065
ENSG00000164588,HCN1,2,-4.8822,0,-6.2073,3,-4.3696,65,0.14934,26,-1.2973,35,-0.8012,100,0.83894,67,0.17781,112,1.61811
ENSG00000151883,PARP8,2,-3.4215,5,-1.9636,6,-1.7533,46,1.21495,11,-0.9841,28,0.43199,25,0.24507,28,0.42296,29,0.64204
ENSG00000152684,PELO,2,-3.0345,7,-1.2244,23,0.55703,27,0.78523,12,-0.4459,27,0.78042,31,1.01464,6,-1.3988,16,-0.0319
ENSG00000164172,MOCS2,154,0.58002,60,-0.8768,125,0.25480,53,-1.0536,92,-0.2398,91,-0.2438,127,0.26908,70,-0.6392,130,0.43645
ENSG00000164258,NDUFS4,129,0.46321,84,-0.2003,86,-0.1710,31,-1.7059,85,-0.2122,61,-0.6911,150,0.71359,72,-0.4400,117,0.41863
ENSG00000185305,ARL15,2,-2.9356,3,-2.1425,3,-2.1850,0,-4.4863,11,-0.5431,12,-0.3774,39,1.51247,7,-1.0809,27,1.44662
ENSG00000169271,HSPB3,2,-2.3670,0,-3.6200,0,-7.2236,0,-3.9242,5,-1.0702,0,-8.0586,18,0.93951,3,-1.7662,25,2.60226
ENSG00000178996,SNX18,2,-2.9870,47,1.79011,39,1.45160,25,0.75192,15,-0.0725,11,-0.4816,7,-1.2125,3,-2.2782,10,-0.8133
ENSG00000067248,DHX29,2,-3.6137,32,0.41091,38,0.67576,38,0.67737,21,-0.2461,27,0.16937,26,0.10600,19,-0.3947,24,-0.0669
ENSG00000039123,MTREX,2,-3.9531,38,0.29686,29,-0.0952,36,0.25231,21,-0.6127,51,0.77241,34,0.12899,29,-0.1257,36,0.30069
ENSG00000067113,PLPP1,2,-4.5825,137,1.73846,56,0.24192,21,-1.2380,36,-0.4757,28,-0.8293,63,0.42931,16,-1.6652,58,0.39103
ENSG00000134352,IL6ST,41,-1.4220,169,0.76977,217,1.18695,89,-0.2442,128,0.35520,61,-0.8279,45,-1.2709,150,0.57637,82,-0.4710
ENSG00000062194,GPBP1,79,0.11973,96,0.42574,66,-0.1482,9,-2.9795,69,-0.0904,62,-0.2419,72,-0.0123,101,0.50875,81,0.22522
ENSG00000249436,AC008780.1,2,-3.2167,0,-5.5816,11,-0.8103,45,1.44624,13,-0.5803,126,3.65487,10,-0.8852,5,-1.8903,4,-2.4909
ENSG00000145632,PLK2,2,-5.3513,3,-4.8854,23,-1.9301,11,-2.9895,52,-0.7717,181,1.25634,162,1.06243,88,0.07691,129,1.00857
ENSG00000152932,RAB3C,58,-1.8276,6,-5.0100,42,-2.2913,566,1.78698,93,-1.1963,85,-1.2569,301,0.69729,384,1.10317,225,0.31673
ENSG00000113448,PDE4D,2,-3.4170,4,-2.3947,16,-0.4296,46,1.22167,19,-0.2140,26,0.31286,16,-0.4202,15,-0.4833,29,0.65364
ENSG00000152931,PART1,2,-3.0926,1,-3.7876,0,-5.0191,29,0.83400,25,0.64769,18,0.12378,36,1.20261,25,0.59713,15,-0.2314
ENSG00000164181,ELOVL7,44,1.89721,23,0.79246,16,0.20224,0,-4.3581,13,-0.1269,9,-0.5772,15,0.17019,2,-2.4128,11,-0.4251
ENSG00000164182,NDUFAF2,2,-4.9611,63,-0.0102,30,-1.0973,47,-0.4543,75,0.30865,52,-0.2940,101,0.75238,53,-0.2624,80,0.52812
ENSG00000188725,SMIM15,2,-3.3343,38,1.01854,49,1.42940,1,-3.6834,18,-0.1442,24,0.28280,15,-0.4568,12,-0.7683,21,0.08519
ENSG00000130449,ZSWIM6,2,-3.5250,72,1.90528,16,-0.5428,11,-1.0770,26,0.22013,24,0.08671,18,-0.3469,10,-1.2678,23,0.02769
ENSG00000068796,KIF2A,3,-3.4506,70,0.88966,53,0.43882,46,0.22760,34,-0.2403,43,0.13017,58,0.58906,49,0.32707,32,-0.4514
ENSG00000086189,DIMT1,2,-3.4191,32,0.64945,38,0.91077,36,0.81434,14,-0.6648,21,0.00101,15,-0.4997,12,-0.8662,23,0.17539
ENSG00000086200,IPO11,2,-3.3981,16,-0.4058,17,-0.2864,20,-0.0526,17,-0.3717,43,1.14970,29,0.49592,23,0.15255,22,0.11857
ENSG00000248285,AC122707.1,2,-2.7414,0,-9.3527,0,-7.5929,25,0.98328,7,-1.0886,21,0.71976,18,0.50070,3,-2.0739,23,1.29331
ENSG00000164197,RNF180,2,-2.2989,8,-0.2713,8,-0.1835,0,-3.7547,13,0.48857,15,0.70348,10,0.02077,3,-1.6196,13,0.68748
ENSG00000186479,RGS7BP,2,-2.4146,0,-4.9179,0,-7.2705,2,-2.4428,8,-0.4328,20,1.04038,19,0.92744,4,-1.3007,18,1.35299
ENSG00000153006,SREK1IP1,2,-3.9485,59,1.04411,50,0.77222,47,0.65834,27,-0.2284,46,0.61952,15,-1.0565,18,-0.8111,28,-0.2253
ENSG00000153015,CWC27,2,-3.5723,39,0.76474,33,0.52716,9,-1.3560,30,0.43037,27,0.18992,22,-0.1126,18,-0.4211,24,0.05931
ENSG00000113593,PPWD1,57,2.03130,18,0.07693,13,-0.3906,35,1.17472,10,-0.8107,18,0.10159,17,0.01997,5,-1.6392,9,-1.1479
ENSG00000113595,TRIM23,22,-1.7984,61,-0.2693,41,-0.8816,41,-0.8603,49,-0.6396,91,0.35009,106,0.60115,53,-0.4976,108,0.91707
ENSG00000113597,TRAPPC13,2,-3.9361,27,-0.1925,19,-0.6936,39,0.38226,22,-0.5200,49,0.73985,44,0.57464,28,-0.1599,36,0.37191
ENSG00000197860,SGTB,74,-0.1506,26,-1.6804,42,-1.0133,38,-1.1534,60,-0.5088,71,-0.2045,135,0.80938,98,0.29086,114,0.75383
ENSG00000123213,NLN,2,-3.1229,33,1.02446,17,0.01302,52,1.81687,12,-0.5836,20,0.20745,28,0.75777,6,-1.5016,11,-0.8941
ENSG00000112851,ERBIN,10,-2.6271,211,2.09544,176,1.75213,46,-0.4480,60,-0.0409,45,-0.4706,12,-2.3914,81,0.42457,25,-1.6482
ENSG00000153914,SREK1,2,-4.0238,54,0.78878,59,0.94082,29,-0.1778,35,0.12483,38,0.25802,30,-0.1165,33,0.02973,27,-0.3641
ENSG00000069020,MAST4,38,-0.1293,27,-0.6393,54,0.44208,119,1.77659,30,-0.5340,37,-0.1760,16,-1.3630,28,-0.5878,39,-0.1186
ENSG00000145675,PIK3R1,238,0.68970,91,-0.8031,57,-1.4989,40,-2.0177,101,-0.6914,146,-0.0845,256,0.81166,138,-0.1678,209,0.68298
ENSG00000145740,SLC30A5,2,-3.6496,26,0.03160,34,0.48594,29,0.24642,13,-1.0483,14,-0.8682,43,0.85328,40,0.75625,28,0.22411
ENSG00000134056,MRPS36,57,-0.3872,52,-0.5259,50,-0.6030,58,-0.3702,77,0.07868,53,-0.5009,83,0.18275,94,0.38460,89,0.41194
ENSG00000134058,CDK7,2,-2.9929,12,-0.3919,0,-7.6792,0,-4.5448,10,-0.7960,25,0.70832,34,1.21147,18,0.15977,24,0.96416
ENSG00000085231,AK6,2,-4.3246,39,-0.0714,56,0.49263,25,-0.7632,34,-0.2941,52,0.38340,62,0.64496,35,-0.2320,48,0.35187
ENSG00000273841,TAF9,179,1.06965,30,-1.6650,59,-0.6751,124,0.47135,62,-0.6492,88,-0.0769,90,-0.0440,93,0.00995,103,0.23254
ENSG00000152942,RAD17,2,-3.3845,17,-0.2694,20,-0.0429,53,1.53981,15,-0.4845,21,0.02871,21,0.04390,18,-0.2292,22,0.07385
ENSG00000249437,NAIP,2,-2.6004,32,1.58516,50,2.43663,0,-3.9045,10,-0.3180,15,0.33949,6,-1.0189,4,-1.5037,7,-1.0247
ENSG00000145734,BDP1,37,0.22269,29,-0.1736,23,-0.5007,16,-1.0989,42,0.44122,60,0.98765,28,-0.2214,32,0.00052,28,-0.2940
ENSG00000131844,MCCC2,2,-3.0416,25,0.65601,19,0.27061,1,-3.6014,15,-0.1062,24,0.56988,21,0.38654,20,0.33718,17,0.13307
ENSG00000164326,CARTPT,45,-0.0540,4,-3.5654,1,-5.1026,0,-6.0689,12,-2.0378,0,-6.4551,22,-1.1459,6,-2.8672,125,3.39817
ENSG00000131711,MAP1B,505,-1.7405,771,-1.1110,729,-1.1950,1329,-0.2849,1558,-0.0422,1709,0.10606,2127,0.45438,2963,0.99823,1878,0.35115
ENSG00000113048,MRPS27,2,-4.1584,26,-0.5110,36,0.00832,0,-5.4682,28,-0.3978,57,0.72517,57,0.72817,30,-0.2477,50,0.77315
ENSG00000049883,PTCD2,2,-2.9594,9,-0.8099,6,-1.3935,38,1.46270,10,-0.7501,9,-0.7148,19,0.31421,36,1.36170,16,0.01799
ENSG00000083312,TNPO1,47,0.33092,53,0.53030,69,0.96627,35,-0.1368,30,-0.3832,30,-0.3527,31,-0.2787,29,-0.3784,34,-0.1990
ENSG00000157107,FCHO2,2,-2.2709,24,1.52049,2,-1.9850,0,-3.8290,10,0.07576,15,0.70991,2,-2.2895,5,-0.8238,13,0.71106
ENSG00000145741,BTF3,118,-0.7879,382,1.06416,259,0.42418,223,0.18474,171,-0.2464,164,-0.2939,206,0.06038,169,-0.2422,177,-0.2201
ENSG00000164331,ANKRA2,2,-2.6790,24,1.00184,11,-0.2602,0,-4.1968,8,-0.6621,25,1.06590,12,-0.0426,19,0.59522,14,0.18914
ENSG00000171617,ENC1,1020,-0.2639,32,-5.3508,58,-4.4826,217,-2.5690,593,-1.1555,978,-0.3286,2983,1.49120,875,-0.4985,2091,1.35666
ENSG00000049860,HEXB,88,1.47379,18,-1.0583,12,-1.5551,32,-0.1486,23,-0.6969,26,-0.5079,37,0.03570,39,0.14930,41,0.31830
ENSG00000164347,GFM2,71,1.60464,11,-1.3571,15,-0.9105,10,-1.4145,19,-0.5380,32,0.25976,50,0.99120,30,0.15674,23,-0.3061
ENSG00000164346,NSA2,68,-0.5410,144,0.63620,71,-0.4669,129,0.45951,96,-0.0026,80,-0.2771,75,-0.3784,154,0.75011,84,-0.2623
ENSG00000198780,FAM169A,73,0.31754,30,-1.0466,49,-0.2913,132,1.29520,34,-0.8839,62,0.05722,55,-0.1312,40,-0.5951,66,0.22032
ENSG00000113161,HMGCR,152,0.67629,25,-2.0347,35,-1.5792,74,-0.4423,41,-1.4084,100,0.02048,225,1.33864,107,0.12206,122,0.45365
ENSG00000113163,CERT1,51,-0.2888,48,-0.3934,17,-1.9147,52,-0.2492,44,-0.5580,88,0.56571,82,0.45574,45,-0.4788,82,0.64862
ENSG00000122008,POLK,2,-2.6548,28,1.30426,29,1.34296,7,-0.8781,9,-0.4274,20,0.75078,13,0.08851,7,-0.9311,9,-0.5485
ENSG00000145708,CRHBP,2,-6.6463,29,-2.8859,8,-4.6740,2406,6.97210,22,-3.3715,2,-6.3712,1,-6.9674,25,-3.0665,28,-3.2983
ENSG00000164252,AGGF1,2,-4.4740,34,-0.4252,48,0.10522,91,1.14928,33,-0.5072,54,0.29017,49,0.14585,33,-0.4706,51,0.29289
ENSG00000132846,ZBED3,2,-2.1316,58,3.57673,11,0.42491,0,-3.6915,10,0.31365,7,-0.2941,0,-7.8967,1,-2.9671,3,-1.7476
ENSG00000113231,PDE8B,2,-4.3810,26,-0.7140,27,-0.6535,143,2.07736,29,-0.6120,14,-1.6131,16,-1.4650,31,-0.4384,57,0.68712
ENSG00000164253,WDR41,2,-4.0696,26,-0.3941,42,0.32748,2,-4.1750,30,-0.2035,45,0.45159,42,0.32826,22,-0.6398,50,0.89217
ENSG00000171530,TBCA,302,0.18232,333,0.33616,320,0.27292,189,-0.5384,262,-0.0453,282,0.07259,339,0.36755,286,0.09550,230,-0.3131
ENSG00000132842,AP3B1,2,-3.2126,42,1.33473,32,0.87444,18,-0.0078,21,0.24181,16,-0.1963,16,-0.2310,11,-0.7614,15,-0.4116
ENSG00000085365,SCAMP1,63,-1.0563,47,-1.4948,96,-0.4095,246,1.08888,66,-1.0359,188,0.63835,168,0.46336,116,-0.1218,144,0.29387
ENSG00000145685,LHFPL2,66,2.18771,25,0.49548,23,0.38599,46,1.53579,17,-0.1084,5,-1.8601,8,-1.1469,4,-2.2724,6,-1.8924
ENSG00000152409,JMY,2,-3.4174,17,-0.3278,29,0.46390,70,1.99817,17,-0.4026,15,-0.5235,13,-0.6962,13,-0.7600,21,-0.0140
ENSG00000152413,HOMER1,2,-5.3791,6,-3.8287,13,-2.7707,82,-0.0424,61,-0.5238,128,0.66192,106,0.35823,127,0.64787,128,0.96467
ENSG00000164329,TENT2,2,-2.9023,28,1.02268,22,0.58630,1,-3.9722,13,-0.1588,17,0.24231,6,-1.2231,7,-1.1621,21,0.74885
ENSG00000177034,MTX3,39,0.38579,16,-0.9838,30,0.00584,46,0.65743,24,-0.3468,22,-0.4453,41,0.46414,37,0.33643,28,-0.1433
ENSG00000113296,THBS4,2,-2.8841,4,-1.8560,24,0.74611,57,2.32737,22,0.71657,26,0.87701,3,-2.0292,7,-1.1589,6,-1.5720
ENSG00000164300,SERINC5,89,1.77388,114,2.24320,84,1.65654,4,-2.7731,19,-0.7599,10,-1.6827,10,-1.6812,8,-2.0217,10,-1.8834
ENSG00000039319,ZFYVE16,46,0.71209,81,1.69995,38,0.39970,2,-3.7341,34,0.27272,12,-1.3047,11,-1.4368,43,0.60487,19,-0.7723
ENSG00000249042,AC008771.1,2,-2.6425,3,-2.1716,3,-2.1498,11,-0.4686,17,0.24129,21,0.55183,22,0.57165,8,-1.0068,23,0.92496
ENSG00000228716,DHFR,2,-2.8090,26,0.96665,20,0.59929,14,0.04656,18,0.39972,12,-0.2082,9,-0.5969,10,-0.4911,13,-0.1363
ENSG00000113318,MSH3,2,-2.7077,17,0.42563,15,0.21393,0,-4.2604,16,0.39634,16,0.37546,16,0.36345,9,-0.5652,15,0.29885
ENSG00000113319,RASGRF2,2,-3.4321,20,-0.1233,11,-1.0164,106,2.82262,9,-1.4240,13,-0.7693,2,-3.2584,17,-0.3559,23,0.15466
ENSG00000145687,SSBP2,215,1.69402,32,-1.3393,61,-0.3769,27,-1.5996,47,-0.8059,97,0.35113,49,-0.7058,113,0.60139,80,0.06620
ENSG00000186468,RPS23,993,0.10105,2052,1.29183,1453,0.71052,701,-0.4387,1190,0.42841,526,-0.8748,547,-0.8172,756,-0.3231,675,-0.6316
ENSG00000174695,TMEM167A,2,-5.1629,89,0.32746,67,-0.1112,62,-0.2270,69,-0.0816,80,0.15747,83,0.21103,48,-0.6369,93,0.55134
ENSG00000038427,VCAN,2,-4.1559,144,2.39167,173,2.78711,2,-3.9288,34,-0.0860,10,-1.8639,7,-2.3518,14,-1.3509,12,-1.9344
ENSG00000164176,EDIL3,2,-6.3002,906,3.21849,199,0.34966,122,-0.4065,81,-1.0893,82,-1.0050,107,-0.6086,154,-0.0476,83,-1.2016
ENSG00000127184,COX7C,968,-0.1208,763,-0.4875,871,-0.2846,1029,-0.0258,1237,0.29066,849,-0.3241,1244,0.27253,1194,0.20691,1052,0.01203
ENSG00000145715,RASA1,54,0.14624,17,-1.5797,34,-0.5694,27,-0.8770,27,-0.9763,95,1.06936,79,0.75321,62,0.36263,54,0.20325
ENSG00000134480,CCNH,2,-4.5724,41,-0.2211,60,0.34475,53,0.14941,33,-0.6115,65,0.48493,91,1.02653,62,0.39673,46,-0.0890
ENSG00000247828,TMEM161B-AS1,111,0.99031,31,-1.0044,65,0.12046,95,0.73592,54,-0.1639,62,0.05947,39,-0.6344,58,-0.0406,52,-0.2817
ENSG00000245526,LINC00461,3,-3.9396,39,-0.2051,114,1.52785,20,-1.1851,61,0.53932,52,0.24419,33,-0.4485,48,0.09740,38,-0.3402
ENSG00000081189,MEF2C,80,-1.6310,22,-3.5306,21,-3.5479,22,-3.4982,133,-0.9364,17,-3.8956,425,0.94252,182,-0.4062,511,2.14431
ENSG00000153140,CETN3,34,0.44037,54,1.19811,41,0.73251,44,0.85092,27,0.07178,16,-0.6943,13,-1.0221,9,-1.4767,17,-0.7615
ENSG00000176055,MBLAC2,2,-3.5272,10,-1.1810,20,-0.2004,70,1.84080,7,-1.7687,26,0.16057,29,0.38162,28,0.29599,25,0.16941
ENSG00000164199,ADGRV1,14,-0.7743,17,-0.5107,100,2.44495,6,-2.0654,39,0.86115,16,-0.5784,9,-1.4098,11,-1.2226,16,-0.8244
ENSG00000113369,ARRDC3,2,-3.2767,42,1.23942,18,-0.1204,19,0.00698,15,-0.4230,20,0.05332,19,-0.0446,20,0.06266,20,0.11400
ENSG00000237187,NR2F1-AS1,2,-4.3148,26,-0.6620,64,0.73498,15,-1.4218,37,-0.1464,74,0.97741,47,0.25048,63,0.73061,39,-0.0516
ENSG00000175745,NR2F1,2,-5.5127,41,-1.2221,187,1.15069,121,0.43028,86,-0.1230,216,1.40028,84,-0.1490,85,-0.1306,72,-0.4725
ENSG00000113391,FAM172A,2,-3.6746,40,0.71666,39,0.68565,54,1.21259,21,-0.2973,39,0.65807,17,-0.5940,26,0.05002,18,-0.6885
ENSG00000133302,SLF1,2,-2.6369,9,-0.5220,3,-1.7884,1,-3.1743,10,-0.3785,49,2.36829,11,-0.1047,6,-1.0380,15,0.36964
ENSG00000175471,MCTP1,4,-3.4072,2,-4.0624,23,-0.9401,48,0.15311,36,-0.3045,191,2.62170,58,0.46601,43,-0.0152,30,-0.7063
ENSG00000198677,TTC37,58,0.07154,60,0.12176,60,0.12500,50,-0.1433,41,-0.4821,61,0.16219,81,0.61705,36,-0.6418,57,0.07176
ENSG00000164292,RHOBTB3,16,-2.1285,192,1.76875,238,2.17857,35,-0.9690,99,0.69965,47,-0.5381,10,-2.7697,24,-1.5357,26,-1.6622
ENSG00000173221,GLRX,127,1.56869,6,-2.9479,35,-0.5123,35,-0.5322,47,-0.0774,62,0.35591,107,1.27061,63,0.40172,27,-1.1022
ENSG00000118985,ELL2,71,0.40861,83,0.65042,39,-0.5209,33,-0.7559,46,-0.3103,40,-0.4922,47,-0.2429,48,-0.2197,66,0.38003
ENSG00000175426,PCSK1,155,1.50270,1,-5.1914,2,-4.8218,36,-0.8246,22,-1.6629,24,-1.4134,120,1.06627,52,-0.2681,93,0.94374
ENSG00000153113,CAST,27,-0.4678,88,1.40329,59,0.72214,67,0.94574,32,-0.2562,33,-0.1801,38,0.01660,24,-0.6467,21,-1.0722
ENSG00000164307,ERAP1,2,-2.2955,22,1.33405,12,0.37410,0,-3.8531,14,0.67619,10,0.09262,8,-0.2063,6,-0.5941,9,-0.1921
ENSG00000113441,LNPEP,2,-4.6731,33,-0.6912,75,0.59699,10,-2.3904,36,-0.5612,146,1.74033,57,0.17498,84,0.78528,47,-0.1853
ENSG00000145721,LIX1,33,0.06461,49,0.69929,213,3.65797,16,-0.9858,28,-0.1698,13,-1.3323,0,-5.8399,5,-2.7688,6,-2.7265
ENSG00000058729,RIOK2,93,3.03393,13,-0.4532,11,-0.6139,0,-4.6636,10,-0.8526,17,0.01242,16,-0.1200,2,-2.8838,13,-0.5679
ENSG00000174136,RGMB,2,-4.5281,10,-2.4595,23,-1.1962,51,-0.0251,34,-0.7015,59,0.20425,85,0.78738,55,0.09220,80,1.02673
ENSG00000153922,CHD1,2,-2.3440,23,1.00971,15,0.36827,36,1.79047,9,-0.4419,7,-0.8010,11,-0.0554,5,-1.3540,10,-0.4166
ENSG00000174132,FAM174A,2,-4.8691,36,-0.7510,34,-0.8271,135,1.35573,32,-0.9882,76,0.39737,69,0.25219,60,0.03597,72,0.44816
ENSG00000145730,PAM,2,-6.2645,11,-3.8190,78,-1.0635,794,2.93082,55,-1.6689,18,-3.1977,83,-0.9699,157,-2.0192,196,0.49626
ENSG00000145725,PPIP5K2,2,-3.5742,18,-0.4543,7,-1.7018,49,1.15655,17,-0.5326,9,-1.4063,32,0.47258,22,-0.1428,34,0.81093
ENSG00000181751,C5orf30,2,-3.9905,62,1.07110,21,-0.6218,3,-3.3668,16,-1.0984,19,-0.7639,62,1.06574,32,0.00011,45,0.79795
ENSG00000112874,NUDT12,2,-2.8458,33,1.32780,11,-0.3616,1,-3.6934,17,0.26212,12,-0.3059,19,0.46175,11,-0.4485,16,0.24867
ENSG00000184349,EFNA5,2,-3.0458,4,-1.9909,8,-1.0121,44,1.60917,10,-0.7893,20,0.29079,12,-0.5152,42,1.52241,15,-0.1137
ENSG00000145743,FBXL17,137,1.04234,22,-1.7665,38,-0.9476,88,0.32360,57,-0.3823,91,0.37422,75,0.07346,55,-0.3978,78,0.17258
ENSG00000151422,FER,13,-0.0201,17,0.48730,5,-1.2276,3,-2.0605,23,1.01282,7,-0.8317,5,-1.3539,12,-0.1196,14,0.27410
ENSG00000198961,PJA2,364,-0.0606,205,-0.9383,196,-1.0069,333,-0.2012,248,-0.7005,488,0.39857,584,0.69037,335,-0.1910,481,0.52927
ENSG00000112893,MAN2A1,2,-3.9189,115,2.28905,34,0.17692,46,0.65762,21,-0.6286,39,0.40968,23,-0.3844,12,-1.4003,20,-0.7648
ENSG00000164209,SLC25A46,12,-3.2893,52,-1.1226,39,-1.5391,185,0.84265,67,-0.7990,138,0.36981,159,0.59815,133,0.30691,142,0.58197
ENSG00000134987,WDR36,2,-2.6505,8,-0.7617,1,-3.0147,23,0.82353,10,-0.4938,13,-0.0619,21,0.64689,13,-0.1368,19,0.74667
ENSG00000152495,CAMK4,57,-0.2488,9,-2.9691,23,-1.6154,19,-1.9156,46,-0.6298,76,0.18559,102,0.66841,71,0.07770,106,1.09107
ENSG00000164211,STARD4,2,-3.0157,10,-0.6863,8,-0.9846,9,-0.8858,13,-0.3709,8,-0.9935,48,1.79090,4,-1.9213,24,0.87003
ENSG00000134986,NREP,116,0.64292,26,-1.6210,39,-1.0227,100,0.39445,55,-0.5705,29,-1.5006,101,0.41350,96,0.33413,98,0.51068
ENSG00000224032,EPB41L4A-AS1,78,0.15992,66,-0.1055,54,-0.3982,67,-0.0752,74,0.09172,59,-0.2664,56,-0.3454,58,-0.3001,82,0.32810
ENSG00000134982,APC,97,-0.4721,106,-0.3265,233,0.91688,116,-0.1927,193,0.68330,115,-0.2052,89,-0.6005,94,-0.5128,118,-0.2181
ENSG00000153037,SRP19,2,-5.0353,56,-0.2640,37,-0.8630,139,1.20673,42,-0.7318,84,0.38679,94,0.55439,78,0.25487,71,0.15500
ENSG00000129625,REEP5,142,-1.4007,200,-0.8905,181,-1.0407,465,0.41185,201,-0.9418,362,0.01715,470,0.42929,310,-0.2249,531,0.91518
ENSG00000172795,DCP2,70,1.27121,19,-0.8145,25,-0.3892,37,0.21201,24,-0.4970,23,-0.4927,21,-0.6445,43,0.45598,33,0.05734
ENSG00000047188,YTHDC2,12,-1.0898,10,-1.2817,1,-3.9440,30,0.31489,16,-0.6762,23,-0.1094,29,0.26929,56,1.35934,31,0.51609
ENSG00000080709,KCNN2,2,-2.7152,10,-0.4466,19,0.62504,0,-4.2692,11,-0.2281,7,-0.8399,22,0.84550,7,-0.8441,20,0.92818
ENSG00000152503,TRIM36,2,-5.1385,12,-2.6115,17,-2.1305,61,-0.2214,48,-0.6397,66,-0.1171,106,0.64101,90,0.37922,118,1.22851
ENSG00000164219,PGGT1B,2,-2.6041,22,0.96389,38,1.92121,4,-1.5145,12,0.03241,9,-0.4579,2,-2.1845,2,-2.2870,13,0.14586
ENSG00000164221,CCDC112,2,-3.3090,40,1.11997,21,0.06795,5,-1.9079,22,0.20712,40,1.11374,26,0.43561,13,-0.6544,16,-0.3509
ENSG00000145780,FEM1C,2,-2.9549,17,0.16517,9,-0.8059,0,-4.5069,20,0.47724,19,0.31805,16,0.08208,14,-0.1633,21,0.63496
ENSG00000134970,TMED7,48,-0.4771,154,1.38995,125,1.03634,19,-1.8319,66,0.01465,55,-0.2720,54,-0.3015,44,-0.5936,55,-0.3388
ENSG00000129596,CDO1,2,-4.8539,26,-1.2298,103,0.90986,76,0.42793,47,-0.3477,94,0.76853,53,-0.1497,87,0.63233,55,-0.1005
ENSG00000145782,ATG12,85,0.68512,50,-0.1439,80,0.58432,35,-0.6773,44,-0.3854,49,-0.1857,52,-0.1082,48,-0.2315,58,0.09991
ENSG00000177879,AP3S1,38,-1.9961,52,-1.5410,75,-1.0156,248,0.85387,95,-0.7063,210,0.57888,178,0.31309,171,0.25490,183,0.50027
ENSG00000145781,COMMD10,94,2.95947,13,-0.5120,15,-0.2865,2,-3.2276,9,-1.0034,9,-0.9867,17,-0.0564,7,-1.3264,14,-0.4235
ENSG00000092421,SEMA6A,2,-3.9398,150,2.82150,93,1.84533,19,-0.6860,16,-1.0631,7,-2.0718,16,-1.0094,9,-1.8432,18,-0.9955
ENSG00000172869,DMXL1,2,-3.8737,33,0.20375,22,-0.4615,30,0.03058,20,-0.6429,20,-0.5676,35,0.28747,26,-0.1703,43,0.89488
ENSG00000133835,HSD17B4,120,0.60918,176,1.24019,112,0.49995,33,-1.3881,65,-0.3921,43,-0.9894,69,-0.2715,64,-0.3853,80,-0.0528
ENSG00000205302,SNX2,38,-0.4513,51,0.02732,71,0.52976,22,-1.2168,39,-0.4162,74,0.60973,75,0.62972,36,-0.5324,53,0.08817
ENSG00000064652,SNX24,2,-2.9802,33,1.20264,10,-0.6723,31,1.10205,12,-0.3860,9,-0.8596,20,0.35980,8,-0.9622,16,0.10573
ENSG00000151292,CSNK1G3,2,-4.0006,23,-0.4769,41,0.37019,28,-0.1827,24,-0.5068,48,0.62142,42,0.41775,34,0.11241,38,0.35743
ENSG00000155324,GRAMD2B,2,-3.6999,85,1.53949,176,3.02402,9,-1.9407,39,0.25996,30,-0.1316,7,-2.2069,10,-1.7309,8,-2.3211
ENSG00000164904,ALDH7A1,113,0.74827,161,1.34135,169,1.41838,4,-4.1427,90,0.42252,60,-0.2616,15,-2.3068,45,-0.6983,44,-0.9252
ENSG00000164902,PHAX,2,-4.8375,66,0.21903,81,0.53768,93,0.76341,45,-0.3952,75,0.42423,53,-0.1305,57,-0.0262,58,0.00489
ENSG00000164241,C5orf63,82,-0.3238,73,-0.4924,28,-1.9146,70,-0.5599,272,1.94434,196,1.07023,19,-2.4948,105,0.05692,50,-1.3147
ENSG00000145794,MEGF10,2,-2.3988,43,2.42511,37,2.11102,0,-3.9557,17,0.82091,6,-0.7850,4,-1.2942,1,-2.6977,2,-2.5522
ENSG00000164244,PRRC1,26,1.29370,21,0.88045,0,-4.4445,14,0.31448,14,0.36366,12,0.02119,6,-0.9853,1,-3.0884,11,-0.1784
ENSG00000205279,CTXN3,55,0.54767,2,-4.2213,0,-9.1205,4,-3.2373,19,-1.1544,47,0.28038,27,-0.5710,7,-2.4595,82,2.01631
ENSG00000245937,LINC01184,2,-3.0326,32,1.07298,3,-2.3235,1,-3.3555,24,0.70666,13,-0.2818,19,0.22977,3,-2.3009,22,0.69047
ENSG00000064651,SLC12A2,6,-3.3420,377,3.29483,124,1.07067,13,-2.3688,50,-0.4129,28,-1.2611,37,-0.8232,24,-1.4723,31,-1.3413
ENSG00000066583,ISOC1,2,-3.1864,26,0.56038,4,-2.2645,74,2.43260,11,-0.8508,13,-0.5150,26,0.56464,18,0.00950,13,-0.6530
ENSG00000169567,HINT1,396,-1.2030,567,-0.6640,475,-0.9321,772,-0.1915,745,-0.2673,734,-0.2709,1429,0.78872,1333,0.67360,1040,0.37875
ENSG00000186687,LYRM7,2,-4.1385,56,0.39911,22,-1.0042,39,-0.1698,39,-0.2046,60,0.50311,39,-0.1961,56,0.37339,54,0.46540
ENSG00000158985,CDC42SE2,142,0.22126,123,-0.0108,68,-0.9167,54,-1.2421,103,-0.3054,160,0.40812,162,0.42759,190,0.68494,125,0.02910
ENSG00000158987,RAPGEF6,2,-3.0932,28,0.80331,20,0.27645,0,-4.2905,19,0.18247,27,0.71903,13,-0.4486,22,0.42804,17,0.06530
ENSG00000217128,FNIP1,2,-3.4777,47,1.20188,45,1.12676,0,-4.9499,12,-0.9368,35,0.71760,29,0.40842,13,-0.7986,23,0.09899
ENSG00000164398,ACSL6,2,-5.7440,21,-2.4524,149,0.50173,119,0.14417,115,0.10648,127,0.24726,123,0.20734,166,0.67986,118,0.17637
ENSG00000072682,P4HA2,2,-2.5934,6,-1.0529,8,-0.6602,4,-1.5768,11,-0.0703,20,0.78112,20,0.81610,13,0.10222,15,0.50987
ENSG00000131435,PDLIM4,2,-2.1846,17,1.01032,28,1.87764,0,-3.7439,18,1.21063,0,-7.4581,15,0.80481,2,-2.0830,4,-1.2807
ENSG00000113522,RAD50,2,-4.4838,53,0.24391,52,0.23498,70,0.69459,54,0.31350,75,0.80733,46,0.05254,25,-0.8792,38,-0.3103
ENSG00000131437,KIF3A,119,-0.9136,65,-1.8103,92,-1.2908,192,-0.1816,143,-0.6819,306,0.55537,309,0.57085,258,0.28140,295,0.70446
ENSG00000164402,SEPTIN8,52,-2.1175,770,2.21563,308,0.59212,93,-1.2500,164,-0.4228,211,-0.0060,178,-0.2744,217,0.03814,150,-0.6786
ENSG00000198944,SOWAHA,138,0.85985,26,-1.7205,62,-0.4071,47,-0.8328,77,-0.0833,123,0.66820,28,-1.5968,67,-0.2865,101,0.50010
ENSG00000164403,SHROOM1,2,-2.7008,76,3.25127,22,0.84118,0,-4.2547,14,0.19498,6,-1.1094,8,-0.6767,7,-0.9823,4,-1.8289
ENSG00000164405,UQCRQ,560,-0.2848,540,-0.3412,520,-0.4007,596,-0.1900,752,0.19059,410,-0.7623,781,0.23196,850,0.36742,748,0.22535
ENSG00000072364,AFF4,2,-4.6396,57,0.21381,80,0.74080,49,-0.0254,42,-0.2995,52,0.05728,53,0.09366,54,0.11600,55,0.19771
ENSG00000155329,ZCCHC10,2,-3.3200,25,0.36420,13,-0.5964,93,2.70770,21,0.12325,23,0.25629,12,-0.6916,3,-2.4750,11,-1.1129
ENSG00000170606,HSPA4,2,-5.3647,70,-0.2639,102,0.32347,109,0.42185,59,-0.5625,95,0.21512,117,0.53875,101,0.30693,92,0.20635
ENSG00000113583,C5orf15,68,0.97249,57,0.67027,45,0.30558,47,0.38188,15,-1.4590,45,0.30797,36,-0.0405,17,-1.2024,34,-0.1528
ENSG00000213585,VDAC1,148,-1.0478,87,-1.8396,177,-0.7753,217,-0.4716,187,-0.7455,345,0.25081,580,1.10038,362,0.32528,384,0.59223
ENSG00000113558,SKP1,864,0.13816,644,-0.3190,667,-0.2645,793,0.00513,602,-0.4554,776,-0.0293,1109,0.53715,711,-0.1644,878,0.22377
ENSG00000113575,PPP2CA,228,-0.2054,119,-1.1904,168,-0.6749,294,0.19256,153,-0.8729,313,0.29067,482,0.99581,268,0.04855,301,0.31564
ENSG00000119048,UBE2B,76,-1.0387,87,-0.8369,85,-0.8727,92,-0.7603,110,-0.5235,187,0.33535,254,0.83051,147,-0.0363,203,0.67096
ENSG00000237190,CDKN2AIPNL,67,0.62955,26,-0.8272,12,-1.9226,30,-0.5956,31,-0.5823,34,-0.4342,68,0.65658,48,0.11428,59,0.59664
ENSG00000043143,JADE2,2,-4.3049,27,-0.5685,36,-0.1475,48,0.29116,32,-0.3381,16,-1.3388,52,0.41839,40,-0.0044,58,0.85443
ENSG00000152700,SAR1B,73,0.51287,138,1.59895,74,0.54613,28,-0.9294,41,-0.4247,32,-0.7621,36,-0.5831,49,-0.1141,43,-0.4038
ENSG00000113615,SEC24A,69,2.59355,12,-0.4476,10,-0.7246,0,-4.5206,10,-0.6621,27,0.84006,17,0.16301,2,-2.7184,11,-0.6108
ENSG00000164615,CAMLG,3,-6.0879,83,-1.4364,150,-0.5527,240,0.18167,152,-0.5722,206,-0.0627,400,1.00726,205,-0.0676,299,0.75629
ENSG00000145833,DDX46,3,-3.0238,36,0.39882,45,0.72907,5,-2.3776,37,0.49284,35,0.33052,44,0.70032,15,-0.9318,27,-0.0937
ENSG00000181904,C5orf24,46,-0.1978,60,0.19326,76,0.57781,49,-0.1072,32,-0.8192,76,0.57596,50,-0.0714,28,-0.9264,59,0.23509
ENSG00000113621,TXNDC15,2,-4.3659,40,-0.0565,55,0.43752,22,-0.9279,33,-0.3840,85,1.16814,25,-0.7409,75,0.94255,42,0.03477
ENSG00000113648,H2AFY,39,-1.1390,54,-0.6364,36,-1.2458,92,0.18356,71,-0.2376,108,0.42258,105,0.39097,115,0.53678,94,0.28835
ENSG00000145824,CXCL14,38,-2.4947,3,-6.0871,263,0.41697,2,-6.3848,138,-0.6251,13,-4.0482,4,-5.5783,1451,3.88789,143,-0.6679
ENSG00000145832,SLC25A48,2,-2.4211,22,1.15754,63,3.27966,3,-1.7494,13,0.31513,6,-0.9225,0,-5.0493,0,-4.3964,4,-1.6585
ENSG00000120708,TGFBI,51,0.97905,0,-10.382,0,-8.6225,0,-5.3275,6,-2.1847,0,-9.4572,0,-7.2326,0,-5.9796,74,3.31997
ENSG00000113658,SMAD5,2,-3.0819,42,1.48124,27,0.74673,1,-3.7785,17,-0.0163,6,-1.4258,10,-0.7471,21,0.33727,19,0.26273
ENSG00000152377,SPOCK1,21,-3.5232,300,0.43479,145,-0.6944,463,1.15002,121,-1.0318,116,-1.0341,389,0.85676,344,0.65459,236,0.07361
ENSG00000146021,KLHL3,2,-3.0985,13,-0.4158,4,-1.9613,10,-0.7530,15,-0.1996,54,1.92982,15,-0.1441,7,-1.3294,21,0.48575
ENSG00000177733,HNRNPA0,2,-5.6344,81,-0.5226,105,-0.1264,74,-0.6675,91,-0.3647,173,0.66547,169,0.63059,124,0.13769,142,0.48803
ENSG00000031003,FAM13B,43,0.03287,21,-1.0720,53,0.35506,59,0.52557,34,-0.3698,55,0.41914,47,0.15014,54,0.38776,38,-0.2407
ENSG00000112981,NME5,3,-2.9231,7,-1.9237,12,-1.1709,1,-4.0902,30,0.22686,40,0.66432,54,1.14727,19,-0.4559,36,0.71539
ENSG00000112983,BRD8,78,0.69217,45,-0.1644,57,0.19564,66,0.43583,37,-0.5256,54,0.11241,52,0.06367,28,-0.8979,50,-0.0114
ENSG00000094880,CDC23,2,-3.3755,19,-0.1619,23,0.17756,1,-4.3888,17,-0.2989,31,0.62683,36,0.88917,34,0.76644,22,0.16119
ENSG00000120709,FAM53C,114,1.67714,18,-1.2661,33,-0.3522,3,-3.6826,36,-0.2393,35,-0.2670,35,-0.2540,49,0.25662,45,0.17604
ENSG00000120733,KDM3B,164,2.46712,39,-0.0439,23,-0.8254,27,-0.5759,26,-0.6780,26,-0.6335,17,-1.2726,24,-0.7289,36,-0.2092
ENSG00000132563,REEP2,266,0.72129,39,-2.1762,67,-1.3912,164,-0.0454,122,-0.5320,169,0.00475,196,0.23313,172,0.02472,219,0.58124
ENSG00000120738,EGR1,4,-4.0076,1,-5.8739,39,-0.7477,13,-2.2799,48,-0.4624,170,1.64231,96,0.65592,70,0.17120,83,0.61149
ENSG00000120705,ETF1,2,-4.7002,36,-0.5690,50,-0.0756,109,1.18246,46,-0.2288,58,0.15906,76,0.59508,31,-0.7963,57,0.17590
ENSG00000113013,HSPA9,185,-0.2449,159,-0.4741,208,-0.0614,235,0.12458,148,-0.6319,214,-0.0173,255,0.25262,333,0.68317,233,0.15508
ENSG00000044115,CTNNA1,2,-5.3958,340,2.30485,220,1.48530,66,-0.4665,90,0.00630,49,-0.9246,44,-1.0835,63,-0.5350,50,-1.1011
ENSG00000146006,LRRTM2,3,-3.4827,15,-1.2511,14,-1.3786,72,1.13606,28,-0.3838,113,1.95741,30,-0.2422,35,-0.0103,30,-0.3101
ENSG00000120725,SIL1,2,-3.4553,20,-0.1084,27,0.35143,17,-0.3438,17,-0.4459,52,1.40777,13,-0.7442,33,0.66481,21,-0.0519
ENSG00000120727,PAIP2,192,-0.1536,266,0.35896,182,-0.2341,262,0.33665,137,-0.7167,140,-0.6379,241,0.20353,338,0.75103,214,0.02484
ENSG00000170464,DNAJC18,62,0.66452,46,0.18194,25,-0.7430,59,0.58515,28,-0.5859,34,-0.2706,33,-0.3095,18,-1.2219,49,0.39126
ENSG00000131508,UBE2D2,49,-1.4983,146,0.15704,140,0.09829,123,-0.1027,116,-0.2186,141,0.10078,195,0.62489,68,-1.0018,155,0.34875
ENSG00000171604,CXXC5,68,-0.9683,189,0.60652,226,0.89466,70,-0.9423,96,-0.4937,111,-0.2297,180,0.52340,108,-0.2806,134,0.07566
ENSG00000146005,PSD2,39,-0.4127,58,0.22245,139,1.68039,10,-2.3298,68,0.50347,37,-0.4942,17,-1.6209,41,-0.3133,45,-0.2260
ENSG00000185129,PURA,2,-4.5326,88,1.02017,69,0.63429,28,-0.7820,52,0.19635,46,-0.0051,28,-0.7554,88,1.02384,38,-0.4145
ENSG00000182700,IGIP,43,-1.0772,67,-0.4035,51,-0.8079,167,1.04666,69,-0.3861,83,-0.0803,75,-0.2418,117,0.45416,99,0.25743
ENSG00000120306,CYSTM1,2,-5.0580,59,-0.2228,121,0.91509,58,-0.2444,97,0.62355,46,-0.5996,88,0.39519,53,-0.3977,66,-0.0516
ENSG00000113068,PFDN1,2,-5.5240,99,0.09430,65,-0.5560,93,0.00017,95,0.03391,67,-0.4962,130,0.52491,117,0.35176,112,0.40223
ENSG00000131503,ANKHD1,2,-4.1007,54,0.72272,25,-0.4740,11,-1.6608,36,0.05970,42,0.31684,38,0.15445,39,0.18212,41,0.38587
ENSG00000213523,SRA1,66,0.49819,37,-0.4069,82,0.85133,18,-1.4788,42,-0.2416,42,-0.2011,48,0.00150,41,-0.2353,52,0.16032
ENSG00000113108,APBB3,2,-4.2030,12,-1.6026,21,-0.8277,50,0.48412,19,-1.0637,54,0.58680,50,0.46878,49,0.42660,51,0.72889
ENSG00000176087,SLC35A4,2,-2.8908,29,1.10133,27,0.94745,0,-4.4434,17,0.20501,5,-1.5507,5,-1.5627,13,-0.1993,19,0.57843
ENSG00000170458,CD14,2,-2.4360,9,-0.2662,26,1.42329,0,-3.9926,25,1.57751,3,-1.9537,10,-0.1325,8,-0.3819,8,-0.5848
ENSG00000131495,NDUFA2,272,0.13585,213,-0.2415,298,0.27904,182,-0.4868,255,0.03646,177,-0.5283,241,-0.0508,244,-0.0358,276,0.21872
ENSG00000113141,IK,38,-0.9078,95,0.49445,101,0.58873,101,0.57778,62,-0.1930,69,-0.0077,60,-0.2372,66,-0.0890,63,-0.2072
ENSG00000120314,WDR55,47,2.02995,10,-0.4347,17,0.29309,3,-2.2735,14,-0.0305,2,-2.9517,10,-0.4989,3,-2.1553,16,0.22976
ENSG00000170445,HARS,180,1.55919,27,-1.4321,35,-1.0347,13,-2.4595,50,-0.5590,82,0.25345,100,0.56331,74,0.09910,74,0.12910
ENSG00000112855,HARS2,2,-2.5901,13,0.14405,26,1.23048,1,-3.4400,8,-0.6176,20,0.83946,14,0.28197,5,-1.2393,14,0.39623
ENSG00000146007,ZMAT2,66,-1.1097,87,-0.7018,89,-0.6651,135,-0.0252,134,-0.0395,170,0.33799,211,0.69076,168,0.32144,147,0.14816
ENSG00000120327,PCDHB14,2,-2.5249,5,-1.1384,0,-7.3790,24,1.19880,8,-0.5711,20,0.89399,14,0.27042,6,-0.9078,15,0.65193
ENSG00000178913,TAF7,26,-1.9573,88,-0.1553,120,0.33922,38,-1.4179,73,-0.4608,111,0.21972,148,0.67078,211,1.26694,93,-0.0907
ENSG00000131504,DIAPH1,2,-2.8408,5,-1.5848,11,-0.4168,0,-4.1877,23,0.86279,32,1.32677,15,0.11106,15,0.03590,15,0.05256
ENSG00000171720,HDAC3,2,-3.6716,15,-0.7512,9,-1.5983,29,0.22374,13,-1.0204,31,0.29737,29,0.17640,36,0.55290,38,0.94270
ENSG00000164620,RELL2,4,-3.2936,2,-4.1627,3,-3.5281,56,0.47014,25,-0.8233,26,-0.7187,59,0.53891,51,0.30309,73,1.36460
ENSG00000081791,DELE1,2,-3.2929,31,0.73755,43,1.25317,23,0.24989,24,0.34520,17,-0.1897,14,-0.5110,18,-0.1265,15,-0.5586
ENSG00000013561,RNF14,9,-2.3324,27,-0.8173,31,-0.5893,52,0.17394,34,-0.5038,42,-0.1542,69,0.62192,82,0.91174,55,0.38750
ENSG00000113552,GNPDA1,2,-4.2207,17,-1.1460,22,-0.7856,62,0.79912,22,-0.8697,54,0.56710,61,0.77824,41,0.13741,46,0.44590
ENSG00000131507,NDFIP1,711,0.03574,197,-1.8952,382,-0.9165,739,0.09797,373,-1.0124,990,0.56255,1005,0.58791,975,0.53896,821,0.36260
ENSG00000187678,SPRY4,2,-2.9177,4,-1.7695,0,-7.7658,36,1.42209,13,-0.2207,18,0.26633,14,-0.1219,5,-1.4918,22,0.91730
ENSG00000113578,FGF1,41,-1.0514,393,2.81405,218,1.63338,21,-2.0270,97,0.30986,26,-1.7338,16,-2.4349,43,-0.9745,27,-1.9657
ENSG00000145819,ARHGAP26,104,0.81699,10,-2.6397,40,-0.6640,16,-2.0349,57,-0.1613,118,1.01764,88,0.55025,49,-0.3836,68,0.18652
ENSG00000113580,NR3C1,67,0.86733,55,0.53869,80,1.17051,7,-2.4267,36,-0.1138,50,0.39286,27,-0.5440,32,-0.2832,28,-0.6043
ENSG00000145817,YIPF5,152,1.81281,44,-0.2563,48,-0.0946,15,-1.8428,28,-0.9558,42,-0.3286,55,0.09941,61,0.26917,49,-0.1073
ENSG00000183775,KCTD16,2,-4.5840,3,-3.9502,9,-2.5064,73,0.65743,31,-0.7225,40,-0.2705,29,-0.7861,82,0.84342,82,1.28834
ENSG00000133706,LARS,2,-4.9664,89,0.52130,46,-0.5125,147,1.36855,52,-0.3479,69,0.12063,51,-0.3416,67,0.08845,64,-0.0041
ENSG00000091009,RBM27,2,-3.5128,24,0.05656,25,0.16955,44,1.04979,27,0.27663,32,0.51851,12,-1.0107,23,0.00022,20,-0.2186
ENSG00000113649,TCERG1,2,-4.2983,20,-1.0289,33,-0.2763,49,0.35335,30,-0.4493,47,0.26316,35,-0.1744,81,1.16251,46,0.34952
ENSG00000156475,PPP2R2B,128,-0.3521,96,-0.7795,135,-0.2631,232,0.58250,123,-0.4461,178,0.16511,197,0.31972,187,0.24066,172,0.14501
ENSG00000113657,DPYSL3,25,-1.4653,98,0.58753,161,1.42715,102,0.65483,62,-0.1339,68,0.00262,59,-0.1960,81,0.28021,40,-1.0035
ENSG00000176049,JAKMIP2,2,-4.1132,47,0.48599,42,0.28542,37,0.08203,28,-0.3561,20,-0.8422,23,-0.6364,48,0.51879,44,0.53125
ENSG00000145868,FBXO38,2,-2.8124,18,0.38433,13,-0.0521,17,0.30641,11,-0.3768,8,-0.8966,24,0.83748,17,0.32941,15,0.16319
ENSG00000173210,ABLIM3,2,-3.2246,23,0.35000,22,0.29243,18,-0.0405,27,0.62489,38,1.14728,11,-0.8267,15,-0.3660,15,-0.4368
ENSG00000164284,GRPEL2,2,-2.7337,14,0.11302,1,-3.3146,1,-3.8075,12,-0.1044,13,-0.0242,7,-0.9166,15,0.21444,23,1.40061
ENSG00000145882,PCYOX1L,2,-3.3531,0,-4.8735,10,-0.9946,36,0.88724,12,-0.8664,31,0.66255,37,0.94223,24,0.25564,25,0.46152
ENSG00000113712,CSNK1A1,45,-1.5373,147,0.25764,121,-0.0496,104,-0.2888,102,-0.3366,139,0.17103,124,-0.0158,132,0.08516,152,0.42756
ENSG00000183111,ARHGEF37,31,0.84016,79,2.50502,27,0.60517,27,0.57361,16,-0.2576,12,-0.6750,8,-1.3052,2,-3.1604,6,-1.9566
ENSG00000113716,HMGXB3,2,-2.7359,14,0.11314,1,-2.9075,0,-4.2339,12,-0.1820,29,1.23509,20,0.62490,11,-0.3067,18,0.64756
ENSG00000182578,CSF1R,2,-3.6446,53,1.20134,91,2.18531,2,-3.5617,53,1.38089,6,-2.1370,12,-1.1392,13,-0.9169,10,-1.5466
ENSG00000113721,PDGFRB,2,-2.5373,3,-1.6804,66,3.16667,0,-4.0929,21,1.04050,4,-1.5276,6,-0.9405,4,-1.3628,5,-1.2839
ENSG00000011083,SLC6A7,2,-3.2555,0,-9.6352,12,-0.6667,0,-4.7990,13,-0.5582,31,0.77083,71,2.24835,25,0.44290,20,0.07317
ENSG00000070808,CAMK2A,93,-1.0706,7,-4.7451,40,-2.3124,111,-0.8064,214,0.22326,302,0.75693,242,0.39483,138,-0.4731,271,0.83868
ENSG00000070814,TCOF1,2,-3.4794,19,-0.2010,11,-1.0605,20,-0.1623,28,0.40273,42,1.00660,27,0.32449,22,0.01243,22,0.00232
ENSG00000019582,CD74,132,-0.5225,583,1.93677,494,1.62871,71,-1.4447,326,1.02599,58,-1.7341,39,-2.3252,117,-0.7082,65,-1.8586
ENSG00000164587,RPS14,939,0.03614,1759,1.05381,1303,0.55758,616,-0.6129,1187,0.45124,629,-0.5803,662,-0.5041,757,-0.2976,721,-0.4772
ENSG00000070614,NDST1,2,-3.6787,65,1.52898,57,1.28348,6,-2.1927,29,0.21853,33,0.38381,18,-0.5610,22,-0.2596,18,-0.6401
ENSG00000171992,SYNPO,126,0.42458,5,-4.3131,19,-2.4132,40,-1.3227,130,0.51503,224,1.37838,110,0.20152,131,0.48643,85,-0.2556
ENSG00000086589,RBM22,2,-4.1375,58,0.78708,70,1.10148,36,0.02294,23,-0.6944,61,0.87519,34,-0.0648,37,0.08727,29,-0.4065
ENSG00000132912,DCTN4,27,-1.3554,91,0.47835,92,0.48975,70,0.04977,49,-0.5316,78,0.22273,89,0.44374,65,-0.0443,66,-0.0295
ENSG00000211445,GPX3,2,-3.8214,4,-2.7616,8,-1.9320,85,1.78554,16,-0.9371,0,-6.6733,28,-0.0618,26,-0.1802,48,1.21307
ENSG00000145901,TNIP1,2,-3.8071,26,-0.0921,22,-0.3890,58,1.15951,26,-0.1503,15,-0.9774,30,0.09027,19,-0.5673,35,0.51678
ENSG00000197043,ANXA6,399,0.54785,38,-2.9773,97,-1.6095,136,-1.1176,163,-0.8956,365,0.40299,603,1.23623,389,0.50730,330,0.33409
ENSG00000196743,GM2A,89,2.03530,73,1.66410,68,1.53730,0,-5.2854,19,-0.5457,13,-1.0154,15,-0.8630,5,-2.4178,11,-1.5718
ENSG00000123643,SLC36A1,2,-2.5431,2,-2.4299,8,-0.5083,2,-2.1342,7,-0.8196,22,1.00661,14,0.26216,22,0.98925,16,0.74610
ENSG00000113140,SPARC,141,-0.5418,569,1.74486,787,2.37428,77,-1.4375,184,-0.1463,67,-1.6530,41,-2.3643,61,-1.7795,123,-0.9271
ENSG00000177556,ATOX1,149,-0.7226,309,0.40396,289,0.29658,241,0.01437,219,-0.1503,192,-0.3367,254,0.09562,342,0.56528,224,-0.1363
ENSG00000145907,G3BP1,2,-4.2737,57,0.61239,50,0.38833,38,-0.0323,35,-0.1559,50,0.41056,46,0.25307,27,-0.5691,41,0.11859
ENSG00000155511,GRIA1,89,-0.6693,4,-5.0739,31,-2.2376,552,2.40606,69,-1.1142,137,-0.0128,128,-0.1132,126,-0.1463,148,0.13962
ENSG00000164576,SAP30L,2,-3.3913,43,1.13857,11,-0.9865,26,0.34206,23,0.19159,15,-0.4924,8,-1.3790,25,0.26387,24,0.28528
ENSG00000155506,LARP1,46,-1.7487,83,-0.8945,99,-0.6227,200,0.46569,155,0.06354,222,0.63688,197,0.43991,125,-0.2725,164,0.19930
ENSG00000170271,FAXDC2,53,0.43646,168,2.47725,97,1.43103,9,-2.2244,43,0.12473,16,-1.3815,3,-3.7771,35,-0.2107,14,-1.8307
ENSG00000155508,CNOT8,5,-2.5058,35,0.24454,27,-0.1821,10,-1.6372,31,0.06673,52,0.86187,42,0.51862,18,-0.8099,35,0.32511
ENSG00000082516,GEMIN5,2,-2.4757,11,0.04343,5,-1.0571,16,0.61050,9,-0.3887,16,0.62493,9,-0.2407,10,-0.1041,14,0.47056
ENSG00000082515,MRPL22,50,0.29642,46,0.16103,49,0.27679,50,0.30599,32,-0.3981,37,-0.1746,38,-0.1363,19,-1.1538,45,0.21464
ENSG00000155868,MED7,96,1.96652,10,-1.5646,22,-0.4800,54,0.96204,14,-1.2374,30,0.00403,13,-1.2724,18,-0.7839,29,-0.0342
ENSG00000055163,CYFIP2,191,-0.8210,38,-3.1948,158,-1.0985,392,0.28942,229,-0.5857,555,0.85470,377,0.22848,373,0.21358,424,0.58474
ENSG00000155858,LSM11,43,1.00930,3,-2.6540,3,-2.8619,17,-0.4117,20,-0.2288,10,-1.2148,45,1.08854,18,-0.3101,29,0.52772
ENSG00000113282,CLINT1,2,-3.8661,21,-0.4743,13,-1.2287,28,-0.0443,18,-0.7568,37,0.37948,56,1.03545,31,0.10367,39,0.61857
ENSG00000145860,RNF145,2,-4.8320,46,-0.6871,33,-1.1692,24,-1.6538,47,-0.6834,111,0.70680,114,0.74054,128,0.93557,94,0.61629
ENSG00000164332,UBLCP1,2,-5.1456,52,-0.4830,64,-0.1768,87,0.31534,44,-0.7739,85,0.28015,100,0.53436,110,0.69182,85,0.36754
ENSG00000113312,TTC1,17,-2.6337,110,0.12842,86,-0.2517,43,-1.2931,85,-0.2940,111,0.14188,172,0.85194,170,0.82732,109,0.16165
ENSG00000170234,PWWP2A,2,-2.8026,30,1.25112,23,0.76503,3,-2.1613,12,-0.1663,20,0.56992,15,0.15461,4,-1.8085,14,0.10030
ENSG00000170231,FABP6,2,-3.6955,9,-1.6214,12,-1.0879,3,-3.1314,52,1.28650,19,-0.4899,37,0.57045,25,-0.0589,31,0.41841
ENSG00000164609,SLU7,2,-5.5331,91,-0.0341,46,-1.0615,60,-0.6709,100,0.11593,131,0.53077,113,0.30432,168,0.93850,101,0.15955
ENSG00000164611,PTTG1,2,-3.0258,3,-2.4930,3,-2.1884,31,1.03028,11,-0.6825,0,-4.2562,16,-0.0415,8,-1.1111,32,1.71732
ENSG00000145864,GABRB2,2,-6.3995,5,-5.0959,38,-2.2861,87,-1.0826,113,-0.7328,285,0.76312,204,0.22831,182,0.04855,317,1.46598
ENSG00000022355,GABRA1,144,-1.0007,5,-5.7382,70,-2.0732,27,-3.4485,133,-1.1888,374,0.47478,430,0.70180,458,0.80328,457,1.21316
ENSG00000280776,LINC01202,14,0.07430,0,-5.3415,0,-7.6211,0,-4.3234,4,-1.8198,0,-8.2925,36,1.61806,31,1.33753,22,1.08806
ENSG00000113327,GABRG2,68,-1.1871,6,-4.6874,16,-3.2978,138,-0.1150,75,-1.0938,160,0.11259,294,1.10858,169,0.20806,232,1.05643
ENSG00000113328,CCNG1,49,1.12065,43,0.90112,26,0.11128,18,-0.4684,20,-0.3015,10,-1.3579,30,0.34273,17,-0.5829,21,-0.3076
ENSG00000170584,NUDCD2,6,-2.8958,143,1.92657,53,0.24503,27,-0.7598,33,-0.5048,44,-0.0387,39,-0.2121,60,0.45284,37,-0.3886
ENSG00000038274,MAT2B,80,0.22506,44,-0.6949,43,-0.7140,60,-0.2318,50,-0.5370,90,0.40815,100,0.57265,54,-0.3881,83,0.38115
ENSG00000145934,TENM2,39,0.04805,1,-4.3890,6,-2.7426,42,0.14483,24,-0.7740,14,-1.4951,53,0.50992,42,0.15249,63,1.19524
ENSG00000113645,WWC1,2,-3.5614,27,0.19126,33,0.53098,20,-0.2247,30,0.39043,41,0.88778,15,-0.7033,10,-1.3336,25,0.11765
ENSG00000113643,RARS,37,-0.1286,12,-1.7325,12,-1.7810,34,-0.2669,30,-0.4837,63,0.72734,54,0.45986,66,0.78934,46,0.28473
ENSG00000188573,FBLL1,2,-4.8667,0,-6.3162,24,-1.3319,131,1.30632,51,-0.2246,80,0.48115,85,0.58514,59,0.01622,70,0.37409
ENSG00000120137,PANK3,2,-4.7787,37,-0.6196,43,-0.3943,85,0.68477,37,-0.6605,51,-0.1079,73,0.44043,61,0.15164,73,0.62403
ENSG00000184347,SLIT3,2,-3.6391,0,-4.9614,8,-1.6867,14,-0.8998,25,-0.0103,62,1.49221,71,1.72652,14,-0.8500,26,0.07930
ENSG00000182132,KCNIP1,2,-4.3115,3,-3.4696,17,-1.2807,200,2.89159,26,-0.6858,10,-2.0435,5,-2.8790,142,2.16149,22,-1.1283
ENSG00000181163,NPM1,88,-1.0245,268,0.70520,209,0.30403,89,-0.9987,141,-0.3322,211,0.32230,252,0.60224,161,-0.1056,170,-0.0320
ENSG00000072803,FBXW11,2,-5.5594,95,0.00515,68,-0.5054,165,0.87914,77,-0.3475,140,0.61009,112,0.25533,117,0.32002,96,0.01657
ENSG00000168246,UBTD2,65,2.14986,17,-0.1373,26,0.57724,25,0.50442,12,-0.6612,8,-1.2543,11,-0.7248,7,-1.3800,13,-0.5945
ENSG00000214357,NEURL1B,88,2.03729,4,-2.6525,23,-0.1885,38,0.58538,22,-0.2601,40,0.64687,10,-1.4107,5,-2.2880,22,-0.3514
ENSG00000120129,DUSP1,29,-0.3362,21,-0.7963,144,2.37164,0,-5.7309,35,-0.0561,6,-2.5009,39,0.11624,9,-2.0400,38,0.10460
ENSG00000113719,ERGIC1,2,-4.4293,28,-0.6449,59,0.48205,138,1.94652,30,-0.5818,39,-0.1644,28,-0.6607,41,-0.0763,42,-0.0708
ENSG00000037241,RPL26L1,2,-4.6718,36,-0.5393,37,-0.4973,63,0.33295,40,-0.3905,39,-0.4240,61,0.27045,55,0.10996,73,0.80817
ENSG00000113732,ATP6V0E1,5,-3.4995,138,1.40725,191,1.99762,58,-0.0228,69,0.28374,34,-0.8256,34,-0.8304,40,-0.5882,31,-1.1930
ENSG00000164463,CREBRF,2,-3.9557,48,0.68523,35,0.17975,110,2.14583,22,-0.5789,26,-0.2620,17,-0.9411,22,-0.5054,25,-0.4128
ENSG00000113734,BNIP1,2,-2.5288,10,-0.2090,10,-0.1829,27,1.37567,7,-0.7582,10,-0.1538,10,-0.2451,9,-0.3476,14,0.45408
ENSG00000145919,BOD1,45,0.16908,32,-0.3439,43,0.11167,42,0.08920,28,-0.5902,45,0.16687,55,0.49331,44,0.13203,40,-0.0066
ENSG00000113742,CPEB4,3,-4.4309,56,-0.2247,68,0.06172,85,0.42753,53,-0.3308,96,0.61740,63,-0.0591,94,0.58916,68,0.10673
ENSG00000170091,NSG2,370,-0.0085,22,-4.1682,95,-2.0519,478,0.39604,179,-1.1864,466,0.35443,495,0.45239,521,0.53257,509,0.70528
ENSG00000164466,SFXN1,40,-0.2430,18,-1.3885,60,0.39416,21,-1.1790,43,-0.1227,56,0.28479,58,0.34021,33,-0.5184,58,0.48509
ENSG00000113749,HRH2,2,-2.4635,0,-4.4184,0,-3.8216,13,0.29462,14,0.43684,15,0.47907,26,1.36507,6,-0.8519,13,0.34118
ENSG00000145920,CPLX2,10,-4.9542,17,-4.2504,96,-1.7616,120,-1.4253,393,0.42317,355,0.22022,298,-0.0558,637,1.17899,423,0.71274
ENSG00000051596,THOC3,28,-0.1246,13,-1.2916,10,-1.6324,33,0.13589,21,-0.5912,45,0.62552,57,1.01562,12,-1.4133,38,0.52385
ENSG00000122203,KIAA1191,65,-0.6688,38,-1.4711,69,-0.5813,121,0.29234,92,-0.1532,97,-0.0543,143,0.55899,117,0.23625,118,0.35305
ENSG00000175414,ARL10,2,-3.0106,10,-0.6805,0,-5.8096,10,-0.6760,14,-0.2643,26,0.76857,20,0.33845,16,0.02371,24,0.93904
ENSG00000048162,NOP16,2,-3.2843,11,-0.8543,4,-2.2076,8,-1.2619,16,-0.3173,33,0.82101,43,1.26602,16,-0.3287,26,0.65268
ENSG00000146066,HIGD2A,51,-1.3050,123,0.02148,148,0.30811,103,-0.2491,128,0.09335,105,-0.2294,131,0.11372,127,0.06914,134,0.20274
ENSG00000175416,CLTB,118,-0.9782,106,-1.1348,123,-0.9207,200,-0.1771,175,-0.4134,219,-0.0351,302,0.47473,462,1.17595,258,0.30520
ENSG00000113194,FAF2,2,-3.3500,20,-0.0263,14,-0.5365,5,-1.8849,21,0.05281,31,0.63335,21,0.05572,13,-0.6595,29,0.80383
ENSG00000146083,RNF44,31,-0.5095,19,-1.2243,19,-1.2664,99,1.32236,34,-0.4171,43,-0.0232,58,0.44308,49,0.18182,46,0.08623
ENSG00000169258,GPRIN1,2,-4.2360,2,-4.1512,19,-1.0667,77,1.14843,30,-0.4009,82,1.25676,45,0.26594,37,-0.0161,42,0.22861
ENSG00000074317,SNCB,237,-0.8150,16,-4.7661,57,-2.9206,470,0.23865,310,-0.4375,458,0.19695,737,0.97096,434,0.11282,555,0.72015
ENSG00000048140,TSPAN17,2,-3.3901,7,-1.5576,16,-0.4294,16,-0.3720,17,-0.2925,22,0.08956,45,1.22293,23,0.12500,27,0.51828
ENSG00000113763,UNC5A,2,-4.3749,1,-5.4589,5,-3.0533,4,-3.2827,25,-0.8346,94,1.32677,103,1.48726,64,0.67098,55,0.60743
ENSG00000113761,ZNF346,2,-2.5309,2,-2.5114,14,0.31455,31,1.61048,11,-0.0055,27,1.40390,14,0.29821,0,-3.7010,9,-0.4827
ENSG00000165671,NSD1,24,0.43413,19,0.08882,26,0.57373,11,-0.7327,22,0.31443,20,0.12763,16,-0.1909,8,-1.2275,17,-0.1285
ENSG00000169228,RAB24,2,-3.1859,8,-1.1273,7,-1.3517,47,1.54072,6,-1.6227,16,-0.1563,21,0.19408,23,0.37930,25,0.68810
ENSG00000169230,PRELID1,14,-3.0659,83,-0.4496,107,-0.0732,135,0.30296,89,-0.3733,114,0.02798,151,0.47600,162,0.58735,127,0.27353
ENSG00000169223,LMAN2,17,-1.6242,55,0.12006,80,0.72193,64,0.36731,44,-0.2622,53,0.05167,60,0.26503,58,0.20029,47,-0.1699
ENSG00000169220,RGS14,2,-3.9127,3,-3.3265,5,-2.6431,0,-5.1728,40,0.47339,49,0.77258,62,1.16778,30,-0.0193,40,0.65045
ENSG00000131187,F12,2,-3.4453,1,-4.3381,1,-4.4737,1,-3.9050,30,0.55359,47,1.23938,37,0.82211,31,0.53405,26,0.38907
ENSG00000198055,GRK6,2,-3.6635,7,-1.8815,22,-0.1959,31,0.32633,20,-0.4188,23,-0.1164,42,0.80230,23,-0.1557,35,0.71223
ENSG00000131188,PRR7,2,-3.9728,17,-0.9579,23,-0.4844,0,-5.3591,25,-0.3452,38,0.30016,54,0.86823,35,0.17837,47,0.93206
ENSG00000113758,DBN1,115,0.91500,15,-2.1194,21,-1.6659,35,-0.9500,44,-0.6298,123,1.03432,67,0.05840,64,-0.0099,78,0.40967
ENSG00000196923,PDLIM7,2,-2.9688,4,-1.9616,9,-0.7902,13,-0.2229,19,0.38088,35,1.32536,21,0.46157,8,-0.9135,18,0.25406
ENSG00000183258,DDX41,2,-4.2682,16,-1.2896,29,-0.4355,21,-0.9211,45,0.26422,47,0.28844,21,-0.8866,31,-0.3318,61,1.08744
ENSG00000146067,FAM193B,39,1.10971,11,-0.8226,23,0.27233,22,0.20864,20,0.09472,19,-0.0532,21,0.16076,10,-1.0173,16,-0.3271
ENSG00000184840,TMED9,122,0.60182,76,-0.1420,90,0.12138,83,-0.0052,61,-0.5302,98,0.25693,91,0.13960,73,-0.2047,82,-0.0261
ENSG00000027847,B4GALT7,2,-3.7215,11,-1.2959,14,-0.9859,43,0.75424,10,-1.4439,26,-0.0452,18,-0.5976,68,1.54275,35,0.65890
ENSG00000204677,FAM153CP,2,-3.1748,12,-0.5745,3,-2.6065,0,-4.6669,24,0.50429,38,1.20944,18,0.00979,13,-0.4741,25,0.70722
ENSG00000145916,RMND5B,44,0.35287,25,-0.4946,21,-0.7828,49,0.52108,25,-0.5734,38,0.11369,37,0.06236,58,0.78258,34,-0.0666
ENSG00000145912,NHP2,3,-5.7562,148,-0.3070,204,0.19382,128,-0.5206,173,-0.0681,221,0.32072,273,0.66377,222,0.33212,199,0.21170
ENSG00000197451,HNRNPAB,3,-4.1700,57,-0.0106,65,0.21663,95,0.81559,46,-0.3395,60,0.07992,75,0.43047,80,0.53858,53,-0.1410
ENSG00000113240,CLK4,2,-3.2234,29,0.68672,5,-1.8738,16,-0.1907,16,-0.2630,20,0.13357,16,-0.2345,32,0.86763,22,0.39678
ENSG00000176783,RUFY1,38,1.41447,15,-0.1085,24,0.63762,7,-1.2061,20,0.43046,18,0.20674,12,-0.4253,2,-2.8567,12,-0.4731
ENSG00000169045,HNRNPH1,3,-5.1017,132,0.51869,141,0.62862,20,-2.3336,103,0.13735,61,-0.6650,94,-0.0125,158,0.81855,105,0.20975
ENSG00000127022,CANX,196,-0.5965,377,0.41561,489,0.84163,382,0.43801,224,-0.4273,274,-0.0864,233,-0.3380,320,0.15474,261,-0.2089
ENSG00000213316,LTC4S,2,-1.7843,15,1.31176,8,0.29897,0,-3.3490,18,1.81422,4,-0.7359,2,-1.3715,1,-2.3006,5,-0.6698
ENSG00000161013,MGAT4B,183,2.10118,21,-1.3814,33,-0.7105,23,-1.2330,33,-0.7629,79,0.62892,41,-0.4055,28,-0.9729,54,0.02963
ENSG00000161011,SQSTM1,141,-0.7077,310,0.52067,388,0.88750,85,-1.4531,184,-0.3274,193,-0.2302,282,0.36545,300,0.46773,209,-0.1331
ENSG00000161010,MRNIP,2,-3.2146,18,-0.0479,27,0.61820,16,-0.1731,15,-0.3207,17,-0.1439,15,-0.3014,19,0.01290,24,0.56191
ENSG00000197226,TBC1D9B,74,-0.0769,125,0.75301,100,0.38257,56,-0.5186,65,-0.2983,95,0.30655,71,-0.1404,59,-0.4335,76,-0.0523
ENSG00000113269,RNF130,27,-2.2531,446,2.20890,174,0.54734,107,-0.2197,111,-0.1767,173,0.53523,62,-1.0403,132,0.10448,64,-1.2023
ENSG00000146090,RASGEF1C,2,-2.5646,7,-0.6518,23,1.05393,10,-0.2927,7,-0.8207,51,2.55736,9,-0.3912,11,-0.1132,6,-1.1089
ENSG00000050748,MAPK9,116,-0.3326,34,-2.1721,77,-0.9568,221,0.68006,98,-0.6338,240,0.81809,233,0.76749,191,0.44797,141,-0.0419
ENSG00000113300,CNOT6,2,-2.6286,24,1.04706,12,0.02336,29,1.37439,14,0.25312,7,-0.8818,5,-1.1650,2,-2.3576,12,0.02145
ENSG00000131446,MGAT1,2,-3.9096,28,-0.1309,56,0.99616,0,-5.4527,32,0.09405,35,0.24379,22,-0.4942,63,1.17830,31,0.03223
ENSG00000278970,HEIH,2,-3.5726,36,0.67051,19,-0.3039,50,1.20184,23,-0.0182,20,-0.2815,23,-0.0604,26,0.16952,21,-0.2229
ENSG00000245060,LINC00847,2,-2.3312,40,2.37150,10,0.04041,1,-3.3628,6,-0.7299,10,0.06875,11,0.15568,7,-0.4106,9,-0.2479
ENSG00000250222,AC008443.5,9,-1.6297,30,0.06421,36,0.35127,13,-1.2030,40,0.57986,30,0.07434,26,-0.1265,39,0.47949,27,-0.0992
ENSG00000146063,TRIM41,87,1.81038,33,0.19750,56,1.02004,2,-3.5410,31,0.08145,16,-0.9025,16,-0.9115,19,-0.6323,23,-0.5130
ENSG00000204628,RACK1,244,-0.2671,487,0.82815,469,0.76660,229,-0.3700,280,-0.0633,248,-0.2466,204,-0.5455,344,0.26479,248,-0.3185
ENSG00000248275,TRIM52-AS1,10,-0.9344,24,0.36246,29,0.64537,36,1.01131,17,-0.1578,20,0.12156,7,-1.3998,9,-1.0165,19,0.00800
ENSG00000112679,DUSP22,95,1.73821,40,0.26864,18,-0.9670,0,-5.6054,20,-0.8498,18,-0.9343,41,0.30622,18,-0.9097,41,0.45955
ENSG00000112685,EXOC2,2,-3.1745,24,0.46498,17,-0.0573,0,-4.7242,16,-0.1665,20,0.15652,27,0.65172,23,0.38061,22,0.41672
ENSG00000112699,GMDS,2,-3.3070,4,-2.3023,2,-3.1792,41,1.15815,17,-0.2224,19,-0.0849,21,0.10799,22,0.16849,28,0.78324
ENSG00000124535,WRNIP1,2,-4.7498,30,-0.8840,77,0.56409,45,-0.2927,25,-1.2175,86,0.73085,57,0.07435,81,0.63488,69,0.53108
ENSG00000021355,SERPINB1,2,-2.0194,29,2.17435,27,1.99115,0,-3.5808,11,0.50931,7,-0.2323,2,-1.7025,0,-4.7029,4,-1.3238
ENSG00000124570,SERPINB6,87,1.12009,128,1.79693,149,2.08828,11,-2.0179,50,0.23010,4,-3.3401,4,-3.4086,23,-0.9284,15,-1.8968
ENSG00000124588,NQO2,60,-0.0095,19,-1.6983,26,-1.2696,89,0.62454,47,-0.4080,37,-0.7213,107,0.91794,65,0.11412,71,0.36398
ENSG00000137274,BPHL,2,-2.9408,17,0.13910,3,-2.4560,10,-0.6633,15,-0.0225,14,-0.0746,24,0.73673,11,-0.5412,22,0.81618
ENSG00000137267,TUBB2A,763,-1.1899,82,-4.4444,571,-1.6215,1663,-0.0024,1040,-0.7743,2334,0.53531,3742,1.32579,2550,0.67956,1967,0.36098
ENSG00000137285,TUBB2B,95,-1.4092,125,-0.9944,353,0.61448,148,-0.7404,388,0.86515,178,-0.4582,114,-1.1288,270,0.18541,265,0.20994
ENSG00000180822,PSMG4,2,-3.2967,19,-0.0703,4,-2.1820,46,1.36462,21,0.11599,18,-0.1575,33,0.83251,12,-0.7829,20,0.04120
ENSG00000137266,SLC22A23,2,-3.8683,59,1.13445,27,-0.1146,40,0.50837,20,-0.6413,29,0.01320,40,0.50165,26,-0.1663,29,-0.0141
ENSG00000145945,FAM50B,59,1.07600,30,-0.0221,22,-0.4772,3,-3.2501,22,-0.5475,51,0.84054,39,0.39601,41,0.47341,26,-0.2902
ENSG00000112739,PRPF4B,2,-4.5029,59,0.40783,55,0.28693,50,0.14969,48,0.08675,43,-0.0761,50,0.13090,54,0.27785,46,0.01156
ENSG00000198721,ECI2,2,-3.9102,53,0.90246,45,0.64082,25,-0.2683,40,0.48662,14,-1.1217,30,0.00109,43,0.55932,25,-0.3863
ENSG00000153046,CDYL,42,1.66199,24,0.70006,24,0.72454,8,-0.9755,13,-0.2505,14,-0.1119,16,0.08911,5,-1.6548,10,-0.8389
ENSG00000214113,LYRM4,2,-4.1523,20,-0.8752,60,0.82234,2,-3.9695,34,-0.0840,24,-0.5793,46,0.39382,47,0.43063,49,0.69983
ENSG00000145982,FARS2,2,-2.4182,10,-0.0320,0,-4.1438,0,-3.9753,7,-0.5433,25,1.35612,16,0.66394,6,-0.7410,16,0.87143
ENSG00000124785,NRN1,72,-1.3430,11,-4.0843,14,-3.7391,15,-3.5600,135,-0.4238,170,-0.0409,494,1.73765,271,0.69911,238,0.69928
ENSG00000216863,LY86-AS1,2,-2.8532,1,-3.8970,0,-7.1459,2,-2.9126,8,-0.8951,4,-1.6478,33,1.34910,7,-0.9572,30,2.00170
ENSG00000112799,LY86,41,1.94133,26,1.15851,26,1.14817,1,-3.6395,17,0.51609,4,-1.5773,8,-0.7397,13,0.00200,3,-2.3520
ENSG00000124783,SSR1,2,-5.0983,108,0.70498,104,0.64388,147,1.22765,54,-0.3986,78,0.18430,42,-0.7507,58,-0.2676,63,-0.1937
ENSG00000124784,RIOK1,2,-2.9336,6,-1.3881,13,-0.1949,21,0.54332,16,0.06344,15,-0.0521,17,0.22146,19,0.30891,18,0.37743
ENSG00000239264,TXNDC5,2,-3.3670,42,0.87362,39,0.74048,2,-3.3346,21,-0.2498,26,0.07464,25,0.03201,29,0.25407,27,0.25715
ENSG00000124802,EEF1E1,26,-1.2525,48,-0.3409,29,-1.0960,1,-5.8566,38,-0.7437,44,-0.4899,85,0.53763,148,1.46988,82,0.68115
ENSG00000124786,SLC35B3,2,-2.5624,17,0.56132,11,-0.0478,28,1.40878,12,0.08426,8,-0.6198,13,0.15139,5,-1.2599,11,-0.1258
ENSG00000111845,PAK1IP1,91,2.51159,15,-0.5572,0,-5.6770,5,-2.0939,8,-1.5057,20,-0.0689,21,-0.0332,30,0.56024,20,-0.1571
ENSG00000111843,TMEM14C,23,-1.6505,107,0.65945,158,1.30620,35,-1.0830,80,0.20781,54,-0.4058,104,0.60958,61,-0.2334,55,-0.5137
ENSG00000137210,TMEM14B,33,-1.6671,105,0.05145,102,0.00020,212,1.19069,79,-0.4139,74,-0.4815,99,-0.0452,96,-0.0938,111,0.17830
ENSG00000197977,ELOVL2,2,-2.5693,20,0.82558,33,1.68755,17,0.59173,19,0.86925,7,-0.7092,3,-1.8638,5,-1.1502,7,-1.0384
ENSG00000224531,SMIM13,13,-2.8800,71,-0.3520,57,-0.6912,111,0.34141,54,-0.8258,117,0.42560,131,0.60276,65,-0.4859,123,0.70874
ENSG00000205269,TMEM170B,2,-4.3936,22,-0.9791,38,-0.1521,11,-1.9875,38,-0.1854,46,0.14706,53,0.35040,56,0.44882,61,0.84922
ENSG00000095951,HIVEP1,2,-2.7781,7,-1.0501,1,-2.9414,10,-0.3906,9,-0.6216,39,1.72546,21,0.70974,10,-0.3884,17,0.44707
ENSG00000112137,PHACTR1,2,-5.8761,14,-3.1054,53,-1.2072,25,-2.2920,148,0.38130,195,0.79908,168,0.54836,233,1.09021,139,0.33984
ENSG00000145979,TBC1D7,34,0.79554,14,-0.5715,6,-1.8610,7,-1.4622,16,-0.3978,25,0.32567,34,0.82571,10,-1.0427,26,0.49639
ENSG00000145990,GFOD1,2,-5.3862,10,-3.0765,20,-2.1039,97,0.22481,68,-0.3576,123,0.60263,119,0.54187,84,-0.0017,126,0.93187
ENSG00000124523,SIRT5,2,-3.5641,20,-0.2557,26,0.15618,39,0.81243,19,-0.3853,21,-0.2082,32,0.47069,12,-1.0286,29,0.48131
ENSG00000225921,NOL7,11,-2.8868,97,0.34028,127,0.76762,21,-1.9786,89,0.22039,78,0.00332,80,0.02680,68,-0.2267,89,0.28860
ENSG00000010017,RANBP9,2,-5.0290,25,-1.4470,51,-0.3983,12,-2.4566,50,-0.4629,84,0.38513,109,0.80997,107,0.77610,91,0.74165
ENSG00000050393,MCUR1,43,-0.0112,38,-0.1803,39,-0.1478,1,-5.1413,46,0.10315,53,0.31897,69,0.73961,38,-0.2085,47,0.18622
ENSG00000180537,RNF182,2,-2.5661,2,-2.1203,26,1.27178,0,-4.0408,12,0.00496,7,-0.7707,27,1.31122,5,-1.2557,15,0.51748
ENSG00000112149,CD83,2,-3.8306,5,-2.4064,15,-1.0039,12,-1.2825,16,-0.8773,12,-1.2500,56,1.07005,46,0.74717,48,1.22853
ENSG00000008083,JARID2,2,-2.6440,19,0.65013,0,-3.9741,1,-3.4308,12,-0.0757,8,-0.6395,15,0.28749,14,0.14888,20,1.07434
ENSG00000047579,DTNBP1,2,-4.1170,21,-0.7613,3,-3.3375,29,-0.2657,41,0.28061,13,-1.4352,61,0.89903,32,-0.1443,52,0.93833
ENSG00000007944,MYLIP,51,1.30122,41,0.92962,6,-1.8389,0,-5.0704,14,-0.7374,8,-1.5813,31,0.47698,10,-1.1793,30,0.60031
ENSG00000124788,ATXN1,2,-4.7054,48,-0.1307,57,0.13695,49,-0.0939,45,-0.2611,100,1.04074,50,-0.0888,55,0.06660,58,0.20472
ENSG00000112186,CAP2,9,-4.6434,9,-4.6269,29,-3.0405,167,-0.4713,119,-1.0480,356,0.71611,335,0.61589,202,-0.1833,402,1.42297
ENSG00000137414,FAM8A1,2,-4.4686,42,-0.1007,10,-2.2392,104,1.38932,28,-0.7310,35,-0.3666,54,0.31390,58,0.40748,54,0.43164
ENSG00000124789,NUP153,87,2.25663,20,-0.2372,18,-0.3785,14,-0.7514,15,-0.7054,31,0.44696,21,-0.1386,10,-1.2730,18,-0.5270
ENSG00000137177,KIF13A,2,-2.7072,47,2.18890,24,0.94757,34,1.59453,14,0.10153,2,-2.6815,1,-3.0277,2,-2.7602,7,-1.0750
ENSG00000137364,TPMT,2,-3.3450,16,-0.3331,4,-2.4556,41,1.12055,24,0.29355,9,-1.1832,15,-0.4045,17,-0.2350,28,0.69523
ENSG00000165097,KDM1B,2,-2.6979,14,0.18380,0,-6.8451,26,1.09391,11,-0.2950,17,0.41834,17,0.43863,8,-0.6174,15,0.38249
ENSG00000124795,DEK,61,0.19520,116,1.25291,86,0.74878,4,-3.7609,61,0.21964,53,-0.0279,36,-0.6130,41,-0.4066,45,-0.3603
ENSG00000172201,ID4,42,-0.8847,90,0.28234,472,3.48416,38,-1.0336,84,0.20622,40,-0.9605,7,-3.3687,28,-1.4555,22,-2.1469
ENSG00000112242,E2F3,27,1.14130,3,-2.1811,1,-3.1254,15,0.25936,13,-0.0217,14,0.08930,23,0.87808,4,-1.6754,14,0.18041
ENSG00000124766,SOX4,2,-2.1330,18,1.15077,3,-1.6561,0,-3.6929,11,0.40346,13,0.66518,6,-0.5407,4,-1.1126,11,0.53173
ENSG00000272168,CASC15,77,1.61805,16,-0.8750,12,-1.3093,21,-0.4661,18,-0.7982,33,0.19338,21,-0.5109,24,-0.2634,34,0.34986
ENSG00000152954,NRSN1,45,-1.1213,11,-3.2023,29,-1.7420,136,0.57595,80,-0.2667,78,-0.3019,124,0.43655,103,0.13249,135,0.82013
ENSG00000124532,MRS2,2,-3.1634,13,-0.4846,5,-1.8493,22,0.33700,17,-0.1221,11,-0.7048,36,1.10343,29,0.74130,20,0.28200
ENSG00000112294,ALDH5A1,43,-0.6059,40,-0.7063,19,-1.8121,102,0.74124,70,0.16553,55,-0.2352,53,-0.2995,63,-0.0314,79,0.46210
ENSG00000137261,KIAA0319,48,0.81472,3,-3.1693,9,-1.7002,13,-1.2061,22,-0.4113,21,-0.4889,64,1.29736,28,-0.0346,36,0.47325
ENSG00000111802,TDP2,37,-0.0959,30,-0.4317,22,-0.8971,28,-0.5007,32,-0.3187,36,-0.1189,64,0.79042,45,0.21339,46,0.33020
ENSG00000112304,ACOT13,2,-4.5880,39,-0.3256,46,-0.0892,13,-1.9892,55,0.21289,47,-0.0645,74,0.66863,40,-0.3009,65,0.66160
ENSG00000112308,C6orf62,203,0.49538,106,-0.5149,279,1.02124,95,-0.6726,122,-0.3268,131,-0.1917,120,-0.3236,109,-0.4713,160,0.15917
ENSG00000112312,GMNN,35,1.36845,8,-0.8605,65,2.55323,13,-0.1705,11,-0.5264,4,-1.9305,17,0.23649,1,-3.4732,7,-1.3175
ENSG00000111913,RIPOR2,53,-0.0595,1,-5.0496,15,-1.9564,191,2.12779,37,-0.6293,77,0.54712,61,0.16863,55,0.01353,46,-0.3504
ENSG00000079691,CARMIL1,2,-2.2440,4,-1.2789,1,-2.8305,16,0.81517,18,1.22555,19,1.15577,7,-0.3419,1,-2.6189,8,-0.1922
ENSG00000187837,HIST1H1C,2,-2.2760,29,1.83942,45,2.70586,0,-3.8342,13,0.48552,1,-2.7708,0,-8.0386,2,-1.9815,5,-1.2288
ENSG00000197061,HIST1H4C,10,-1.4818,23,-0.2242,53,1.12478,7,-2.0203,44,0.90274,9,-1.5654,17,-0.6951,30,0.21251,27,0.03210
ENSG00000180573,HIST1H2AC,35,1.02752,88,2.75963,22,0.30500,14,-0.4530,19,0.01489,3,-2.6184,14,-0.4275,2,-3.2920,6,-1.8769
ENSG00000112763,BTN2A1,11,-1.0217,17,-0.4220,13,-0.8466,61,1.63595,14,-0.7918,24,0.11521,25,0.16601,33,0.60025,20,-0.2175
ENSG00000228223,HCG11,2,-2.5899,15,0.32303,10,-0.2725,0,-4.0044,14,0.28799,14,0.28268,15,0.38024,20,0.79836,13,0.10957
ENSG00000182952,HMGN4,2,-3.3168,19,-0.0815,30,0.64384,25,0.35949,17,-0.2211,28,0.56324,28,0.55637,17,-0.2376,18,-0.1417
ENSG00000146109,ABT1,32,1.19096,11,-0.5024,15,-0.0256,11,-0.5175,9,-0.8148,9,-0.8037,32,1.16516,10,-0.6404,15,-0.0082
ENSG00000181315,ZNF322,2,-2.2686,23,1.39216,8,-0.3092,3,-1.8052,6,-0.6410,6,-0.6057,20,1.16657,13,0.47609,9,-0.0564
ENSG00000096654,ZNF184,2,-2.7898,2,-2.4135,3,-2.2413,4,-1.7425,6,-1.1451,24,0.89837,9,-0.5821,6,-1.2453,29,1.96243
ENSG00000269293,ZSCAN16-AS1,185,1.31583,130,0.71416,89,0.10863,37,-1.2216,88,0.09874,32,-1.4302,22,-1.9451,118,0.56019,72,-0.2840
ENSG00000204713,TRIM27,68,0.34877,31,-0.8766,34,-0.7328,120,1.28083,28,-1.0474,61,0.16595,76,0.51574,69,0.37976,48,-0.2367
ENSG00000204681,GABBR1,226,-0.2853,78,-1.8768,357,0.43279,289,0.09510,241,-0.2035,515,1.03346,237,-0.2134,338,0.34286,253,-0.1483
ENSG00000204655,MOG,8,-2.9761,507,4.40916,129,1.22714,1,-5.4044,33,-0.9596,32,-0.9871,5,-3.6056,10,-2.5753,7,-3.4595
ENSG00000206503,HLA-A,49,-1.8037,117,-0.5090,480,1.80965,303,0.99888,159,-0.0417,152,-0.1119,55,-1.6281,140,-0.2357,126,-0.5051
ENSG00000204619,PPP1R11,22,-1.7711,55,-0.4608,64,-0.2106,143,1.07077,60,-0.3552,73,-0.0092,79,0.11235,54,-0.4819,87,0.35902
ENSG00000234127,TRIM26,2,-2.4341,18,0.79529,20,1.00357,4,-1.3859,13,0.35586,10,-0.1493,11,0.04993,7,-0.6592,10,-0.0785
ENSG00000231074,HCG18,2,-3.7092,18,-0.5307,26,-0.0111,57,1.27204,24,-0.1594,42,0.73484,18,-0.5474,37,0.53776,23,-0.2536
ENSG00000241370,RPP21,2,-4.9629,71,0.19978,35,-0.8798,123,1.08973,52,-0.3250,57,-0.1353,70,0.16425,111,0.91306,61,-0.0682
ENSG00000204592,HLA-E,147,1.05627,119,0.71438,400,3.01136,12,-2.6771,94,0.36235,13,-2.5668,9,-3.1135,34,-1.2016,17,-2.5743
ENSG00000204590,GNL1,88,0.47612,52,-0.3403,39,-0.7673,28,-1.2682,64,-0.0258,85,0.41775,84,0.40865,41,-0.6991,75,0.30296
ENSG00000204576,PRR3,3,-2.1063,10,-0.6047,4,-1.8485,0,-4.4756,15,-0.0214,20,0.40506,22,0.61331,37,1.43292,17,0.30641
ENSG00000204574,ABCF1,2,-4.0469,41,0.31540,65,1.08644,37,0.16956,25,-0.4788,32,-0.0605,40,0.30641,20,-0.7493,36,0.18024
ENSG00000204569,PPP1R10,2,-3.5740,29,0.33070,47,1.09886,41,0.84378,21,-0.2217,16,-0.5656,19,-0.3001,34,0.55237,20,-0.3680
ENSG00000204568,MRPS18B,2,-4.5928,73,0.65240,62,0.37787,35,-0.4848,42,-0.2310,49,0.01778,62,0.38932,48,-0.0038,54,0.21147
ENSG00000137343,ATAT1,2,-4.5029,41,-0.1662,49,0.10177,99,1.25349,32,-0.5800,66,0.57707,34,-0.4523,61,0.46062,44,-0.0519
ENSG00000204564,C6orf136,14,-1.8779,17,-1.5120,30,-0.7444,27,-0.8815,41,-0.2804,49,0.03613,90,0.99484,62,0.38547,64,0.64044
ENSG00000204560,DHX16,2,-2.7356,15,0.16087,9,-0.5417,3,-2.1548,12,-0.0857,22,0.82309,21,0.72840,10,-0.3383,16,0.41439
ENSG00000196230,TUBB,391,-0.6195,170,-1.8572,328,-0.8856,742,0.37787,426,-0.5233,774,0.44555,1118,1.05004,553,-0.0850,667,0.28313
ENSG00000137312,FLOT1,96,-1.0147,119,-0.6873,120,-0.6829,173,-0.1209,133,-0.5608,248,0.44445,293,0.71577,181,-0.0474,233,0.48855
ENSG00000204580,DDR1,6,-3.5018,283,2.41475,342,2.82299,3,-4.4179,60,-0.2546,32,-1.1996,20,-1.8545,22,-1.7273,22,-2.0671
ENSG00000213780,GTF2H4,2,-2.3380,11,-0.1214,18,0.65330,26,1.24952,8,-0.6433,22,0.98233,11,-0.1134,2,-2.4138,11,-0.0605
ENSG00000137411,VARS2,2,-3.0425,24,0.56456,18,0.16281,9,-0.8918,16,-0.0670,36,1.25263,15,-0.1371,7,-1.1906,18,0.16604
ENSG00000204525,HLA-C,140,0.23062,106,-0.2138,334,1.68486,225,0.99847,118,-0.0445,95,-0.3812,101,-0.2864,40,-1.6682,75,-0.9187
ENSG00000234745,HLA-B,95,-0.8996,193,0.18024,623,2.20769,193,0.18236,239,0.58076,116,-0.6017,93,-0.9448,131,-0.4221,78,-1.4402
ENSG00000198563,DDX39B,53,-0.8197,112,0.32647,141,0.70569,102,0.18272,74,-0.3462,100,0.14849,85,-0.1078,109,0.28343,83,-0.1876
ENSG00000213760,ATP6V1G2,123,-1.1748,56,-2.3246,135,-1.0324,162,-0.7622,180,-0.6413,217,-0.3135,518,1.07637,323,0.30436,391,0.89242
ENSG00000204498,NFKBIL1,2,-2.6027,15,0.36542,21,0.86505,0,-4.1449,10,-0.2510,17,0.51478,15,0.38138,11,-0.1799,14,0.26208
ENSG00000204482,LST1,12,0.27943,31,1.86450,13,0.35566,0,-3.9159,16,0.83698,3,-1.8018,2,-2.2768,18,0.89297,5,-1.2869
ENSG00000204472,AIF1,46,0.51208,91,1.66643,46,0.50954,18,-0.9136,61,1.11084,11,-1.5794,2,-3.8687,26,-0.3608,17,-1.2172
ENSG00000204469,PRRC2A,99,0.06270,69,-0.4872,76,-0.3402,139,0.60726,82,-0.2337,90,-0.0825,55,-0.8252,184,1.06814,89,-0.1297
ENSG00000204463,BAG6,117,0.39248,76,-0.2885,112,0.31743,102,0.17465,73,-0.3715,103,0.18751,91,-0.0005,108,0.26254,83,-0.1939
ENSG00000204438,GPANK1,29,1.08152,21,0.55704,8,-0.9370,8,-0.9741,13,-0.2244,18,0.31822,24,0.74366,7,-1.1814,13,-0.2519
ENSG00000204435,CSNK2B,86,-0.7825,176,0.32061,158,0.14746,91,-0.6967,154,0.11658,153,0.09659,143,-0.0081,171,0.27372,146,0.02643
ENSG00000204427,ABHD16A,49,-0.0126,41,-0.3064,36,-0.4958,32,-0.6733,33,-0.6664,63,0.36237,75,0.63753,38,-0.4132,62,0.47535
ENSG00000213722,DDAH2,2,-3.7015,49,1.01886,67,1.55776,47,0.93950,38,0.65411,20,-0.4266,3,-3.1873,29,0.18589,11,-1.4746
ENSG00000213719,CLIC1,2,-2.2715,27,1.69984,47,2.78112,1,-2.8170,14,0.69143,0,-4.2973,2,-2.2831,1,-3.3869,4,-1.4710
ENSG00000204394,VARS,2,-3.4344,33,0.17467,27,-0.1507,61,1.17015,23,-0.4004,36,0.30780,35,0.29198,19,-0.6707,31,0.09394
ENSG00000204392,LSM2,2,-4.3700,99,1.41883,56,0.48088,34,-0.3173,42,0.01642,39,-0.0804,42,0.03339,32,-0.3834,38,-0.1934
ENSG00000204389,HSPA1A,24,-2.2680,360,1.97505,307,1.67959,44,-1.3981,104,-0.1300,103,-0.1254,49,-1.2592,110,-0.0271,62,-1.0953
ENSG00000204388,HSPA1B,2,-5.3263,135,0.63085,153,0.83009,158,0.88706,90,-0.0192,46,-1.0326,141,0.69852,71,-0.3738,74,-0.4130
ENSG00000204387,SNHG32,2,-5.0203,188,1.76417,130,1.11191,43,-0.6544,76,0.26973,55,-0.2579,41,-0.7156,51,-0.3671,47,-0.6560
ENSG00000204386,NEU1,2,-4.2509,23,-0.7729,20,-0.9541,65,0.84127,26,-0.6364,37,-0.0646,56,0.61223,55,0.56888,47,0.44202
ENSG00000204371,EHMT2,78,0.93227,36,-0.2681,53,0.30187,70,0.74705,41,-0.1044,35,-0.3234,35,-0.3233,31,-0.5181,36,-0.3564
ENSG00000204356,NELFE,56,-0.2254,88,0.48105,112,0.86809,2,-5.0169,78,0.30753,66,0.02175,85,0.42489,71,0.13242,52,-0.4252
ENSG00000204351,SKIV2L,2,-3.3879,16,-0.4030,15,-0.5337,9,-1.3041,20,-0.0540,44,1.17846,22,0.11322,32,0.69410,23,0.19068
ENSG00000204348,DXO,2,-2.1942,13,0.57226,2,-2.2153,0,-3.7533,7,-0.4754,7,-0.2561,10,0.16995,1,-3.2630,17,1.59368
ENSG00000204344,STK19,2,-2.9530,15,-0.0655,4,-1.7936,10,-0.6311,14,-0.1560,9,-0.8470,27,0.90772,24,0.72552,20,0.58613
ENSG00000213676,ATF6B,2,-2.5071,21,0.95987,3,-2.0434,21,0.99897,9,-0.3274,17,0.64340,11,-0.0770,15,0.45674,10,-0.2951
ENSG00000204314,PRRT1,79,-0.7252,22,-2.5913,80,-0.7017,106,-0.2749,85,-0.6568,149,0.25051,163,0.38900,173,0.48586,177,0.75573
ENSG00000221988,PPT2,2,-2.8680,7,-0.9943,9,-0.6680,9,-0.7227,13,-0.1546,10,-0.5586,23,0.70500,23,0.73084,20,0.67824
ENSG00000204310,AGPAT1,46,-1.0849,65,-0.5748,53,-0.8893,74,-0.3717,71,-0.4655,135,0.56801,110,0.23852,93,-0.0245,128,0.66934
ENSG00000204308,RNF5,207,1.49709,108,0.40365,126,0.64921,60,-0.5021,50,-0.8206,61,-0.4750,103,0.32834,51,-0.7544,67,-0.4349
ENSG00000225914,TSBP1-AS1,139,3.51254,9,-1.3238,0,-7.6073,0,-4.9814,6,-1.8253,3,-2.7507,17,-0.3255,5,-2.0228,23,0.17291
ENSG00000204287,HLA-DRA,125,0.98968,236,2.14049,174,1.56618,17,-2.0156,96,0.63405,10,-2.7225,4,-4.0951,20,-1.8035,24,-1.8391
ENSG00000198502,HLA-DRB5,2,-1.8406,42,2.59080,13,0.48244,0,-3.8100,22,1.60137,2,-2.2980,0,-6.9533,9,0.01428,2,-2.3085
ENSG00000196126,HLA-DRB1,2,-3.5556,81,1.83052,60,1.29463,1,-3.8879,47,0.98607,20,-0.4187,18,-0.6441,11,-1.3739,16,-0.9811
ENSG00000179344,HLA-DQB1,2,-2.5158,43,2.27280,23,1.10136,0,-4.0715,22,1.17892,2,-2.5903,1,-3.6586,7,-0.6644,6,-1.0160
ENSG00000204257,HLA-DMA,2,-2.2004,28,1.83556,22,1.39252,0,-3.7595,15,0.92558,3,-1.5233,0,-4.2886,11,0.35463,5,-0.9991
ENSG00000204256,BRD2,38,-0.5326,52,-0.0653,86,0.73618,13,-2.1182,54,0.00661,67,0.32658,63,0.22204,54,-0.0115,56,0.06274
ENSG00000231389,HLA-DPA1,2,-4.2427,137,2.18728,102,1.62759,0,-5.7886,73,1.19153,9,-2.1195,8,-2.2896,32,-0.2722,15,-1.6953
ENSG00000223865,HLA-DPB1,84,1.55395,100,1.86920,37,0.20005,0,-5.5735,45,0.55006,9,-1.9541,24,-0.4821,24,-0.4381,14,-1.5051
ENSG00000204231,RXRB,11,-2.3265,46,-0.2089,34,-0.6570,45,-0.2306,46,-0.2294,81,0.69233,47,-0.1657,56,0.10000,68,0.55979
ENSG00000112473,SLC39A7,2,-3.7098,37,0.55165,26,-0.0304,24,-0.1614,25,-0.0865,22,-0.2636,28,0.08674,48,0.98094,26,-0.0088
ENSG00000204228,HSD17B8,2,-2.1645,12,0.49262,23,1.57572,0,-3.7156,14,0.83467,10,0.15403,3,-1.4128,4,-1.0627,8,-0.2424
ENSG00000204227,RING1,2,-4.2594,48,0.21921,93,1.27959,60,0.55440,36,-0.2370,55,0.43268,48,0.21857,26,-0.7237,35,-0.3485
ENSG00000223501,VPS52,2,-3.8288,39,0.51276,48,0.82596,46,0.75354,21,-0.4821,27,-0.0531,30,0.06333,32,0.16461,26,-0.1858
ENSG00000231500,RPS18,562,-0.4422,1605,1.24411,1346,0.94562,531,-0.5309,1068,0.62917,480,-0.6816,470,-0.7160,618,-0.2964,496,-0.7958
ENSG00000227057,WDR46,45,0.87525,15,-0.8338,10,-1.4269,18,-0.4994,18,-0.5356,47,0.95612,27,0.09823,18,-0.5348,29,0.27749
ENSG00000204220,PFDN6,72,0.22640,52,-0.2788,65,0.06819,78,0.34167,52,-0.3023,45,-0.5033,84,0.47773,31,-1.0433,70,0.23970
ENSG00000237441,RGL2,2,-2.5730,24,0.74978,42,1.68029,0,-4.4687,20,0.48254,10,-0.5647,4,-1.8720,12,-0.3526,15,0.01097
ENSG00000231925,TAPBP,33,-1.4164,42,-1.0305,216,1.56002,85,0.01469,70,-0.2950,57,-0.5811,72,-0.2298,111,0.44707,83,-0.0152
ENSG00000236104,ZBTB22,2,-2.7775,8,-0.7201,11,-0.2555,23,0.82300,10,-0.4648,18,0.47424,16,0.25487,6,-1.0668,18,0.56839
ENSG00000204209,DAXX,2,-3.1196,21,0.31937,6,-1.5604,8,-1.0480,22,0.38290,22,0.37116,31,0.90096,6,-1.4535,21,0.44505
ENSG00000112511,PHF1,2,-3.9115,27,-0.1769,17,-0.8576,24,-0.3370,29,-0.0691,35,0.23932,32,0.07747,34,0.19688,41,0.67286
ENSG00000112514,CUTA,43,-2.4628,264,0.26300,253,0.19448,261,0.24632,183,-0.3345,182,-0.3188,251,0.17900,329,0.61327,239,0.14350
ENSG00000197283,SYNGAP1,27,-0.8079,3,-3.8536,20,-1.2801,3,-3.8074,50,0.14296,100,1.25505,33,-0.5165,22,-1.1112,73,1.08020
ENSG00000137288,UQCC2,2,-5.5668,79,-0.3305,155,0.72918,121,0.33020,94,-0.0656,93,-0.0841,110,0.18230,95,-0.0523,108,0.20149
ENSG00000161904,LEMD2,37,1.05648,26,0.48171,13,-0.5225,39,1.17392,12,-0.7857,13,-0.5871,14,-0.4070,21,0.19289,15,-0.4859
ENSG00000137309,HMGA1,78,0.82786,16,-1.5653,25,-0.9422,31,-0.6035,53,0.21240,46,-0.0189,48,0.03998,57,0.32333,49,0.12768
ENSG00000186577,SMIM29,134,-0.2456,80,-1.0182,71,-1.2076,240,0.68000,114,-0.5307,183,0.24169,234,0.63404,196,0.34941,168,0.14971
ENSG00000272325,NUDT3,128,-0.2981,106,-0.5885,140,-0.1693,167,0.10973,199,0.42632,183,0.25637,129,-0.2930,251,0.76391,130,-0.3541
ENSG00000124614,RPS10,343,-0.5816,849,0.84875,802,0.75608,248,-1.0681,596,0.30373,378,-0.4337,363,-0.4955,616,0.32806,428,-0.3148
ENSG00000124507,PACSIN1,127,-0.5500,8,-4.5067,68,-1.4850,156,-0.2283,194,0.11768,239,0.43993,273,0.65347,274,0.65601,206,0.26978
ENSG00000196821,ILRUN,41,0.34991,29,-0.1612,12,-1.4230,1,-4.2776,44,0.53428,30,-0.1391,39,0.27647,47,0.56870,34,0.08085
ENSG00000272288,AL451165.2,2,-2.8769,33,1.31566,37,1.50735,7,-1.1080,22,0.75207,18,0.32228,4,-1.8683,8,-0.9181,9,-0.8765
ENSG00000124562,SNRPC,48,-0.8205,98,0.29515,69,-0.2474,45,-0.9011,79,-0.0524,88,0.11650,87,0.10348,117,0.56564,87,0.14733
ENSG00000064995,TAF11,2,-3.4650,32,0.56692,8,-1.4033,31,0.54726,22,0.02865,33,0.65130,30,0.50494,6,-1.7760,25,0.22482
ENSG00000064999,ANKS1A,2,-3.6348,19,-0.4700,26,0.01224,84,1.96816,29,0.18153,6,-2.1534,5,-2.4423,25,-0.0438,28,0.17389
ENSG00000065029,ZNF76,2,-2.2665,13,0.46138,3,-1.5746,0,-3.7141,13,0.59091,6,-0.7120,13,0.43264,7,-0.3874,13,0.71690
ENSG00000112033,PPARD,2,-2.7875,15,0.18463,26,1.01998,7,-1.0360,15,0.16758,11,-0.2667,5,-1.4070,35,1.50174,12,-0.3227
ENSG00000198755,RPL10A,257,-0.7317,660,0.74495,700,0.84030,386,-0.1121,509,0.35637,361,-0.2123,286,-0.5732,285,-0.5740,359,-0.2922
ENSG00000096060,FKBP5,2,-3.2936,38,1.05882,63,1.95808,7,-1.5785,27,0.53563,33,0.83950,5,-1.9611,22,0.17247,8,-1.6144
ENSG00000096063,SRPK1,2,-3.0667,11,-0.6579,8,-1.0356,22,0.46731,13,-0.3413,36,1.21499,8,-1.0049,6,-1.4623,24,0.82671
ENSG00000112062,MAPK14,2,-3.8905,15,-1.0057,12,-1.3269,38,0.40478,24,-0.3727,54,0.94452,40,0.47696,34,0.21205,36,0.40052
ENSG00000096070,BRPF3,61,0.84808,19,-0.9290,7,-2.4393,35,-0.0475,29,-0.3608,72,1.11120,37,0.05150,57,0.74348,30,-0.3438
ENSG00000112078,KCTD20,2,-3.4635,30,0.46723,24,0.14042,1,-4.0811,21,-0.0973,16,-0.4396,32,0.59205,36,0.75378,26,0.35369
ENSG00000112081,SRSF3,12,-3.3233,128,0.16046,161,0.52823,73,-0.6914,119,0.05836,133,0.22575,152,0.43722,110,-0.0724,123,0.13107
ENSG00000124772,CPNE5,70,-0.1317,3,-4.6200,27,-1.5427,62,-0.3142,58,-0.4446,197,1.58109,126,0.81316,76,0.01574,77,0.03225
ENSG00000137168,PPIL1,53,0.61480,28,-0.3664,33,-0.1091,24,-0.6347,31,-0.2311,36,-0.0062,40,0.15291,58,0.77484,33,-0.1703
ENSG00000198663,C6orf89,2,-4.8255,69,0.30850,63,0.16344,69,0.30683,60,0.08969,99,0.87482,40,-0.5316,35,-0.7227,61,0.13164
ENSG00000137409,MTCH1,706,0.03088,282,-1.3630,490,-0.5315,638,-0.1262,451,-0.7049,857,0.33605,976,0.54492,978,0.54902,792,0.29027
ENSG00000065491,TBC1D22B,73,2.55208,3,-2.4684,12,-0.5306,20,0.28838,12,-0.4739,17,0.02408,6,-1.4040,3,-2.2361,14,-0.2783
ENSG00000112130,RNF8,41,0.25924,11,-1.6344,19,-0.8529,58,0.84072,25,-0.4918,51,0.61129,48,0.52419,21,-0.7383,37,0.12986
ENSG00000137200,CMTR1,2,-3.3574,10,-1.0963,26,0.37452,0,-4.8889,19,-0.0801,40,1.07738,37,0.94014,7,-1.6458,26,0.54896
ENSG00000198937,CCDC167,2,-4.1782,82,1.32049,89,1.45776,36,-0.0094,32,-0.1839,25,-0.5510,27,-0.4564,20,-0.9161,32,-0.2716
ENSG00000156639,ZFAND3,131,1.34942,67,0.25563,87,0.66064,30,-0.9694,47,-0.3101,71,0.34712,34,-0.7965,31,-0.9315,49,-0.2961
ENSG00000183826,BTBD9,2,-3.7030,5,-2.4098,4,-2.6278,8,-1.7775,29,0.20554,24,-0.1344,38,0.58152,18,-0.5285,45,1.35367
ENSG00000124767,GLO1,2,-5.9695,93,-0.4815,126,-0.0079,121,-0.0749,113,-0.1884,110,-0.2142,178,0.53558,171,0.47077,155,0.44265
ENSG00000112167,SAYSD1,2,-2.2730,18,0.99101,7,-0.4206,0,-3.8313,11,0.25648,16,0.84454,8,-0.3034,3,-1.4706,12,0.43590
ENSG00000146122,DAAM2,5,-3.4643,328,3.32066,126,1.34512,20,-1.5277,76,0.56533,24,-1.2691,5,-3.3630,14,-2.0513,11,-2.7442
ENSG00000156564,LRFN2,2,-2.9301,0,-6.1327,5,-1.7099,4,-1.9678,7,-1.1130,32,1.20862,31,1.15590,7,-1.0535,25,1.21644
ENSG00000124596,OARD1,2,-3.5529,37,0.70858,25,0.07500,22,-0.1094,25,0.10928,29,0.35246,31,0.44942,21,-0.1443,22,-0.1339
ENSG00000095970,TREM2,2,-2.1891,37,2.40182,20,1.27612,0,-3.7484,17,1.18116,9,0.04648,1,-3.0124,0,-4.6382,3,-1.7391
ENSG00000137166,FOXP4,2,-2.9630,14,-0.1387,15,-0.0343,5,-1.6506,15,-0.0426,47,1.82372,38,1.43858,8,-1.0068,11,-0.6895
ENSG00000112561,TFEB,2,-2.5785,65,3.08266,38,1.93447,1,-3.4825,12,-0.0199,6,-1.0570,0,-5.0812,4,-1.4085,3,-2.0004
ENSG00000214736,TOMM6,52,-1.4557,162,0.25835,174,0.36796,87,-0.7106,139,0.02030,143,0.05924,121,-0.2037,153,0.16108,155,0.25159
ENSG00000112576,CCND3,58,-0.1161,56,-0.1742,76,0.31774,33,-0.9581,68,0.15238,101,0.77550,89,0.55816,61,-0.0391,50,-0.4354
ENSG00000048544,MRPS10,2,-4.0409,17,-0.9542,22,-0.6420,70,1.20334,27,-0.3390,35,0.08264,53,0.74631,24,-0.5020,38,0.32137
ENSG00000024048,UBR2,2,-3.5484,26,0.10574,23,-0.0769,0,-4.9874,21,-0.2276,19,-0.3426,19,-0.3918,40,0.80485,35,0.89166
ENSG00000112619,PRPH2,2,-2.5946,0,-6.0440,10,-0.2756,3,-2.0656,4,-1.6526,87,3.84418,10,-0.2333,5,-1.2919,8,-0.8064
ENSG00000124659,TBCC,49,0.47823,22,-0.7606,16,-1.2497,34,-0.1017,21,-0.9149,42,0.22324,35,-0.0364,40,0.13192,48,0.63150
ENSG00000112624,BICRAL,2,-2.4113,15,0.50785,2,-2.1836,0,-3.9676,20,1.18592,10,-0.0992,26,1.48062,12,0.22943,7,-0.7168
ENSG00000146223,RPL7L1,44,-1.1042,59,-0.6664,56,-0.7502,86,-0.1042,67,-0.5179,102,0.17102,104,0.19914,115,0.35584,122,0.65391
ENSG00000221821,C6orf226,2,-3.1578,26,0.62400,27,0.62926,28,0.71174,21,0.26020,16,-0.1928,13,-0.4819,23,0.38838,14,-0.4832
ENSG00000137161,CNPY3,2,-4.0768,67,1.08729,61,0.94050,77,1.33953,42,0.37917,28,-0.2986,13,-1.4120,28,-0.2960,20,-0.9789
ENSG00000112640,PPP2R5D,42,-0.2761,18,-1.5322,29,-0.8113,79,0.70449,33,-0.6892,58,0.21040,71,0.54496,62,0.33333,57,0.27700
ENSG00000124733,MEA1,2,-5.6372,87,-0.2269,99,-0.0147,86,-0.2466,97,-0.0521,109,0.12209,159,0.73089,135,0.46327,109,0.16858
ENSG00000124702,KLHDC3,305,0.45586,79,-1.6095,85,-1.4975,227,-0.0114,175,-0.4395,238,0.06547,343,0.64784,222,-0.0452,280,0.44630
ENSG00000124541,RRP36,31,0.10987,24,-0.2787,5,-2.4335,8,-1.8818,25,-0.2305,27,-0.1308,29,0.01093,45,0.69473,39,0.67282
ENSG00000044090,CUL7,2,-2.6724,4,-1.4864,1,-3.2670,11,-0.1432,10,-0.3775,26,1.12103,20,0.75825,16,0.33941,16,0.49016
ENSG00000137171,KLC4,2,-2.7388,14,0.06076,10,-0.4240,0,-4.2917,17,0.40316,16,0.31599,19,0.58921,13,-0.0406,16,0.40715
ENSG00000112651,MRPL2,2,-4.6200,41,-0.2892,46,-0.1216,64,0.40973,45,-0.1433,72,0.59711,62,0.35540,43,-0.2290,56,0.25110
ENSG00000112658,SRF,2,-3.2653,7,-1.4420,19,-0.0313,30,0.68005,19,-0.0353,41,1.23160,18,-0.1174,19,-0.0105,19,-0.0089
ENSG00000112659,CUL9,2,-3.1994,13,-0.4788,22,0.26245,1,-3.7490,18,-0.0117,21,0.22201,35,1.05421,24,0.41142,21,0.26971
ENSG00000112667,DNPH1,2,-4.6818,54,0.05859,76,0.61935,11,-2.2562,75,0.65382,36,-0.5514,50,-0.0516,48,-0.1097,61,0.36441
ENSG00000146216,TTBK1,2,-3.0242,7,-1.1700,8,-1.0816,31,1.04470,14,-0.1944,20,0.33653,16,0.01632,7,-1.2532,23,0.73826
ENSG00000171467,ZNF318,2,-3.0020,14,-0.2205,7,-1.2850,32,1.13328,8,-1.1132,10,-0.6515,8,-0.9525,33,1.15925,21,0.64032
ENSG00000137221,TJAP1,2,-2.7518,63,2.72393,31,1.34937,12,-0.1449,18,0.47393,6,-1.1158,4,-1.8476,3,-2.2706,4,-1.8577
ENSG00000204052,LRRC73,2,-4.0135,1,-4.5572,5,-2.7350,16,-1.0192,30,-0.1120,66,1.15508,31,-0.0613,43,0.45252,49,0.95384
ENSG00000171453,POLR1C,2,-3.1844,12,-0.6344,4,-2.0961,46,1.53096,10,-0.9327,11,-0.7751,30,0.77839,22,0.29626,22,0.43597
ENSG00000137207,YIPF3,8,-3.4173,91,0.08501,103,0.28675,117,0.48886,65,-0.4710,111,0.39952,101,0.25274,54,-0.7092,101,0.34143
ENSG00000124571,XPO5,2,-2.7549,10,-0.4519,0,-6.3351,2,-2.8732,13,0.01629,28,1.19720,13,0.00279,12,-0.2006,20,0.92513
ENSG00000124688,MAD2L1BP,2,-3.1021,10,-0.7656,0,-7.9062,3,-2.2442,10,-0.8719,15,-0.2375,33,1.05268,17,-0.0141,31,1.43631
ENSG00000096080,MRPS18A,68,0.22319,41,-0.5540,49,-0.2755,74,0.34808,46,-0.4207,53,-0.1772,95,0.76009,75,0.36214,55,-0.1311
ENSG00000112715,VEGFA,80,1.15255,33,-0.2534,62,0.73636,42,0.09852,49,0.40134,20,-1.0345,21,-0.9283,25,-0.6538,32,-0.4184
ENSG00000180992,MRPL14,2,-4.6760,46,-0.1698,31,-0.7707,41,-0.3403,52,0.02033,50,-0.0273,90,0.88602,39,-0.4382,66,0.56562
ENSG00000137216,TMEM63B,122,1.21227,26,-1.2300,30,-0.9949,29,-1.0320,38,-0.6828,90,0.70004,80,0.50987,64,0.15508,59,0.03310
ENSG00000112759,SLC29A1,2,-3.5115,3,-3.0017,11,-1.1296,30,0.40751,18,-0.3765,43,0.99538,27,0.27537,12,-0.8947,33,0.85944
ENSG00000096384,HSP90AB1,545,-1.5175,568,-1.4569,632,-1.2979,1750,0.25995,1065,-0.5497,2375,0.75226,2170,0.60521,2929,1.10294,1547,0.08804
ENSG00000157593,SLC35B2,2,-3.2505,66,2.10570,42,1.29154,0,-4.8008,20,0.09199,17,-0.2023,21,0.15603,8,-1.2016,12,-0.7842
ENSG00000146232,NFKBIE,3,-1.8942,5,-1.1924,11,0.02927,3,-1.6932,12,0.22268,13,0.30718,17,0.71293,3,-1.9701,15,0.76266
ENSG00000178233,TMEM151B,3,-4.8441,9,-3.2322,42,-1.1093,44,-1.0219,113,0.45971,100,0.21807,92,0.09531,91,0.07120,130,0.94477
ENSG00000124608,AARS2,2,-2.7362,6,-1.2369,15,0.18172,8,-0.7967,12,-0.1488,17,0.42200,16,0.29433,42,1.93555,10,-0.4490
ENSG00000096401,CDC5L,2,-4.5263,49,0.00733,46,-0.0812,86,0.91222,37,-0.4290,32,-0.6469,56,0.22173,101,1.18665,46,-0.1008
ENSG00000001561,ENPP4,2,-4.4743,125,1.70848,47,0.06713,8,-2.5570,25,-0.9530,99,1.28880,60,0.45826,46,0.06093,36,-0.4132
ENSG00000112796,ENPP5,29,-0.4178,9,-2.0983,25,-0.6076,82,1.25147,17,-1.2450,81,1.22925,49,0.38949,23,-0.7661,40,0.11528
ENSG00000172348,RCAN2,36,-2.2681,103,-0.7237,131,-0.3556,603,2.22631,117,-0.5616,213,0.40532,37,-2.2267,284,0.87201,126,-0.5379
ENSG00000153291,SLC25A27,77,1.15455,17,-1.1676,28,-0.4578,4,-3.2218,30,-0.3612,72,1.04590,46,0.30552,32,-0.2316,38,0.02407
ENSG00000146072,TNFRSF21,88,0.79342,63,0.26506,15,-1.8584,23,-1.2648,33,-0.7842,93,0.89636,52,-0.0320,58,0.13534,58,0.19881
ENSG00000146085,MMUT,2,-4.2755,43,0.15751,40,0.02642,65,0.82180,36,-0.1296,56,0.58112,38,-0.0157,35,-0.1591,39,-0.0176
ENSG00000170915,PAQR8,53,-1.2067,377,1.96757,354,1.84933,36,-1.7552,129,0.15313,65,-0.9076,38,-1.7002,101,-0.2356,62,-1.1956
ENSG00000096092,TMEM14A,35,-2.0499,55,-1.3886,89,-0.6587,187,0.48723,83,-0.8237,146,0.10070,186,0.47738,149,0.13165,193,0.77445
ENSG00000170899,GSTA4,57,-0.3962,24,-1.7016,38,-1.0057,102,0.51620,47,-0.7461,68,-0.1323,103,0.53053,68,-0.1338,101,0.71991
ENSG00000112144,ICK,2,-2.3442,34,2.03544,16,0.76255,0,-3.9017,15,0.66591,2,-2.3174,6,-0.7231,3,-1.6309,9,-0.1554
ENSG00000112146,FBXO9,59,-1.0408,44,-1.4678,56,-1.0983,56,-1.0979,85,-0.5137,150,0.39498,201,0.87972,217,1.00239,140,0.39693
ENSG00000012660,ELOVL5,2,-5.1941,201,1.64774,276,2.25223,23,-1.7639,69,-0.1273,61,-0.3012,28,-1.4487,71,-0.0629,42,-1.0873
ENSG00000001084,GCLC,9,-1.9868,87,1.51892,55,0.74012,6,-2.4958,27,-0.3926,39,0.20615,20,-0.7788,33,-0.0612,36,0.08414
ENSG00000146151,HMGCLL1,2,-3.6150,8,-1.6071,7,-1.7993,16,-0.6048,14,-0.8777,46,1.01410,27,0.14668,95,2.32797,22,-0.2088
ENSG00000151914,DST,71,-1.2390,336,1.19255,216,0.45927,155,-0.0564,174,0.12796,177,0.14920,122,-0.4252,182,0.19299,122,-0.5475
ENSG00000151917,BEND6,2,-4.2833,19,-1.1075,27,-0.5495,90,1.34948,49,0.37317,26,-0.5996,41,0.09375,23,-0.7902,46,0.33428
ENSG00000112200,ZNF451,61,0.94357,39,0.20296,43,0.36456,8,-2.1104,28,-0.2980,46,0.49215,27,-0.3380,31,-0.1135,32,-0.1120
ENSG00000112210,RAB23,2,-3.1736,22,0.32569,29,0.76495,3,-2.3187,12,-0.6771,40,1.29724,18,-0.0042,30,0.83268,16,-0.2085
ENSG00000112232,KHDRBS2,2,-2.6703,4,-1.5681,7,-0.8594,6,-1.0533,8,-0.7668,16,0.38832,7,-0.7818,28,1.26090,19,0.99456
ENSG00000118482,PHF3,2,-4.1084,89,1.54338,107,1.88812,0,-5.6535,35,0.02335,18,-0.9426,34,-0.0088,15,-1.2735,29,-0.3765
ENSG00000230910,AL391807.1,2,-3.3963,13,-0.7379,10,-1.1075,0,-4.9450,17,-0.3658,27,0.38586,18,-0.2185,13,-0.7629,39,1.57155
ENSG00000135298,ADGRB3,9,-3.1655,15,-2.4713,38,-1.0941,42,-0.9663,53,-0.6595,257,1.98574,94,0.27164,104,0.41815,92,0.30559
ENSG00000168216,LMBRD1,2,-5.7087,174,0.79940,190,0.94808,142,0.46945,68,-0.7278,136,0.39947,98,-0.1134,131,0.34179,91,-0.3033
ENSG00000082269,FAM135A,2,-2.9198,22,0.56062,8,-0.8683,3,-2.0772,11,-0.4741,37,1.46729,10,-0.5313,7,-1.1000,21,0.71424
ENSG00000154079,SDHAF4,2,-3.4652,16,-0.4862,19,-0.2312,6,-1.9889,16,-0.5642,29,0.44520,30,0.48630,18,-0.2690,34,0.99021
ENSG00000112305,SMAP1,26,-1.6674,42,-0.9606,61,-0.3821,91,0.23223,76,-0.0484,76,-0.0479,130,0.80259,89,0.19688,88,0.25079
ENSG00000112309,B3GAT2,5,-3.3491,115,1.16120,263,2.74544,98,0.89222,36,-0.7127,89,0.73407,8,-2.7997,41,-0.4931,9,-2.9885
ENSG00000119900,OGFRL1,108,-0.0066,231,1.22505,315,1.77912,56,-1.0116,106,-0.0450,136,0.35057,58,-0.9449,64,-0.8013,58,-1.1665
ENSG00000079841,RIMS1,76,0.17801,8,-3.0695,24,-1.5458,42,-0.7324,83,0.34251,101,0.63379,55,-0.3246,73,0.11698,84,0.47214
ENSG00000185760,KCNQ5,4,-3.1409,2,-3.6898,0,-5.9159,3,-3.4899,19,-0.8514,17,-0.9628,51,0.71439,49,0.63379,65,1.80408
ENSG00000135314,KHDC1,2,-2.8361,8,-0.8036,5,-1.5984,7,-1.1065,12,-0.3070,20,0.53972,13,-0.1326,20,0.53837,22,0.96223
ENSG00000135297,MTO1,2,-2.9457,17,0.19527,22,0.53354,3,-2.4288,13,-0.2612,24,0.73566,29,1.03384,15,0.00446,15,-0.0329
ENSG00000156508,EEF1A1,1347,-0.4459,4012,1.31426,3089,0.86998,1654,-0.1293,2097,0.26652,1225,-0.5906,891,-1.0719,2168,0.29480,1197,-0.7857
ENSG00000119899,SLC17A5,2,-3.0716,15,-0.2014,8,-1.0964,6,-1.3821,6,-1.6157,16,-0.0536,32,1.03729,20,0.27722,27,1.08918
ENSG00000112695,COX7A2,468,-0.5228,451,-0.5811,454,-0.5705,712,0.12586,689,0.08039,477,-0.4946,814,0.33763,941,0.56997,712,0.17094
ENSG00000112697,TMEM30A,2,-6.5888,159,-0.3082,169,-0.2149,219,0.18364,125,-0.7193,349,0.94264,274,0.54391,205,0.08268,225,0.31283
ENSG00000118407,FILIP1,2,-3.0906,2,-2.9264,6,-1.5414,7,-1.2671,23,0.50355,118,3.71411,8,-1.1053,5,-1.6967,7,-1.5915
ENSG00000112701,SENP6,140,1.31490,72,0.23655,67,0.11907,78,0.35738,43,-0.5993,50,-0.3326,43,-0.5790,54,-0.2174,55,-0.2614
ENSG00000196586,MYO6,2,-4.3710,134,1.92640,79,0.99061,14,-1.6813,54,0.40938,42,-0.0316,17,-1.3662,46,0.13038,28,-0.8008
ENSG00000146247,PHIP,2,-4.0512,66,1.11053,23,-0.5370,10,-1.7361,28,-0.2747,36,0.12074,20,-0.7647,38,0.19571,45,0.68158
ENSG00000118418,HMGN3,102,0.17577,128,0.54640,146,0.74999,18,-2.4260,102,0.18963,66,-0.4892,65,-0.5241,60,-0.6315,99,0.17213
ENSG00000198478,SH3BGRL2,2,-4.5361,14,-1.7957,3,-3.8320,53,0.20677,43,-0.1503,31,-0.6267,93,1.12157,44,-0.0919,70,0.94704
ENSG00000118402,ELOVL4,4,-3.9664,4,-3.9471,9,-2.8379,150,1.37170,37,-0.8861,74,0.20983,123,1.02699,72,0.17278,83,0.53612
ENSG00000083123,BCKDHB,2,-3.4080,37,0.88281,57,1.61930,1,-4.2965,16,-0.4822,23,0.13144,22,0.09521,17,-0.3730,21,0.01521
ENSG00000005700,IBTK,2,-3.5133,38,0.81750,7,-1.6862,37,0.76700,23,0.04726,25,0.15945,20,-0.2345,18,-0.3262,25,0.23533
ENSG00000083097,DOP1A,23,0.10236,8,-1.4004,5,-2.1139,16,-0.4970,18,-0.2857,38,0.88745,42,1.04084,16,-0.4388,25,0.24507
ENSG00000013375,PGM3,29,0.86933,32,1.02784,32,1.00495,4,-2.0237,15,-0.1855,29,0.86029,5,-1.6298,8,-1.0614,12,-0.6108
ENSG00000013392,RWDD2A,2,-3.2809,9,-1.1308,0,-4.8377,3,-2.4771,14,-0.5109,35,0.94913,28,0.57845,34,0.90219,28,0.82212
ENSG00000065833,ME1,177,2.16336,22,-1.2111,23,-1.1435,35,-0.5368,32,-0.7061,49,-0.0170,79,0.73098,51,0.03625,36,-0.6047
ENSG00000065609,SNAP91,354,0.36912,18,-4.0108,98,-1.5875,315,0.18361,172,-0.8024,286,0.03178,472,0.83591,373,0.45204,346,0.46069
ENSG00000203877,RIPPLY2,2,-3.7538,8,-1.7277,12,-1.1657,24,-0.1847,20,-0.5128,25,-0.1067,39,0.57180,31,0.19371,43,1.07241
ENSG00000065615,CYB5R4,2,-2.5833,10,-0.2764,19,0.77954,1,-3.1771,7,-0.7783,22,0.97086,13,0.13569,10,-0.3011,16,0.61000
ENSG00000135324,MRAP2,2,-4.3592,2,-3.9236,20,-1.0616,124,1.84574,19,-1.1945,138,2.03772,45,0.12611,50,0.31687,29,-0.6926
ENSG00000135318,NT5E,2,-2.7208,9,-0.5756,40,1.84359,13,0.04130,21,0.81536,3,-1.8675,3,-2.0316,4,-1.8213,13,0.06665
ENSG00000135317,SNX14,2,-4.7121,25,-1.1287,68,0.40221,79,0.63180,37,-0.5768,37,-0.5550,91,0.87920,62,0.24460,62,0.34902
ENSG00000135316,SYNCRIP,94,0.56697,75,0.20634,77,0.23840,28,-1.2732,53,-0.3591,50,-0.4086,40,-0.7417,103,0.70486,71,0.14356
ENSG00000203875,SNHG5,119,1.28724,169,1.92134,90,0.81808,18,-1.6378,58,0.11467,28,-0.9726,24,-1.2308,28,-0.9688,27,-1.2597
ENSG00000188994,ZNF292,2,-3.7307,38,0.56724,41,0.69745,17,-0.7104,26,-0.0189,31,0.21975,16,-0.7220,27,0.03764,30,0.26956
ENSG00000111850,SMIM8,73,1.74101,12,-1.1287,9,-1.5020,43,0.81388,21,-0.3124,19,-0.4370,19,-0.4340,15,-0.8217,25,-0.0507
ENSG00000164414,SLC35A1,25,-0.0998,18,-0.5885,18,-0.6374,31,0.22553,15,-0.9370,35,0.40547,39,0.59206,14,-0.9938,35,0.57181
ENSG00000146282,RARS2,81,2.73766,17,-0.0154,19,0.12924,0,-4.2586,11,-0.7233,15,-0.2208,14,-0.3215,2,-3.0709,13,-0.4895
ENSG00000135336,ORC3,2,-4.0084,26,-0.3405,29,-0.1596,57,0.90070,22,-0.6216,32,-0.0203,47,0.60462,33,0.04760,37,0.31269
ENSG00000135334,AKIRIN2,2,-5.0631,59,-0.2364,59,-0.2325,46,-0.6228,78,0.23186,88,0.39986,105,0.67229,71,0.05858,76,0.22449
ENSG00000118432,CNR1,2,-6.1096,2,-6.2382,6,-4.4412,10,-3.8106,35,-2.1808,0,-7.9869,10,-3.8153,1100,4.20005,153,0.20140
ENSG00000111880,RNGTT,2,-3.4341,13,-0.7599,0,-6.4784,93,2.53682,16,-0.4865,24,0.15038,20,-0.1201,15,-0.5572,21,-0.0924
ENSG00000146278,PNRC1,47,-0.7655,140,0.95711,118,0.67688,124,0.76530,69,-0.1805,59,-0.4088,45,-0.8298,51,-0.6262,70,-0.1993
ENSG00000154548,SRSF12,2,-2.5760,4,-1.6612,11,-0.0606,0,-4.1312,10,-0.3094,17,0.57330,19,0.75272,13,0.16630,17,0.79220
ENSG00000198833,UBE2J1,51,0.82140,39,0.39069,38,0.34466,2,-3.5425,24,-0.3852,26,-0.2209,26,-0.2572,30,-0.0052,34,0.21034
ENSG00000025039,RRAGD,2,-3.9741,37,0.22854,25,-0.3440,53,0.80922,34,0.11940,50,0.71533,24,-0.4335,27,-0.2628,32,0.00479
ENSG00000135299,ANKRD6,2,-3.8303,5,-2.5529,20,-0.5580,21,-0.4530,20,-0.5637,106,2.25269,47,0.79725,14,-1.0399,29,0.01554
ENSG00000083099,LYRM2,2,-4.4493,51,0.23799,46,0.05855,26,-0.8171,42,-0.0885,43,-0.0371,49,0.18243,63,0.56835,52,0.36597
ENSG00000112159,MDN1,2,-3.1610,19,0.11541,16,-0.2022,2,-3.2738,21,0.32239,23,0.38821,23,0.36704,10,-0.8115,24,0.62057
ENSG00000118412,CASP8AP2,2,-2.7099,17,0.39211,13,-0.0352,5,-1.3773,14,0.12580,20,0.65478,10,-0.3283,18,0.47319,14,0.18143
ENSG00000135341,MAP3K7,2,-3.9803,40,0.34867,22,-0.5274,25,-0.3301,25,-0.3817,33,0.06435,50,0.72003,30,-0.0953,40,0.50225
ENSG00000135333,EPHA7,2,-3.0408,0,-4.4638,3,-2.4996,0,-4.5923,12,-0.5399,24,0.58913,30,0.98656,12,-0.5142,29,1.45271
ENSG00000172469,MANEA,2,-2.0739,20,1.40246,15,0.97857,2,-1.6400,9,0.17807,8,0.02053,11,0.46756,0,-3.4820,7,-0.2380
ENSG00000172461,FUT9,146,0.73307,33,-1.5342,139,0.64717,63,-0.5801,77,-0.3040,232,1.51528,49,-0.9571,78,-0.2650,77,-0.3739
ENSG00000014123,UFL1,11,-1.2607,63,1.38137,68,1.49922,23,-0.2332,18,-0.6113,37,0.48277,28,0.07806,13,-1.1394,18,-0.8014
ENSG00000123545,NDUFAF4,83,0.04786,31,-1.4445,66,-0.2911,105,0.42447,54,-0.6576,63,-0.3728,90,0.17759,147,0.97424,88,0.18721
ENSG00000186231,KLHL32,5,-2.5998,123,2.57275,34,0.29380,40,0.52763,20,-0.5962,14,-1.0584,13,-1.1987,19,-0.6207,20,-0.6327
ENSG00000184486,POU3F2,2,-3.4248,50,1.18300,39,0.77735,0,-5.0796,32,0.49505,9,-1.4258,4,-2.4142,6,-1.9843,34,0.79664
ENSG00000112234,FBXL4,2,-2.2859,18,0.96561,10,0.11759,0,-3.8463,10,0.07585,8,-0.2594,15,0.69291,11,0.18959,10,0.10330
ENSG00000146267,FAXC,21,-1.2424,2,-4.2159,7,-2.8229,82,0.81509,39,-0.3529,76,0.70221,73,0.62741,51,0.07951,61,0.48204
ENSG00000132423,COQ3,2,-3.0391,5,-1.5936,2,-2.6075,12,-0.5065,13,-0.4256,20,0.34198,22,0.46525,40,1.46075,21,0.52265
ENSG00000132424,PNISR,2,-4.8821,90,0.65467,98,0.80048,56,-0.0922,80,0.53113,77,0.41177,51,-0.2387,45,-0.4162,48,-0.4200
ENSG00000112237,CCNC,75,0.96597,22,-0.9702,51,0.34419,1,-4.9462,29,-0.5884,36,-0.2231,82,1.10718,29,-0.5347,46,0.21130
ENSG00000112249,ASCC3,26,1.02611,18,0.44618,20,0.57620,35,1.50797,8,-0.7947,13,-0.0668,17,0.29427,6,-1.1894,7,-1.2843
ENSG00000164418,GRIK2,32,0.06947,2,-3.8147,8,-1.9952,109,2.15971,16,-1.0138,17,-0.8731,16,-1.0109,44,0.55291,35,0.25863
ENSG00000085382,HACE1,2,-3.5615,18,-0.3878,1,-4.5030,9,-1.3667,15,-0.7088,38,0.76432,30,0.37203,39,0.81455,35,0.87387
ENSG00000132429,POPDC3,2,-2.9834,24,0.68723,0,-6.0566,0,-4.5353,15,-0.0430,0,-4.5331,37,1.37881,10,-0.7266,25,1.09364
ENSG00000085377,PREP,2,-3.8974,10,-1.5936,3,-3.4116,47,0.72667,15,-1.0410,22,-0.4462,41,0.51180,25,-0.2974,52,1.34374
ENSG00000057663,ATG5,43,0.38001,21,-0.6851,18,-0.9615,107,1.93266,17,-1.1254,22,-0.6628,28,-0.3062,23,-0.6025,36,0.13779
ENSG00000130348,QRSL1,49,1.81775,17,0.10565,1,-3.4104,16,-0.0150,9,-0.9401,10,-0.7253,10,-0.6585,30,0.96387,15,-0.1771
ENSG00000272398,CD24,2,-3.9039,8,-1.9643,18,-0.7435,57,1.01544,10,-1.6925,5,-2.6644,117,2.33945,57,1.02018,27,-0.2321
ENSG00000130349,MTRES1,2,-3.3474,17,-0.2795,13,-0.6968,20,-0.0502,19,-0.1062,28,0.50230,32,0.69677,13,-0.6817,26,0.49902
ENSG00000112320,SOBP,2,-5.5187,30,-1.6938,102,0.15354,98,0.09177,105,0.22495,234,1.52963,63,-0.5810,65,-0.5507,99,0.15408
ENSG00000025796,SEC63,2,-4.8590,63,0.11089,92,0.71685,62,0.09178,63,0.12575,90,0.68344,62,0.08294,49,-0.2701,54,-0.1696
ENSG00000081087,OSTM1,2,-4.1027,23,-0.5784,39,0.18381,66,1.03767,23,-0.6417,37,0.11078,44,0.37568,32,-0.0975,40,0.29585
ENSG00000112335,SNX3,285,-0.3280,319,-0.1533,293,-0.2843,345,-0.0348,330,-0.1098,573,0.77857,457,0.40910,336,-0.0727,328,-0.1467
ENSG00000118689,FOXO3,191,1.73971,63,-0.0874,100,0.63636,46,-0.5900,52,-0.4335,43,-0.6900,57,-0.2490,45,-0.6183,56,-0.3568
ENSG00000080546,SESN1,16,-1.7606,29,-0.8285,38,-0.4390,71,0.52530,25,-1.1333,86,0.83191,54,0.09219,35,-0.5481,70,0.73354
ENSG00000135535,CD164,2,-5.0953,129,1.01299,119,0.87592,9,-3.0277,43,-0.7680,112,0.77198,98,0.55122,57,-0.2899,71,0.06366
ENSG00000135596,MICAL1,147,3.38260,12,-1.0655,1,-4.0440,6,-2.0859,14,-0.8694,17,-0.5271,27,0.21178,1,-3.8095,18,-0.5462
ENSG00000155085,AK9,10,-0.2371,28,1.47366,30,1.60706,0,-4.0727,7,-0.6836,3,-1.9362,3,-1.8584,19,0.76829,10,-0.2732
ENSG00000112367,FIG4,2,-4.2473,18,-1.1472,11,-1.7738,37,-0.0482,25,-0.6993,25,-0.6601,74,1.07648,40,0.07127,60,1.05580
ENSG00000112290,WASF1,7,-4.8267,54,-1.9859,41,-2.4096,159,-0.3926,107,-1.0569,307,0.64570,415,1.14736,165,-0.3361,325,1.09999
ENSG00000168438,CDC40,205,2.39165,19,-1.5184,9,-2.5923,10,-2.3456,20,-1.5023,50,-0.0401,70,0.48882,39,-0.4345,57,0.21085
ENSG00000155111,CDK19,84,1.19530,122,1.85846,30,-0.4465,78,1.06225,31,-0.4408,26,-0.6789,18,-1.2178,8,-2.3927,24,-0.9786
ENSG00000123505,AMD1,83,-0.2867,186,1.00485,48,-1.1115,118,0.27266,89,-0.1924,101,0.01803,83,-0.2695,110,0.15216,97,-0.0545
ENSG00000155115,GTF3C6,2,-5.0314,113,0.86588,129,1.08137,69,0.07984,69,0.08174,41,-0.7149,62,-0.0870,71,0.11563,58,-0.2685
ENSG00000197498,RPF2,210,3.07985,26,-0.6061,19,-1.0632,18,-1.1384,15,-1.4726,30,-0.4055,29,-0.4148,33,-0.2352,27,-0.7044
ENSG00000009413,REV3L,2,-2.4912,19,0.87647,12,0.17337,9,-0.2360,16,0.65944,6,-0.9252,11,0.04839,5,-1.2664,12,0.10072
ENSG00000010810,FYN,2,-5.3700,98,0.03780,137,0.56471,58,-0.7740,98,0.03091,94,-0.0314,87,-0.1600,124,0.40060,113,0.35502
ENSG00000074935,TUBE1,2,-2.7133,16,0.35064,10,-0.3474,0,-4.0937,10,-0.4646,18,0.52337,19,0.62774,20,0.69063,16,0.39630
ENSG00000203778,FAM229B,55,-0.4705,107,0.57345,136,0.97744,90,0.30704,69,-0.1318,59,-0.3590,95,0.38770,22,-1.7873,66,-0.2408
ENSG00000277443,MARCKS,125,-1.3689,287,-0.1141,691,1.31774,253,-0.3056,284,-0.1397,434,0.54008,252,-0.3132,292,-0.0843,277,-0.2167
ENSG00000196591,HDAC2,75,0.19097,85,0.38636,98,0.61363,35,-0.9631,40,-0.8161,96,0.56837,96,0.58421,51,-0.4076,62,-0.1423
ENSG00000178425,NT5DC1,2,-3.6841,97,2.27316,33,0.39684,81,1.92455,17,-0.7100,7,-1.8039,4,-2.4873,11,-1.2112,16,-0.8802
ENSG00000187189,TSPYL4,347,0.95393,30,-2.7442,81,-1.3121,199,0.05810,112,-0.8804,292,0.66992,210,0.14586,134,-0.5482,244,0.53149
ENSG00000189241,TSPYL1,310,-0.6853,75,-2.7722,119,-2.1068,481,-0.0122,320,-0.6855,733,0.66003,558,0.22036,813,0.82957,643,0.63271
ENSG00000111832,RWDD1,6,-3.5917,152,1.17232,105,0.55880,57,-0.3997,76,0.04852,58,-0.3603,48,-0.6462,47,-0.6834,83,0.25879
ENSG00000153975,ZUP1,2,-2.8787,9,-0.7559,2,-2.8257,46,1.88590,8,-0.9959,18,0.28896,13,-0.1654,34,1.33792,13,-0.2245
ENSG00000196911,KPNA5,2,-4.2976,36,-0.1303,19,-1.1099,51,0.39129,27,-0.5908,18,-1.2084,36,-0.1466,73,0.97994,56,0.79644
ENSG00000164465,DCBLD1,2,-2.5624,2,-2.3498,0,-7.4162,0,-4.1177,6,-0.9587,24,1.11157,26,1.29809,9,-0.3107,19,1.13285
ENSG00000047932,GOPC,98,0.92277,34,-0.7330,40,-0.4898,50,-0.1390,32,-0.8927,120,1.26097,71,0.40078,56,0.02078,46,-0.3636
ENSG00000153989,NUS1,73,0.73501,27,-0.8173,59,0.40590,37,-0.3098,28,-0.7893,56,0.31936,55,0.29850,66,0.58575,41,-0.2133
ENSG00000196376,SLC35F1,53,-0.2857,9,-2.9000,97,0.65764,63,-0.0359,55,-0.2646,209,1.99536,61,-0.0667,114,0.92940,29,-1.4240
ENSG00000111860,CEP85L,61,2.52496,13,-0.1245,18,0.34121,12,-0.2126,9,-0.6349,20,0.55188,6,-1.2545,2,-2.7945,8,-0.9889
ENSG00000111875,ASF1A,35,0.02975,43,0.35178,20,-0.7732,84,1.47973,25,-0.5184,46,0.48067,31,-0.1417,40,0.26328,23,-0.7203
ENSG00000111879,FAM184A,2,-3.4985,8,-1.4872,25,0.14779,0,-4.9685,28,0.37675,20,-0.2027,12,-0.8982,27,0.30184,36,1.06704
ENSG00000111885,MAN1A1,98,1.31230,3,-3.8398,6,-2.8434,38,-0.2192,16,-1.6087,3,-3.7471,69,0.72611,6,-2.7724,78,1.45270
ENSG00000152661,GJA1,269,-0.2493,270,-0.2480,1655,3.00994,105,-1.6590,445,0.59933,164,-1.0056,73,-2.2038,161,-1.0304,132,-1.5883
ENSG00000025156,HSF2,2,-3.1732,14,-0.3194,29,0.74481,0,-4.7130,13,-0.5224,23,0.41199,29,0.75316,18,0.03561,23,0.51561
ENSG00000111897,SERINC1,367,-1.0657,594,-0.3369,400,-0.9379,1061,0.57553,415,-0.9409,1014,0.50284,1043,0.54839,1069,0.58787,806,0.18463
ENSG00000135549,PKIB,2,-2.7725,3,-2.0991,0,-7.4597,48,2.12026,7,-0.9685,2,-2.6902,21,0.72141,3,-2.2249,21,0.97557
ENSG00000164434,FABP7,8,-4.0630,28,-2.3529,157,0.21948,47,-1.6221,180,0.47892,113,-0.2921,62,-1.1974,114,-0.2783,222,1.16380
ENSG00000172594,SMPDL3A,2,-2.5502,13,0.14990,0,-5.5012,13,0.17734,9,-0.3111,20,0.81996,8,-0.5943,4,-1.5383,18,1.03782
ENSG00000146352,CLVS2,2,-4.6396,7,-2.8005,33,-0.6291,45,-0.1807,34,-0.6406,38,-0.4134,61,0.31683,70,0.53255,82,1.17167
ENSG00000188580,NKAIN2,65,-0.0986,132,1.04336,32,-1.1778,23,-1.6502,38,-0.9576,140,1.14030,110,0.73512,76,0.15007,61,-0.2461
ENSG00000146373,RNF217,46,2.51982,20,1.03946,9,-0.2135,0,-3.9762,8,-0.3642,6,-0.7364,16,0.64712,0,-4.5525,5,-1.1413
ENSG00000111907,TPD52L1,2,-4.2065,56,0.24651,107,1.30524,21,-1.2173,74,0.76961,42,-0.2051,17,-1.5603,28,-0.8216,50,0.10642
ENSG00000111906,HDDC2,38,-1.7212,129,0.11642,122,0.02117,122,0.02428,136,0.20987,61,-1.0310,94,-0.3845,129,0.11415,149,0.46812
ENSG00000111912,NCOA7,2,-5.8803,124,-0.3958,61,-1.4556,253,0.72252,131,-0.3368,253,0.72317,211,0.43241,128,-0.3516,198,0.46048
ENSG00000111911,HINT3,85,-0.2922,108,0.07975,110,0.11716,74,-0.4936,86,-0.2884,151,0.61588,100,-0.0402,120,0.24538,103,0.00807
ENSG00000066651,TRMT11,3,-2.2587,13,-0.0865,21,0.67658,7,-1.0527,10,-0.4590,10,-0.4744,10,-0.3923,8,-0.7006,21,1.00864
ENSG00000146374,RSPO3,2,-2.6064,0,-5.5389,2,-2.5794,1,-3.1397,8,-0.6009,21,0.86638,46,2.24637,5,-1.3559,16,0.63153
ENSG00000118518,RNF146,2,-4.5909,70,0.57181,36,-0.4389,11,-2.1815,46,-0.0988,53,0.12809,88,0.96402,56,0.23046,56,0.29514
ENSG00000093144,ECHDC1,68,0.30416,95,0.85925,84,0.64724,64,0.22753,39,-0.5941,57,0.03086,29,-0.9914,59,0.10348,47,-0.3190
ENSG00000189367,KIAA0408,72,-0.4954,34,-1.6130,48,-1.0980,137,0.51626,82,-0.3158,146,0.61122,100,0.01048,112,0.19689,119,0.39402
ENSG00000152894,PTPRK,2,-4.5843,74,0.68340,19,-1.3815,36,-0.4481,22,-1.2410,2,-4.1440,37,-0.4043,11,-2.1688,100,1.97749
ENSG00000146376,ARHGAP18,2,-2.2690,3,-1.4227,13,0.48436,0,-3.8273,4,-1.1550,5,-0.9961,2,-1.8622,5,-0.7769,21,2.11558
ENSG00000079819,EPB41L2,27,-1.4234,224,1.95748,143,1.15116,39,-0.8833,77,0.15690,48,-0.5747,41,-0.8256,52,-0.4494,46,-0.8120
ENSG00000118507,AKAP7,2,-4.0724,21,-0.7018,33,-0.0459,109,1.96388,28,-0.2915,47,0.53710,7,-2.3220,55,0.76281,27,-0.4241
ENSG00000112282,MED23,2,-2.8258,16,0.24120,8,-0.7387,43,1.84123,10,-0.5599,20,0.56231,7,-0.9743,30,1.22587,9,-0.8477
ENSG00000118523,CCN2,2,-5.8033,5,-4.3736,85,-0.4450,37,-1.6990,56,-1.1457,1220,5.78106,0,-7.7124,10,-3.4891,2,-5.9298
ENSG00000079931,MOXD1,48,0.55151,11,-1.5949,69,1.15843,4,-3.0937,42,0.36731,9,-1.9766,20,-0.7845,19,-0.8396,43,0.56361
ENSG00000079950,STX7,77,-0.5671,108,-0.0449,74,-0.6168,86,-0.3980,104,-0.1179,166,0.63848,141,0.37313,166,0.63284,105,-0.1161
ENSG00000146409,SLC18B1,2,-3.7156,30,0.18279,85,1.96604,2,-3.5050,43,0.89817,40,0.67609,22,-0.2701,6,-2.0519,17,-0.8350
ENSG00000112306,RPS12,1066,-0.0055,2430,1.34433,1797,0.83218,839,-0.3762,1448,0.53207,786,-0.4766,537,-1.0513,892,-0.2828,667,-0.9057
ENSG00000028839,TBPL1,2,-4.5377,16,-1.5583,15,-1.6667,53,0.19041,30,-0.7414,102,1.27573,86,0.98283,107,1.35320,41,-0.2388
ENSG00000118515,SGK1,2,-4.2238,196,2.98837,43,0.22913,1,-4.3568,36,-0.0476,35,-0.1171,15,-1.3677,68,0.95241,13,-1.7975
ENSG00000112339,HBS1L,47,0.04004,72,0.70656,27,-0.8196,12,-2.0389,45,-0.0485,53,0.20751,84,0.95500,31,-0.5863,46,-0.0016
ENSG00000135541,AHI1,51,0.29775,21,-1.0608,16,-1.4817,50,0.26302,40,-0.1136,51,0.27993,32,-0.4408,74,0.89554,44,0.08893
ENSG00000029363,BCLAF1,2,-5.2776,81,0.05466,84,0.10365,61,-0.3793,80,0.03584,93,0.27035,89,0.20304,139,0.91866,77,-0.0268
ENSG00000135525,MAP7,54,-0.0079,221,2.43359,78,0.56630,25,-1.1932,45,-0.2961,33,-0.7439,18,-1.6404,16,-1.8010,43,-0.4752
ENSG00000197442,MAP3K5,2,-4.0361,26,-0.3492,69,1.18357,24,-0.4747,32,-0.0325,18,-0.9406,21,-0.6781,37,0.18107,42,0.52125
ENSG00000112357,PEX7,2,-2.2025,13,0.51453,5,-0.7597,3,-1.5779,12,0.48222,12,0.46288,11,0.36340,11,0.28087,9,-0.0016
ENSG00000027697,IFNGR1,2,-4.3337,79,1.08363,113,1.69464,88,1.25086,39,-0.0585,25,-0.7072,23,-0.8677,7,-2.6255,28,-0.7100
ENSG00000112379,ARFGEF3,136,0.38652,113,0.08942,97,-0.1528,183,0.86750,69,-0.7250,101,-0.0816,73,-0.5904,95,-0.1743,113,0.11753
ENSG00000051620,HEBP2,2,-3.8796,24,-0.3158,62,1.19389,47,0.74846,38,0.42278,27,-0.1272,10,-1.6224,37,0.36215,25,-0.3485
ENSG00000024862,CCDC28A,94,0.90313,19,-1.5450,51,-0.0801,69,0.40846,32,-0.8414,72,0.47647,63,0.26005,66,0.33190,49,-0.1708
ENSG00000135597,REPS1,2,-3.5314,16,-0.5664,46,1.11113,40,0.86225,26,0.23377,25,0.11226,19,-0.2553,12,-0.9994,22,-0.1119
ENSG00000146386,ABRACL,2,-4.0484,5,-2.8363,15,-1.2280,1,-5.0463,31,-0.0910,73,1.26695,70,1.19607,31,-0.0990,43,0.59233
ENSG00000112406,HECA,2,-4.1940,37,-0.0042,65,0.91350,25,-0.5937,33,-0.1962,44,0.27000,39,0.08016,52,0.55750,37,0.03094
ENSG00000164442,CITED2,2,-4.1790,4,-3.0975,9,-2.0489,135,2.24497,18,-1.0868,42,0.23329,35,-0.0494,22,-0.7635,47,0.54571
ENSG00000009844,VTA1,58,-0.0156,39,-0.6036,69,0.26337,21,-1.4925,38,-0.7040,67,0.22593,107,0.97846,51,-0.1987,67,0.30351
ENSG00000010818,HIVEP2,69,-0.2482,13,-2.6842,49,-0.7553,73,-0.1564,60,-0.4740,168,1.19457,60,-0.4625,70,-0.2114,106,0.61455
ENSG00000146416,AIG1,2,-5.0643,79,0.24807,79,0.25188,90,0.45990,52,-0.4386,87,0.40389,71,0.08517,66,-0.0431,75,0.21758
ENSG00000034693,PEX3,2,-2.6860,12,-0.0456,13,0.05172,10,-0.3985,11,-0.2517,25,1.07030,19,0.65488,7,-0.8563,14,0.16225
ENSG00000001036,FUCA2,2,-3.2425,48,1.51322,29,0.65381,31,0.76960,16,-0.2790,17,-0.1743,10,-0.8989,13,-0.5743,16,-0.3097
ENSG00000112419,PHACTR2,2,-3.3709,20,-0.0241,10,-1.1284,0,-4.7882,16,-0.3864,2,-3.2536,40,1.05392,6,-1.7630,39,1.60196
ENSG00000135521,LTV1,2,-2.4774,12,0.18154,2,-2.2177,0,-4.0335,14,0.46250,5,-1.0702,18,0.76814,24,1.22950,13,0.27675
ENSG00000169976,SF3B5,4,-4.6095,125,0.34310,99,-0.0249,74,-0.4681,104,0.06126,79,-0.3663,132,0.43604,101,0.00157,121,0.40197
ENSG00000152818,UTRN,2,-3.7107,25,-0.1008,62,1.41239,67,1.52922,19,-0.5220,13,-0.9912,3,-3.2138,40,0.67914,23,-0.2878
ENSG00000112425,EPM2A,2,-3.2266,21,0.15617,7,-1.4798,40,1.23524,21,0.19275,3,-2.3645,9,-1.0633,18,-0.0276,25,0.65251
ENSG00000118496,FBXO30,2,-2.1011,21,1.46080,23,1.61309,0,-3.6614,8,-0.0295,4,-0.9989,10,0.27154,13,0.64840,5,-0.9547
ENSG00000152822,GRM1,149,2.67356,0,-5.4504,0,-8.8673,111,2.06586,4,-2.9382,5,-2.7064,49,0.65390,17,-1.0030,21,-0.8253
ENSG00000164506,STXBP5,2,-4.8551,7,-3.1393,43,-0.4698,63,0.11150,47,-0.3522,158,1.65528,84,0.57581,47,-0.3328,65,0.23404
ENSG00000111961,SASH1,2,-4.7011,111,1.21695,156,1.82631,42,-0.3501,59,0.20716,41,-0.3859,23,-1.2392,33,-0.6978,39,-0.5842
ENSG00000111962,UST,36,0.92657,6,-1.7238,20,-0.0043,7,-1.5420,16,-0.4152,57,1.71850,11,-0.9460,8,-1.4022,21,0.12788
ENSG00000228408,AL031056.1,2,-2.9147,52,2.09588,102,3.65369,0,-4.4672,14,-0.0607,0,-5.0840,0,-8.6687,0,-5.6899,2,-2.8509
ENSG00000055208,TAB2,2,-4.0528,39,0.25791,44,0.44586,29,-0.2166,37,0.16196,41,0.33743,22,-0.6488,40,0.29918,35,0.13364
ENSG00000131013,PPIL4,2,-3.1334,35,1.10154,31,0.90735,20,0.21277,22,0.35902,20,0.22083,12,-0.5833,16,-0.0909,12,-0.7174
ENSG00000055211,GINM1,119,1.84616,70,0.92628,61,0.68983,50,0.37986,26,-0.6569,26,-0.6493,11,-1.8556,19,-1.1260,26,-0.8005
ENSG00000131023,LATS1,2,-2.7683,13,-0.0201,16,0.26687,15,0.20641,15,0.20687,19,0.53831,11,-0.3244,12,-0.2108,14,0.09672
ENSG00000120265,PCMT1,103,-1.7239,146,-1.2083,147,-1.2051,311,-0.0635,214,-0.6816,431,0.45157,661,1.16018,347,0.10735,409,0.51462
ENSG00000120256,LRP11,2,-5.0627,40,-0.8082,28,-1.3709,88,0.38331,39,-0.9156,90,0.42352,130,1.01887,65,-0.1006,94,0.69128
ENSG00000198729,PPP1R14C,2,-3.6823,1,-4.3977,5,-2.4532,58,1.33211,21,-0.3343,98,2.29475,19,-0.4405,9,-1.4737,25,-0.0664
ENSG00000120254,MTHFD1L,2,-2.4153,8,-0.4708,10,-0.1345,0,-3.9720,14,0.47897,17,0.74578,14,0.43035,11,0.13198,12,0.22994
ENSG00000131016,AKAP12,48,-0.6269,11,-2.8147,12,-2.6737,39,-0.9383,101,0.57375,47,-0.6810,101,0.50882,79,0.13230,102,0.76592
ENSG00000155906,RMND1,2,-2.6180,8,-0.5901,15,0.27684,1,-3.3405,14,0.27061,9,-0.4299,25,1.16323,18,0.57334,13,0.13883
ENSG00000146476,ARMT1,2,-3.3850,15,-0.4452,16,-0.4028,37,0.91649,11,-0.9604,41,1.07935,21,0.02659,20,-0.0297,24,0.27882
ENSG00000131018,SYNE1,47,-1.1475,19,-2.4855,66,-0.6336,144,0.56518,81,-0.3507,131,0.42445,104,0.05801,80,-0.3593,138,0.71694
ENSG00000146469,VIP,14,0.17852,1,-3.5663,0,-5.7008,0,-4.2236,21,0.87020,0,-8.3565,0,-7.0147,25,1.08103,21,1.17323
ENSG00000112031,MTRF1L,2,-3.5539,32,0.49640,42,0.93318,17,-0.5251,28,0.31367,16,-0.5602,28,0.28983,15,-0.6877,24,0.05775
ENSG00000091844,RGS17,2,-3.5627,1,-4.1700,0,-8.4068,119,2.89217,6,-1.9906,30,0.37237,24,0.04146,1,-4.0072,29,0.46780
ENSG00000074706,IPCEF1,10,-2.5770,4,-3.7674,35,-0.7478,16,-1.8343,41,-0.5349,180,1.94807,109,1.06032,47,-0.2982,63,0.23674
ENSG00000213079,SCAF8,2,-3.5534,20,-0.2728,43,0.93616,10,-1.2805,22,-0.1255,31,0.44592,28,0.26278,29,0.32649,25,0.13146
ENSG00000146426,TIAM2,2,-3.7939,4,-2.8013,0,-8.6377,14,-1.0485,16,-0.8784,0,-7.4154,63,1.32427,23,-0.3098,56,1.85878
ENSG00000049618,ARID1B,73,0.62096,44,-0.1846,45,-0.1559,15,-1.7255,43,-0.2320,43,-0.2040,51,0.04536,71,0.57074,54,0.16825
ENSG00000215712,TMEM242,2,-4.4290,30,-0.5738,40,-0.1224,44,0.04014,33,-0.4341,58,0.46230,67,0.68450,41,-0.0981,54,0.47077
ENSG00000175048,ZDHHC14,2,-4.4108,65,0.65165,78,0.95449,9,-2.2675,38,-0.2046,85,1.10580,48,0.19314,54,0.38069,35,-0.4067
ENSG00000130340,SNX9,2,-3.5287,47,1.04434,29,0.22530,44,0.91774,21,-0.2297,53,1.22788,28,0.17320,23,-0.0768,13,-1.1723
ENSG00000078269,SYNJ2,2,-4.4416,168,2.02718,67,0.45382,6,-3.1437,37,-0.5110,76,0.63694,45,-0.1661,46,-0.1390,43,-0.3129
ENSG00000122335,SERAC1,2,-2.8524,12,-0.2573,0,-6.4363,0,-4.4053,8,-0.8547,18,0.35064,28,1.04956,34,1.40693,19,0.60316
ENSG00000272047,GTF2H5,65,-0.7516,116,0.12600,132,0.32813,46,-1.2743,98,-0.1520,126,0.25959,108,0.01306,161,0.64732,110,0.06332
ENSG00000130338,TULP4,2,-4.5734,99,1.18280,32,-0.6293,32,-0.6341,64,0.51878,75,0.70393,35,-0.4759,30,-0.6850,47,-0.0294
ENSG00000146433,TMEM181,17,-1.8726,44,-0.4860,44,-0.4932,48,-0.3688,33,-0.9619,108,0.91413,75,0.33309,79,0.42166,77,0.51591
ENSG00000146425,DYNLT1,78,1.41072,62,1.01500,71,1.23579,51,0.70588,29,-0.2067,17,-1.0205,17,-0.9905,6,-2.4754,17,-1.2202
ENSG00000092820,EZR,2,-5.4405,130,0.63338,442,2.92185,45,-1.0095,116,0.49482,48,-0.8998,24,-1.9588,54,-0.7302,40,-1.4337
ENSG00000130363,RSPH3,2,-2.9390,12,-0.3789,14,-0.1103,37,1.41510,11,-0.4466,16,0.07970,6,-1.2727,20,0.41739,17,0.23486
ENSG00000112096,SOD2,149,-0.2428,94,-0.9391,149,-0.2422,146,-0.2755,162,-0.1179,150,-0.2304,226,0.41261,270,0.70097,188,0.17009
ENSG00000146457,WTAP,2,-4.5199,50,0.12595,36,-0.3601,52,0.19149,48,0.08487,51,0.16543,76,0.78683,44,-0.0589,48,0.07092
ENSG00000120437,ACAT2,55,-0.2857,52,-0.3861,33,-1.0821,89,0.45232,39,-0.8721,32,-1.1087,128,1.04529,72,0.13181,82,0.45064
ENSG00000120438,TCP1,113,-0.5792,124,-0.4379,117,-0.5344,120,-0.4948,117,-0.5724,268,0.77353,286,0.87673,165,-0.0077,181,0.18778
ENSG00000112110,MRPL18,2,-4.9813,72,0.19436,103,0.76867,14,-2.1965,63,-0.0252,70,0.14087,92,0.57664,45,-0.5447,76,0.38862
ENSG00000197081,IGF2R,2,-2.7918,26,1.00402,24,0.86766,0,-4.3449,11,-0.3665,14,0.04295,18,0.40650,5,-1.4507,17,0.44601
ENSG00000085511,MAP3K4,2,-3.1541,5,-1.6904,12,-0.5393,0,-4.7048,18,0.01551,36,1.14809,21,0.25721,12,-0.6048,26,0.90646
ENSG00000026652,AGPAT4,55,0.49424,90,1.33294,37,-0.1147,11,-1.8706,23,-0.8825,40,0.00041,42,0.08408,40,0.01425,39,-0.0373
ENSG00000185345,PRKN,2,-3.5851,2,-3.3688,7,-1.7051,7,-1.7397,23,-0.0536,36,0.65361,34,0.55539,26,0.13302,37,1.04311
ENSG00000112530,PACRG,2,-3.0690,5,-1.7183,2,-2.8231,50,1.80700,10,-0.8753,14,-0.2588,20,0.29333,6,-1.3751,25,0.87455
ENSG00000270419,CAHM,2,-2.0117,42,2.97296,12,0.65085,0,-3.5731,6,-0.4665,5,-0.6304,4,-0.9411,11,0.57341,3,-1.4215
ENSG00000112531,QKI,134,-1.4789,1528,2.56743,1183,2.04527,173,-1.0967,387,0.14833,142,-1.3942,70,-2.4377,235,-0.6352,95,-2.3073
ENSG00000176381,PRR18,2,-4.4848,282,3.45503,115,1.54187,49,0.14662,35,-0.4324,14,-1.7499,3,-3.9086,20,-1.2289,8,-2.8969
ENSG00000198818,SFT2D1,2,-4.3137,190,2.22577,81,0.71583,1,-5.8113,51,-0.0183,42,-0.3083,29,-0.8789,50,-0.0669,44,-0.3301
ENSG00000060762,MPC1,153,0.45232,272,1.41655,162,0.54936,62,-0.9436,102,-0.1994,67,-0.8150,59,-1.0126,93,-0.3238,105,-0.1823
ENSG00000071242,RPS6KA2,34,-0.7698,83,0.62067,81,0.58388,34,-0.7476,62,0.18430,82,0.59940,10,-2.5022,85,0.65626,49,-0.2826
ENSG00000026297,RNASET2,7,-2.9546,82,0.67794,116,1.25259,148,1.68075,56,0.06776,32,-0.8013,37,-0.5613,47,-0.1993,29,-1.1339
ENSG00000213066,FGFR1OP,2,-2.7636,3,-1.9492,10,-0.5134,19,0.49809,11,-0.3443,26,1.02810,29,1.22053,13,-0.0491,13,-0.0620
ENSG00000130396,AFDN,2,-4.2183,34,-0.1399,44,0.24600,27,-0.4759,44,0.27463,69,0.97872,38,0.00946,39,0.06874,36,-0.0548
ENSG00000186340,THBS2,2,-3.7754,176,3.51276,69,1.51139,0,-5.3207,24,-0.2324,15,-0.9222,1,-4.6426,16,-0.7941,7,-2.2198
ENSG00000185127,C6orf120,2,-3.1087,13,-0.4229,27,0.71504,1,-4.0834,14,-0.2802,21,0.34316,14,-0.2506,32,0.98796,21,0.42410
ENSG00000130024,PHF10,134,1.90081,57,0.43903,72,0.81608,12,-1.8715,39,-0.1698,14,-1.6593,20,-1.1479,42,-0.0503,33,-0.5298
ENSG00000112584,FAM120B,54,0.93120,20,-0.6347,12,-1.3805,35,0.22138,25,-0.2993,24,-0.3415,70,1.36198,3,-3.1569,31,0.05773
ENSG00000008018,PSMB1,74,-0.9914,163,0.22543,181,0.38978,143,0.01241,121,-0.2647,149,0.08135,163,0.21850,178,0.36217,137,-0.0702
ENSG00000112592,TBP,2,-2.6531,8,-0.6326,33,1.57647,29,1.37900,10,-0.3650,7,-0.8398,16,0.41067,2,-2.5542,11,-0.2155
ENSG00000071994,PDCD2,50,0.20380,39,-0.2000,16,-1.5247,64,0.59315,40,-0.1426,61,0.50339,54,0.31824,56,0.37912,38,-0.2943
ENSG00000177706,FAM20C,57,0.85255,35,0.06422,44,0.40996,20,-0.7732,31,-0.1515,24,-0.5046,34,0.00216,16,-1.0680,36,0.15793
ENSG00000197461,PDGFA,2,-3.8049,71,1.53193,42,0.62486,1,-4.5137,22,-0.3672,29,0.03823,25,-0.1515,46,0.77351,26,-0.1532
ENSG00000188191,PRKAR1B,737,0.56072,28,-4.2888,156,-1.8121,408,-0.3697,306,-0.8599,604,0.24097,854,0.80213,552,0.09967,695,0.66254
ENSG00000164828,SUN1,3,-3.8308,48,0.02321,61,0.39725,75,0.73901,25,-0.9931,81,0.85858,49,0.07277,64,0.48842,45,-0.0877
ENSG00000105963,ADAP1,51,-1.0075,117,0.25057,81,-0.3116,83,-0.2763,73,-0.5157,124,0.34681,109,0.13544,127,0.38947,114,0.28811
ENSG00000240230,COX19,2,-3.1406,27,0.64986,25,0.58223,0,-4.6915,18,-0.0004,11,-0.7120,39,1.29873,9,-1.0206,20,0.27091
ENSG00000146540,C7orf50,6,-4.2774,85,-0.4237,77,-0.5826,124,0.15621,123,0.15966,142,0.36975,108,-0.0579,91,-0.3313,145,0.56863
ENSG00000178381,ZFAND2A,41,-0.3170,55,0.15149,49,-0.0359,9,-2.4745,48,-0.0561,39,-0.3744,59,0.26403,87,0.87353,54,0.14801
ENSG00000164877,MICALL2,2,-2.6581,14,0.14139,26,1.14403,1,-3.1271,12,-0.0360,19,0.61729,9,-0.4367,9,-0.5087,15,0.34316
ENSG00000164880,INTS1,2,-5.1230,39,-0.8866,93,0.44786,98,0.53431,68,-0.0466,106,0.65710,99,0.55165,91,0.41708,61,-0.2655
ENSG00000198517,MAFK,22,0.11025,23,0.16368,22,0.11643,50,1.46766,22,0.15466,28,0.51208,27,0.43651,9,-1.2451,10,-1.3091
ENSG00000157778,PSMG3,155,1.37270,31,-1.1680,38,-0.8524,71,0.09069,52,-0.4236,71,0.10094,90,0.46084,43,-0.6689,67,-0.0045
ENSG00000230487,PSMG3-AS1,2,-2.0510,8,-0.0223,5,-0.6501,0,-3.4957,10,0.41127,12,0.62790,24,1.72531,2,-2.1513,8,-0.0287
ENSG00000002822,MAD1L1,23,0.12952,16,-0.4006,14,-0.6772,63,1.76878,13,-0.8079,10,-1.0803,33,0.69598,21,0.00385,18,-0.3516
ENSG00000122687,MRM2,2,-3.2499,17,-0.1392,19,-0.0143,2,-3.1366,22,0.25599,19,0.00332,27,0.54989,13,-0.5053,26,0.67880
ENSG00000106268,NUDT1,116,2.95537,42,0.98110,19,-0.2564,0,-5.0406,20,-0.1964,23,0.00699,10,-1.1746,8,-1.4208,8,-1.7264
ENSG00000106266,SNX8,2,-2.4552,13,0.33923,27,1.49384,4,-1.3120,11,0.07218,5,-0.9693,10,-0.1292,13,0.26420,11,-0.0248
ENSG00000106263,EIF3B,2,-4.7183,50,-0.1025,40,-0.4436,53,-0.0023,53,-0.0015,58,0.13692,75,0.55735,30,-0.8734,69,0.58432
ENSG00000136213,CHST12,2,-2.8700,14,-0.0983,34,1.35106,13,-0.2075,17,0.24699,25,0.86659,2,-2.7861,9,-0.6380,14,-0.0404
ENSG00000106009,BRAT1,31,0.54624,21,-0.0194,56,1.55535,3,-2.7582,20,-0.1743,19,-0.1745,24,0.17204,17,-0.3303,18,-0.4063
ENSG00000106012,IQCE,2,-3.0722,16,-0.0878,10,-0.7886,12,-0.5119,24,0.63378,21,0.33544,10,-0.7955,11,-0.6438,22,0.61268
ENSG00000136295,TTYH3,2,-4.4073,11,-2.2315,10,-2.3169,35,-0.5160,58,0.29291,73,0.64770,63,0.41440,55,0.19573,67,0.71847
ENSG00000146535,GNA12,51,0.58162,69,1.07956,81,1.34521,0,-5.5150,52,0.69453,26,-0.4877,17,-1.0763,20,-0.8704,23,-0.8502
ENSG00000164916,FOXK1,31,0.29165,25,0.00027,11,-1.2340,0,-5.1312,29,0.26169,23,-0.1235,21,-0.2992,16,-0.6955,36,0.77227
ENSG00000242802,AP5Z1,68,1.79663,20,-0.2117,1,-3.8579,70,1.85313,14,-0.7857,16,-0.5579,29,0.32885,17,-0.4824,13,-1.1050
ENSG00000157954,WIPI2,2,-5.6102,72,-0.4793,95,-0.0567,79,-0.3459,70,-0.5563,120,0.31388,172,0.88954,90,-0.1326,128,0.57236
ENSG00000164638,SLC29A4,2,-2.7204,2,-2.6165,0,-7.4881,13,0.01633,15,0.21420,7,-0.9124,5,-1.2698,14,0.09897,24,1.54123
ENSG00000182095,TNRC18,2,-4.0452,15,-1.1649,53,0.73772,38,0.21793,31,-0.0843,53,0.75710,22,-0.6368,39,0.24285,36,0.20214
ENSG00000155034,FBXL18,2,-4.0041,11,-1.6324,22,-0.5671,55,0.84511,35,0.16627,38,0.26314,34,0.06827,41,0.38491,36,0.25358
ENSG00000075624,ACTB,1184,-0.6846,2175,0.25600,1912,0.05356,1467,-0.3579,1548,-0.2977,2239,0.30262,2361,0.38706,1898,0.04131,1924,0.08404
ENSG00000075618,FSCN1,15,-3.4852,363,1.35460,204,0.39203,199,0.35591,116,-0.5165,186,0.24913,183,0.22380,136,-0.2442,137,-0.3040
ENSG00000011275,RNF216,2,-3.3829,30,0.57632,30,0.58822,5,-2.0033,20,-0.0980,23,0.16582,19,-0.1626,9,-1.2413,28,0.67947
ENSG00000122674,CCZ1,2,-4.6846,58,0.17031,54,0.07204,37,-0.5275,36,-0.5904,54,0.07968,57,0.14622,49,-0.0707,72,0.75862
ENSG00000122512,PMS2,2,-3.9391,16,-0.9863,8,-1.8962,18,-0.8281,32,0.08880,46,0.62091,66,1.22844,37,0.30556,36,0.30929
ENSG00000106305,AIMP2,2,-3.0546,20,0.28801,19,0.20394,16,-0.0514,16,-0.0866,20,0.28078,27,0.75661,9,-0.8944,18,0.15650
ENSG00000086232,EIF2AK1,98,0.60184,66,-0.0153,68,0.01815,48,-0.4958,45,-0.6558,82,0.31617,60,-0.1570,79,0.26712,70,0.08110
ENSG00000008256,CYTH3,2,-3.6381,5,-2.2907,21,-0.2480,50,1.12399,26,0.10317,53,1.20408,15,-0.7122,14,-0.8062,27,0.20644
ENSG00000136238,RAC1,200,-1.0503,551,0.51029,400,0.00406,402,0.01052,337,-0.2845,568,0.56067,445,0.17090,320,-0.3397,407,0.04090
ENSG00000164535,DAGLB,2,-3.7174,9,-1.5492,4,-2.7875,68,1.55442,13,-1.1043,54,1.14839,49,0.98031,13,-1.0202,29,0.23165
ENSG00000136240,KDELR2,2,-4.8385,96,0.82188,61,0.08113,47,-0.3210,47,-0.3238,59,0.02801,59,0.03179,86,0.63773,61,0.12678
ENSG00000136247,ZDHHC4,2,-3.9182,45,0.61843,26,-0.2088,15,-1.0754,35,0.23676,41,0.46540,41,0.47215,34,0.15821,30,-0.0014
ENSG00000146576,C7orf26,2,-2.8147,20,0.57525,24,0.85110,5,-1.5298,12,-0.1762,16,0.25420,15,0.12055,6,-1.3036,17,0.42916
ENSG00000236609,ZNF853,89,2.14917,36,0.55886,47,0.99768,0,-5.1745,25,0.02034,14,-0.8491,14,-0.8675,14,-0.8690,15,-0.9351
ENSG00000205903,ZNF316,38,0.89873,17,-0.3697,14,-0.6347,8,-1.4765,22,-0.0088,35,0.72809,19,-0.1985,21,-0.0876,22,0.01668
ENSG00000164631,ZNF12,2,-3.0135,13,-0.3093,18,0.17042,3,-2.4589,11,-0.6504,32,1.10169,21,0.39110,4,-1.8665,24,0.87883
ENSG00000106392,C1GALT1,22,0.21653,52,1.67944,25,0.46896,0,-4.6993,13,-0.5404,21,0.17288,11,-0.8302,14,-0.4179,18,-0.0942
ENSG00000164654,MIOS,2,-2.5830,11,-0.1664,8,-0.5456,0,-4.1381,8,-0.5921,8,-0.5637,17,0.58792,24,1.10760,17,0.78619
ENSG00000106399,RPA3,2,-4.2237,46,0.32238,46,0.33390,49,0.41850,34,-0.1629,40,0.09472,53,0.53882,46,0.32936,34,-0.1803
ENSG00000219545,UMAD1,5,-1.6488,20,0.31682,2,-2.8087,33,1.08770,19,0.28164,11,-0.5885,17,0.08964,13,-0.3997,18,0.23527
ENSG00000106415,GLCCI1,2,-3.0566,11,-0.6462,8,-1.0434,6,-1.5462,16,-0.0574,35,1.20495,20,0.31296,14,-0.2942,22,0.61855
ENSG00000003147,ICA1,12,-1.5619,3,-3.5827,4,-3.1742,28,-0.3247,21,-0.8282,53,0.65818,76,1.25637,19,-0.9225,54,1.03627
ENSG00000122584,NXPH1,2,-5.0437,7,-3.2287,20,-1.8098,579,4.58039,21,-1.8156,3,-4.2952,4,-3.9469,37,-0.8887,42,-0.8508
ENSG00000189043,NDUFA4,1474,-0.4312,826,-1.3055,1079,-0.9038,1731,-0.1831,2242,0.24284,1229,-0.7078,2329,0.28160,1794,-0.1281,2594,0.64325
ENSG00000106443,PHF14,46,-0.4714,32,-1.0335,39,-0.7293,35,-0.8922,52,-0.3140,77,0.31097,94,0.64369,69,0.13530,80,0.54289
ENSG00000106460,TMEM106B,2,-5.3291,117,0.58703,129,0.73965,85,0.07063,54,-0.6696,81,-0.0045,85,0.08081,77,-0.0765,92,0.28029
ENSG00000122644,ARL4A,60,1.30874,12,-1.1278,20,-0.3974,10,-1.4532,15,-0.9276,26,-0.0141,25,-0.1000,24,-0.1571,34,0.57272
ENSG00000006468,ETV1,2,-5.0923,14,-2.3147,48,-0.5514,25,-1.4895,88,0.42851,138,1.12784,165,1.44003,90,0.42873,59,-0.3200
ENSG00000136267,DGKB,21,-1.2606,6,-3.0595,14,-1.8476,26,-0.9580,30,-0.7712,71,0.60383,89,0.96309,86,0.90092,65,0.64269
ENSG00000106524,ANKMY2,2,-4.0042,17,-0.9285,15,-1.1398,95,1.81085,18,-0.9265,33,0.04853,29,-0.1816,46,0.56991,36,0.24522
ENSG00000136261,BZW2,2,-3.5615,17,-0.4996,4,-2.5469,5,-2.1252,19,-0.3761,18,-0.3805,45,1.04525,21,-0.2056,39,1.21239
ENSG00000106537,TSPAN13,2,-5.7728,6,-4.1923,25,-2.1872,101,-0.1307,56,-1.1062,215,1.07606,158,0.57443,229,1.18671,146,0.63342
ENSG00000071189,SNX13,2,-4.1311,38,-0.0360,14,-1.5088,45,0.22806,33,-0.2985,41,0.06406,61,0.70830,57,0.58791,46,0.35635
ENSG00000048052,HDAC9,2,-3.6114,15,-0.7204,11,-1.1651,2,-3.6507,12,-1.1016,18,-0.4963,21,-0.2230,79,1.97159,36,0.91428
ENSG00000105849,TWISTNB,2,-2.7001,24,0.77208,21,0.59096,5,-1.4690,12,-0.3063,22,0.61338,14,-0.0893,16,0.17034,15,0.09818
ENSG00000105855,ITGB8,75,0.23946,176,1.68072,219,2.08842,27,-1.2808,48,-0.4860,69,0.11876,21,-1.6722,40,-0.7064,27,-1.5367
ENSG00000136237,RAPGEF5,127,-0.0875,445,2.02586,75,-0.8942,49,-1.5338,69,-1.0806,115,-0.2409,186,0.51242,90,-0.6191,132,-0.0505
ENSG00000196683,TOMM7,603,-0.1162,786,0.30138,626,-0.0559,500,-0.4037,885,0.54514,448,-0.5709,650,0.00237,674,0.05819,596,-0.1759
ENSG00000122591,FAM126A,39,1.19671,25,0.45610,13,-0.5157,8,-1.3135,11,-0.7813,7,-1.5086,50,1.61960,22,0.27304,14,-0.5729
ENSG00000122550,KLHL7,2,-4.3253,16,-1.3526,42,0.05679,87,1.24090,25,-0.7614,26,-0.6456,66,0.78673,67,0.81375,42,0.07612
ENSG00000136243,NUP42,2,-3.7099,18,-0.5450,33,0.36201,37,0.54927,19,-0.4865,34,0.41087,28,0.12763,33,0.34543,29,0.21568
ENSG00000136235,GPNMB,16,-0.5914,9,-1.4193,62,1.61561,13,-0.8793,32,0.59270,21,-0.1086,13,-0.8062,12,-1.0097,22,-0.0631
ENSG00000156928,MALSU1,2,-4.4521,40,-0.1417,53,0.29596,39,-0.2009,40,-0.1602,48,0.14490,67,0.66038,62,0.53182,45,0.06491
ENSG00000164548,TRA2A,2,-4.5846,80,0.80276,37,-0.3886,52,0.11575,48,0.00523,73,0.64644,49,0.01638,21,-1.2341,54,0.24696
ENSG00000188732,FAM221A,2,-2.6581,26,1.17583,9,-0.4465,1,-3.4033,9,-0.4897,13,0.11735,18,0.58647,7,-0.8802,17,0.65094
ENSG00000122585,NPY,80,-5.4765,59,-5.9083,78,-5.5101,42573,10.3106,82,-5.5560,0,-13.706,1,-11.264,0,-13.446,4,-10.176
ENSG00000105926,MPP6,125,1.44186,22,-1.2917,107,1.16502,63,0.29239,41,-0.3929,48,-0.1263,24,-1.1670,42,-0.3225,41,-0.4802
ENSG00000105928,GSDME,2,-2.9279,16,0.10013,15,0.01840,33,1.24539,13,-0.1911,17,0.19276,13,-0.2580,21,0.52372,13,-0.2805
ENSG00000070882,OSBPL3,2,-2.8189,9,-0.5745,9,-0.6314,18,0.39066,9,-0.7522,54,2.29052,12,-0.2062,14,-0.0007,11,-0.3805
ENSG00000172115,CYCS,261,-0.4499,159,-1.1976,321,-0.1337,512,0.60469,276,-0.3940,232,-0.6346,513,0.60699,287,-0.3094,428,0.44071
ENSG00000122566,HNRNPA2B1,191,-0.7666,529,0.82983,427,0.48021,272,-0.2315,288,-0.1496,328,0.06257,321,0.02812,303,-0.0623,288,-0.1871
ENSG00000122565,CBX3,51,-1.0710,116,0.18137,101,-0.0379,64,-0.7257,95,-0.1497,115,0.16636,123,0.27277,115,0.16362,118,0.27230
ENSG00000086300,SNX10,202,-0.1962,8,-4.8415,40,-2.5827,290,0.37621,119,-1.0637,174,-0.4213,433,1.03157,213,-0.1101,344,0.95103
ENSG00000005020,SKAP2,137,1.45065,38,-0.6198,38,-0.6027,71,0.35268,29,-1.0803,91,0.76047,78,0.51336,27,-1.0901,49,-0.2797
ENSG00000106049,HIBADH,2,-3.2708,23,0.28941,16,-0.3040,46,1.40700,19,-0.0532,17,-0.1597,15,-0.3636,28,0.60106,16,-0.3150
ENSG00000106052,TAX1BP1,135,-0.2349,180,0.21202,127,-0.3272,92,-0.8245,129,-0.3292,219,0.52551,200,0.38220,190,0.29673,161,0.04426
ENSG00000153814,JAZF1,107,1.08416,20,-1.4792,14,-1.9982,2,-4.6419,40,-0.5241,62,0.21178,76,0.52240,28,-0.9977,80,0.87957
ENSG00000146592,CREB5,2,-2.9467,120,3.32372,41,1.15052,18,-0.1200,13,-0.7123,4,-2.1706,3,-2.7378,8,-1.2640,9,-1.4111
ENSG00000255690,TRIL,2,-4.7005,67,0.38996,297,3.20288,7,-2.9004,73,0.57459,29,-0.8822,22,-1.3281,34,-0.6696,19,-1.7754
ENSG00000122574,WIPF3,114,1.56321,9,-2.3205,1,-5.4400,12,-1.8838,34,-0.4262,19,-1.2763,40,-0.1665,24,-0.9467,72,1.16412
ENSG00000136193,SCRN1,462,1.21166,155,-0.5310,171,-0.3864,292,0.45090,136,-0.7821,157,-0.5168,121,-0.9038,337,0.68377,221,0.01661
ENSG00000180354,MTURN,352,-0.0281,909,1.53589,502,0.53118,203,-0.8713,414,0.24574,455,0.37610,194,-0.9408,202,-0.8765,255,-0.6660
ENSG00000006625,GGCT,68,0.08803,16,-2.0744,40,-0.7419,18,-1.8861,39,-0.8234,61,-0.0920,94,0.59167,66,0.03437,100,1.01878
ENSG00000106105,GARS,2,-5.5102,25,-1.9923,64,-0.5888,62,-0.6443,63,-0.6619,118,0.36115,156,0.80990,142,0.65588,132,0.77070
ENSG00000240583,AQP1,2,-4.1861,313,4.49562,124,2.07405,0,-5.7324,9,-2.1277,8,-2.1729,0,-6.0755,6,-2.6499,1,-5.6225
ENSG00000078549,ADCYAP1R1,95,0.38520,73,-0.0191,206,1.69500,76,0.04469,73,-0.0220,63,-0.2507,33,-1.2168,42,-0.8645,57,-0.5047
ENSG00000164600,NEUROD6,2,-5.6874,3,-5.2161,4,-4.8073,24,-2.1931,68,-0.7008,183,0.90416,300,1.77333,76,-0.4818,156,0.94876
ENSG00000154678,PDE1C,75,0.94420,158,2.28266,33,-0.3488,74,0.91015,22,-1.0292,11,-2.0183,12,-1.8200,34,-0.3215,25,-0.9316
ENSG00000106355,LSM5,55,0.08131,64,0.30313,64,0.31386,55,0.07352,43,-0.3262,40,-0.4327,69,0.43282,57,0.12496,48,-0.1780
ENSG00000105778,AVL9,2,-4.3799,18,-1.2795,11,-1.9817,39,-0.1080,24,-0.8808,68,0.77062,96,1.34553,57,0.47728,51,0.44737
ENSG00000170852,KBTBD2,2,-4.2991,27,-0.5551,36,-0.1334,75,1.02464,25,-0.7685,55,0.50576,54,0.50028,38,-0.0576,44,0.24326
ENSG00000122642,FKBP9,2,-3.6535,21,-0.2681,66,1.58872,2,-3.6848,28,0.19054,19,-0.4331,22,-0.1818,44,0.89274,24,-0.1257
ENSG00000122643,NT5C3A,2,-3.5906,17,-0.4931,16,-0.6023,10,-1.2799,18,-0.5051,42,0.86726,29,0.28233,25,0.07300,34,0.78613
ENSG00000164610,RP9,2,-3.6750,22,-0.2126,29,0.18006,35,0.49610,24,-0.1182,22,-0.2460,21,-0.3160,58,1.34019,24,-0.1296
ENSG00000164619,BMPER,2,-2.9062,2,-2.8543,6,-1.2754,8,-0.9773,14,-0.1159,25,0.80885,29,1.04119,11,-0.4760,21,0.76182
ENSG00000173852,DPY19L1,2,-4.6506,18,-1.5660,61,0.28461,60,0.28134,26,-1.0677,19,-1.4452,159,1.92676,58,0.20658,57,0.26010
ENSG00000122557,HERPUD2,2,-3.2367,24,0.38562,46,1.46494,24,0.37949,15,-0.3553,26,0.48043,19,0.00026,9,-1.0764,16,-0.3041
ENSG00000227544,AC018647.1,2,-4.1372,292,4.34560,58,0.79527,13,-1.4843,24,-0.6524,16,-1.2047,4,-3.0747,2,-3.7643,6,-2.8857
ENSG00000122545,SEPTIN7,278,-1.0331,1018,1.00429,707,0.40592,269,-1.0794,467,-0.2660,576,0.08183,545,-0.0045,664,0.30570,529,-0.0675
ENSG00000122547,EEPD1,2,-2.7310,21,0.70679,26,1.05358,23,0.85144,13,0.04932,20,0.63785,0,-3.8832,13,-0.0389,10,-0.5254
ENSG00000164542,KIAA0895,2,-2.8691,8,-0.9358,4,-1.7498,0,-4.1320,10,-0.6000,26,0.90758,25,0.83425,40,1.66272,16,0.19789
ENSG00000011426,ANLN,2,-5.2110,621,4.39098,132,0.91694,24,-1.6859,42,-0.9144,33,-1.2272,9,-3.1248,26,-1.5895,10,-3.3540
ENSG00000155849,ELMO1,117,-0.3288,163,0.19236,92,-0.6970,47,-1.6750,123,-0.2714,283,1.08962,156,0.12394,139,-0.0638,159,0.19936
ENSG00000086289,EPDR1,14,-3.4587,20,-3.0156,51,-1.6473,355,1.40249,73,-1.1816,144,-0.0688,318,1.21257,170,0.18967,186,0.45979
ENSG00000010270,STARD3NL,2,-5.0035,63,-0.0497,39,-0.7826,100,0.69399,47,-0.5200,52,-0.3436,92,0.56272,61,-0.0829,84,0.59224
ENSG00000078053,AMPH,74,-0.8134,7,-4.2073,34,-1.9850,101,-0.3485,69,-0.9872,215,0.84147,295,1.37982,150,0.25878,159,0.49648
ENSG00000006715,VPS41,39,-1.2999,41,-1.2299,53,-0.8351,101,0.14736,60,-0.6954,188,1.16509,163,0.91584,141,0.68701,87,-0.1128
ENSG00000241127,YAE1,2,-2.3802,17,0.80086,3,-1.8529,0,-3.9373,14,0.56307,3,-1.6149,10,-0.0350,21,1.13479,12,0.34850
ENSG00000006451,RALA,2,-4.3654,85,1.16926,38,-0.1248,35,-0.2567,39,-0.0900,44,0.10079,55,0.44512,28,-0.6097,43,0.08473
ENSG00000065883,CDK13,57,0.93702,38,0.28723,16,-0.9820,0,-5.2713,26,-0.3392,25,-0.3736,29,-0.1484,51,0.76789,36,0.25896
ENSG00000168303,MPLKIP,47,0.73854,45,0.66965,58,1.08568,0,-5.4274,22,-0.4931,26,-0.1650,17,-0.7863,25,-0.2380,30,0.03579
ENSG00000136197,C7orf25,2,-2.9468,14,-0.1711,10,-0.6268,14,-0.1640,15,-0.0668,18,0.22119,17,0.18876,16,0.05084,20,0.56877
ENSG00000106588,PSMA2,62,-0.6831,132,0.49580,129,0.45223,55,-0.8506,77,-0.3794,70,-0.5054,137,0.54460,134,0.51639,96,-0.0112
ENSG00000106591,MRPL32,2,-4.3300,25,-0.7046,21,-0.9795,71,0.89645,24,-0.8619,45,0.18025,51,0.36491,27,-0.6376,59,0.86533
ENSG00000002746,HECW1,2,-3.5482,2,-3.6757,0,-8.3923,12,-1.0328,19,-0.3722,29,0.32049,34,0.59837,25,0.08487,41,1.38037
ENSG00000164543,STK17A,2,-2.3941,7,-0.5960,9,-0.2413,8,-0.4465,11,0.14146,16,0.66202,15,0.58484,5,-0.9785,13,0.42336
ENSG00000106603,COA1,66,0.23352,58,0.02705,32,-0.8728,84,0.62642,47,-0.3100,36,-0.6717,64,0.19718,69,0.31558,58,0.05729
ENSG00000106605,BLVRA,83,1.01334,20,-1.1932,22,-1.0388,9,-2.3608,26,-0.8824,28,-0.7029,74,0.81467,48,0.13372,60,0.67948
ENSG00000062582,MRPS24,176,0.61651,68,-0.8711,84,-0.5351,89,-0.4476,102,-0.2717,83,-0.5552,145,0.29729,113,-0.0820,148,0.46820
ENSG00000106608,URGCP,2,-4.1193,20,-0.8626,27,-0.3844,34,-0.0498,25,-0.5717,36,0.04992,35,0.02837,33,-0.0983,54,1.04247
ENSG00000078967,UBE2D4,2,-3.5202,24,0.09291,30,0.40930,1,-4.2732,25,0.16382,21,-0.1458,35,0.68126,39,0.84910,24,0.07963
ENSG00000136279,DBNL,2,-4.9957,65,0.01483,79,0.31761,16,-2.0929,68,0.10577,60,-0.0972,109,0.85017,77,0.27679,73,0.26595
ENSG00000106624,AEBP1,2,-2.6188,33,1.62525,75,3.30459,0,-4.1938,17,0.60397,1,-3.2290,1,-3.6862,2,-2.3919,3,-2.3808
ENSG00000106628,POLD2,2,-4.2636,65,0.84134,91,1.40343,14,-1.4726,51,0.46990,37,-0.0794,25,-0.6342,39,0.01211,32,-0.3901
ENSG00000106636,YKT6,2,-4.4796,50,-0.0175,41,-0.3189,79,0.71539,38,-0.4444,68,0.49123,59,0.24570,41,-0.2965,59,0.34643
ENSG00000058404,CAMK2B,178,-1.1565,37,-3.4455,151,-1.4015,292,-0.4130,352,-0.1373,979,1.55952,433,0.19693,485,0.37853,425,0.23167
ENSG00000015676,NUDCD3,85,-0.5719,44,-1.5493,82,-0.6273,214,0.88329,90,-0.5238,182,0.61842,143,0.22579,122,-0.0180,138,0.24047
ENSG00000136271,DDX56,73,1.47597,26,-0.2120,42,0.54909,2,-3.8084,23,-0.3920,29,-0.0298,41,0.51064,6,-2.2938,30,0.01636
ENSG00000158604,TMED4,27,-1.2244,79,0.37576,101,0.77860,67,0.12981,41,-0.6904,50,-0.3339,53,-0.2385,91,0.60984,64,0.06442
ENSG00000105953,OGDH,15,-2.3661,61,-0.3236,93,0.34021,127,0.83494,61,-0.3575,68,-0.1639,103,0.49851,103,0.48901,72,-0.0989
ENSG00000122515,ZMIZ2,50,-0.2506,32,-0.9175,34,-0.8018,41,-0.5460,63,0.13904,109,1.00947,42,-0.5123,83,0.55472,60,0.06880
ENSG00000196262,PPIA,851,-0.8782,1065,-0.5379,1264,-0.2759,1480,-0.0306,1196,-0.3893,1553,0.04400,2440,0.76850,2205,0.60325,1594,0.11439
ENSG00000105968,H2AFV,37,-1.6716,139,0.32051,178,0.72397,93,-0.2936,136,0.31849,161,0.55858,57,-1.0312,129,0.21168,101,-0.2338
ENSG00000146676,PURB,2,-4.4581,35,-0.3734,37,-0.2593,70,0.74197,42,-0.0850,56,0.37771,30,-0.5622,37,-0.2882,56,0.50662
ENSG00000232956,SNHG15,68,1.14282,25,-0.4183,35,0.08744,16,-1.1327,23,-0.6160,37,0.15570,30,-0.1778,40,0.29530,34,0.05291
ENSG00000136280,CCM2,2,-5.2754,40,-0.9945,83,0.10498,139,0.92083,89,0.22073,107,0.49808,63,-0.3192,100,0.39509,75,-0.0684
ENSG00000136274,NACAD,7,-3.3143,193,1.68962,105,0.64826,71,0.03379,45,-0.7219,88,0.36523,72,0.05507,62,-0.1877,55,-0.4801
ENSG00000136270,TBRG4,2,-3.6136,20,-0.2707,22,-0.1918,7,-1.8873,25,0.05676,39,0.73074,34,0.53417,43,0.88596,25,0.06215
ENSG00000122679,RAMP3,2,-2.6729,12,-0.0123,41,1.96223,11,-0.1614,11,-0.2067,70,3.07376,0,-5.0712,1,-3.1500,1,-3.5686
ENSG00000164742,ADCY1,119,-0.7586,17,-3.5697,59,-1.8143,176,-0.1629,188,-0.0691,451,1.36639,172,-0.2017,123,-0.7069,263,0.66247
ENSG00000146674,IGFBP3,18,-0.1837,4,-2.4655,29,0.55148,48,1.38143,14,-0.5798,83,2.42649,8,-1.3169,7,-1.5440,10,-1.3147
ENSG00000136205,TNS3,3,-3.6699,22,-0.8118,66,0.93449,16,-1.2897,84,1.56213,24,-0.6540,12,-1.6157,27,-0.4660,35,-0.0881
ENSG00000136273,HUS1,2,-2.5461,10,-0.1822,0,-7.3753,19,0.79144,9,-0.3984,18,0.66040,7,-0.7427,20,0.88939,14,0.41569
ENSG00000183696,UPP1,49,1.14074,15,-0.7130,14,-0.8308,83,2.08978,16,-0.6173,3,-2.7940,21,-0.2257,23,-0.0934,18,-0.5490
ENSG00000188730,VWC2,2,-2.7697,5,-1.4307,18,0.42989,0,-4.1604,10,-0.4198,1,-3.2610,2,-2.8727,58,2.52103,17,0.52035
ENSG00000106070,GRB10,2,-4.0053,38,0.26894,7,-2.2137,64,1.10034,29,-0.1514,34,0.08711,22,-0.5507,32,-0.0214,40,0.47992
ENSG00000106078,COBL,5,-3.9003,153,1.11272,95,0.33510,31,-1.3691,72,-0.1223,96,0.35167,77,-0.0083,92,0.28348,77,-0.0010
ENSG00000170419,VSTM2A,2,-4.9483,4,-4.0952,30,-1.2165,77,0.22498,31,-1.2321,32,-1.1177,23,-1.6006,187,1.70452,113,1.28502
ENSG00000132432,SEC61G,91,-1.3843,212,-0.1054,161,-0.5332,222,-0.0350,240,0.09285,206,-0.1519,249,0.14048,307,0.47591,257,0.25993
ENSG00000146648,EGFR,2,-3.1596,14,-0.3386,104,3.23916,2,-2.8494,23,0.43816,9,-0.9935,0,-4.4447,19,0.14299,8,-1.3185
ENSG00000132434,LANCL2,42,-0.7687,33,-1.1348,19,-1.9168,30,-1.2598,42,-0.8223,122,0.89422,71,0.02155,110,0.71470,99,0.79820
ENSG00000154978,VOPP1,48,-0.6363,40,-0.9261,110,0.65630,83,0.21201,64,-0.2094,122,0.81981,103,0.54942,63,-0.2307,62,-0.3102
ENSG00000146729,NIPSNAP2,148,0.94159,56,-0.5881,108,0.43633,77,-0.0949,79,-0.0662,58,-0.5284,89,0.11952,94,0.21381,70,-0.3236
ENSG00000239789,MRPS17,3,-3.5376,24,-0.5809,57,0.77912,9,-1.9819,31,-0.1818,44,0.36839,37,0.10541,36,0.05941,45,0.56624
ENSG00000146731,CCT6A,58,-0.9506,72,-0.6201,81,-0.4507,151,0.52628,78,-0.5328,118,0.14382,157,0.59377,168,0.69736,111,0.05523
ENSG00000129103,SUMF2,40,0.11237,51,0.51394,40,0.11539,76,1.15607,30,-0.3478,31,-0.2813,42,0.22014,22,-0.7506,29,-0.4401
ENSG00000106153,CHCHD2,230,-1.2066,489,-0.0620,631,0.33898,323,-0.7002,514,0.01459,484,-0.0793,656,0.39982,692,0.48652,522,0.05057
ENSG00000173041,ZNF680,2,-2.8550,20,0.54107,22,0.68063,10,-0.5492,17,0.24938,21,0.62289,5,-1.3839,11,-0.4569,15,0.14254
ENSG00000196715,VKORC1L1,72,0.30664,38,-0.6610,34,-0.8492,45,-0.4236,41,-0.6086,85,0.57201,71,0.27879,48,-0.3285,74,0.48189
ENSG00000169919,GUSB,2,-2.3470,21,1.20272,23,1.30448,0,-3.8947,14,0.63141,9,-0.2230,7,-0.4866,2,-2.1514,9,-0.1518
ENSG00000126522,ASL,2,-2.8963,15,0.06814,13,-0.2178,7,-1.1176,9,-0.6947,33,1.27331,17,0.17976,16,0.08407,18,0.39390
ENSG00000241258,CRCP,2,-2.8540,19,0.43769,14,-0.0838,3,-2.3671,19,0.51172,19,0.42702,20,0.49766,14,-0.0645,15,0.03375
ENSG00000169902,TPST1,2,-3.6766,24,-0.0818,50,1.06026,39,0.66502,10,-1.4379,44,0.85914,18,-0.5684,22,-0.2526,29,0.23222
ENSG00000237310,AC008267.5,6,-1.1496,17,0.26149,15,0.05962,1,-3.3905,20,0.55612,21,0.57012,21,0.60280,24,0.77781,10,-0.5995
ENSG00000243335,KCTD7,2,-2.9753,25,0.72857,21,0.46442,12,-0.3548,14,-0.1399,17,0.13590,7,-1.1490,23,0.63838,17,0.13076
ENSG00000154710,RABGEF1,2,-3.7992,22,-0.3281,24,-0.2207,11,-1.4351,30,0.12212,30,0.09292,49,0.89117,30,0.10713,34,0.41521
ENSG00000272831,AC027644.3,2,-3.3268,61,1.86260,36,0.95427,6,-1.6963,26,0.43761,15,-0.4526,17,-0.2426,24,0.29335,12,-1.0015
ENSG00000106609,TMEM248,34,-1.5050,56,-0.7778,87,-0.1179,219,1.38782,63,-0.6424,126,0.46197,97,0.04861,64,-0.5926,102,0.18575
ENSG00000126524,SBDS,68,-1.0335,287,1.24649,148,0.16159,105,-0.3683,117,-0.2169,148,0.16629,138,0.05322,126,-0.0910,120,-0.2144
ENSG00000158321,AUTS2,2,-4.0988,28,-0.2975,31,-0.1648,12,-1.5314,30,-0.2026,47,0.48526,32,-0.1285,30,-0.1933,51,0.90831
ENSG00000185274,GALNT17,156,0.88638,3,-4.8838,16,-2.5319,63,-0.5466,49,-0.9675,35,-1.4365,192,1.23727,98,0.13319,126,0.77888
ENSG00000183166,CALN1,22,-1.1848,9,-2.5106,13,-1.9087,26,-0.9315,54,0.20311,66,0.50463,46,-0.0608,43,-0.1504,72,0.96195
ENSG00000196313,POM121,2,-4.2113,25,-0.6100,20,-0.9185,67,0.93583,32,-0.2375,33,-0.1796,75,1.12827,36,-0.0402,40,0.16662
ENSG00000130305,NSUN5,2,-3.6308,32,0.40447,28,0.19358,6,-2.1295,24,-0.0841,24,-0.0181,29,0.27182,35,0.55337,29,0.37393
ENSG00000009954,BAZ1B,39,-0.0423,62,0.68725,50,0.33942,63,0.71508,42,0.05694,58,0.58000,27,-0.6299,26,-0.6723,29,-0.6519
ENSG00000106635,BCL7B,10,-2.2495,32,-0.5739,23,-1.0911,33,-0.5227,39,-0.2999,61,0.41519,57,0.31315,48,0.05982,66,0.79190
ENSG00000106638,TBL2,2,-2.7786,16,0.21419,8,-0.8141,20,0.59662,9,-0.6377,20,0.59600,17,0.36577,9,-0.5437,17,0.43385
ENSG00000009950,MLXIPL,2,-2.6849,5,-1.3102,0,-7.5371,18,0.57956,8,-0.7783,5,-1.3643,31,1.45543,9,-0.5084,20,1.02521
ENSG00000176428,VPS37D,2,-2.4976,6,-0.9453,4,-1.6116,0,-4.0535,11,-0.0086,15,0.43121,15,0.45564,10,-0.1036,18,1.07651
ENSG00000176410,DNAJC30,2,-4.1340,13,-1.5059,23,-0.6488,40,0.18369,28,-0.3706,55,0.70469,62,0.90330,47,0.43793,40,0.28121
ENSG00000071462,BUD23,2,-4.5384,53,0.18295,31,-0.6321,25,-0.9802,44,-0.1299,71,0.64198,69,0.58338,55,0.23761,56,0.34252
ENSG00000106089,STX1A,50,-1.8079,11,-3.9277,59,-1.5744,102,-0.7550,114,-0.6374,383,1.34869,400,1.42669,191,0.20318,189,0.25615
ENSG00000106077,ABHD11,2,-2.4691,10,-0.1529,25,1.35435,0,-4.0253,7,-0.5841,20,0.98538,13,0.30257,7,-0.6071,12,0.21209
ENSG00000106683,LIMK1,2,-4.8008,9,-2.6949,23,-1.3323,63,0.17482,63,0.21102,73,0.41995,89,0.73234,50,-0.1735,73,0.59525
ENSG00000106682,EIF4H,66,-2.2084,284,-0.0161,281,-0.0328,350,0.31321,221,-0.4389,295,0.03969,318,0.16054,449,0.71257,312,0.17743
ENSG00000049541,RFC2,2,-2.9107,13,-0.2225,12,-0.3846,23,0.68938,14,-0.0804,13,-0.1834,18,0.25079,21,0.49104,16,0.17276
ENSG00000106665,CLIP2,56,-0.5040,114,0.59370,62,-0.3720,74,-0.0792,75,-0.0742,85,0.12566,85,0.12067,74,-0.0814,80,0.03239
ENSG00000263001,GTF2I,250,-0.8487,511,0.25305,573,0.43493,472,0.12792,323,-0.4962,410,-0.0928,417,-0.0650,601,0.51163,444,0.04315
ENSG00000274070,CASTOR2,44,-0.1696,39,-0.3291,43,-0.1934,38,-0.4060,55,0.18994,48,-0.0355,34,-0.5727,54,0.15544,57,0.31955
ENSG00000274523,RCC1L,103,2.61937,21,-0.1382,20,-0.2056,0,-5.0327,16,-0.5884,24,0.03527,21,-0.1549,15,-0.6219,16,-0.7115
ENSG00000272391,POM121C,2,-4.1308,22,-0.7132,25,-0.5325,71,1.12751,23,-0.7110,50,0.56536,51,0.57525,27,-0.3831,41,0.32825
ENSG00000127946,HIP1,2,-2.9523,87,3.14791,28,0.94186,14,-0.1314,17,0.16169,7,-1.1494,2,-2.5941,7,-1.1357,5,-1.9928
ENSG00000005486,RHBDD2,190,-1.1935,108,-2.0319,216,-1.0025,682,0.79273,246,-0.8609,688,0.80753,655,0.72544,513,0.33068,465,0.24214
ENSG00000127948,POR,2,-4.4172,27,-0.8684,59,0.35194,81,0.86550,35,-0.4914,62,0.42344,39,-0.2904,39,-0.2830,59,0.47332
ENSG00000189077,TMEM120A,2,-4.5026,45,-0.0279,35,-0.4143,119,1.57766,42,-0.1446,4,-3.5786,37,-0.3257,44,-0.0418,56,0.44731
ENSG00000127952,STYXL1,2,-3.2941,30,0.64649,40,1.16193,36,0.96884,11,-0.8727,26,0.47203,15,-0.3740,12,-0.6812,17,-0.2283
ENSG00000146701,MDH2,355,0.68816,99,-1.2784,135,-0.8174,179,-0.3886,182,-0.3990,225,-0.0375,334,0.58939,259,0.18409,262,0.27203
ENSG00000177679,SRRM3,2,-3.2886,1,-3.6394,4,-2.1998,25,0.39791,21,0.16466,17,-0.2462,30,0.65893,18,-0.1427,28,0.86141
ENSG00000106211,HSPB1,84,-0.8053,224,0.72152,438,1.88485,126,-0.1963,176,0.36558,40,-1.9176,87,-0.7606,131,-0.1332,93,-0.8150
ENSG00000170027,YWHAG,617,-0.6265,117,-3.0800,280,-1.8058,967,0.06720,605,-0.7024,1116,0.29260,1542,0.81620,1156,0.34909,1260,0.69489
ENSG00000127947,PTPN12,2,-3.6165,36,0.58938,47,1.03225,10,-1.3299,26,0.07500,19,-0.3942,17,-0.5701,31,0.34322,27,0.18084
ENSG00000187257,RSBN1L,2,-3.6863,31,0.30520,23,-0.1455,54,1.17728,25,-0.0747,33,0.39296,23,-0.1874,13,-1.0678,27,0.07787
ENSG00000135211,TMEM60,2,-3.4686,17,-0.3663,24,0.11088,11,-1.0366,15,-0.5929,40,0.96246,24,0.15156,14,-0.6646,31,0.75309
ENSG00000006576,PHTF2,2,-2.9398,23,0.64255,20,0.41566,3,-2.2306,8,-1.0363,25,0.78980,8,-0.9689,31,1.10873,18,0.31557
ENSG00000187391,MAGI2,2,-4.6221,63,0.37551,83,0.82325,37,-0.4416,49,-0.0106,59,0.26445,57,0.20803,48,-0.0607,49,-0.0041
ENSG00000234456,MAGI2-AS3,2,-3.3193,67,2.03708,24,0.28053,2,-3.1439,23,0.21336,4,-2.1823,15,-0.4508,12,-0.6993,22,0.19501
ENSG00000127955,GNAI1,71,-0.8112,286,1.41078,128,0.09332,228,1.02087,55,-1.2783,138,0.21277,131,0.12327,115,-0.0777,91,-0.5505
ENSG00000075223,SEMA3C,2,-3.8384,38,0.43490,35,0.30435,26,-0.1248,17,-0.8396,239,4.37671,0,-7.5627,0,-6.5783,0,-8.4539
ENSG00000153956,CACNA2D1,239,2.14922,15,-2.1852,13,-2.4544,6,-3.4231,35,-1.0768,95,0.53758,39,-0.8202,26,-1.4504,94,0.74863
ENSG00000186472,PCLO,81,-1.3697,8,-4.6657,50,-2.0822,197,-0.0339,192,-0.0800,512,1.54279,222,0.15579,415,1.17831,186,-0.1558
ENSG00000170381,SEMA3E,2,-3.4233,10,-1.4574,38,0.48643,3,-3.0138,22,-0.4167,261,4.83078,0,-5.6498,2,-3.4934,1,-4.7903
ENSG00000075213,SEMA3A,2,-2.5867,0,-3.8856,1,-3.1996,0,-4.1674,7,-0.8873,20,0.76898,17,0.50885,4,-1.4921,25,1.86694
ENSG00000198822,GRM3,2,-5.9022,304,1.51366,215,0.91458,58,-1.1310,121,-0.0099,213,0.89980,98,-0.3227,72,-0.8067,94,-0.5046
ENSG00000164659,KIAA1324L,2,-3.4952,83,2.21123,35,0.67437,10,-1.1473,14,-0.7552,19,-0.2477,23,0.02782,11,-1.0263,20,-0.1915
ENSG00000135164,DMTF1,45,0.68177,36,0.33525,37,0.37278,23,-0.3577,25,-0.2573,47,0.76085,29,-0.0195,13,-1.2149,25,-0.3232
ENSG00000182165,TP53TG1,44,0.98447,44,1.00243,35,0.64294,1,-4.3069,21,-0.1629,22,-0.1247,17,-0.5003,17,-0.4600,21,-0.2461
ENSG00000005469,CROT,2,-2.7390,7,-0.8666,1,-3.7217,0,-4.2928,11,-0.3503,19,0.52393,26,1.10036,17,0.37982,20,0.89339
ENSG00000105784,RUNDC3B,4,-2.6472,2,-3.4827,13,-0.9288,9,-1.4459,14,-0.7781,30,0.37918,51,1.25790,12,-1.0420,39,1.22271
ENSG00000075303,SLC25A40,40,0.15765,14,-1.4609,38,0.08197,98,1.64826,21,-0.8983,30,-0.3005,29,-0.3481,34,-0.1152,37,0.03085
ENSG00000008277,ADAM22,6,-3.2225,25,-1.3321,16,-1.9231,131,1.27070,37,-0.7770,67,0.17684,65,0.11265,59,-0.0382,84,0.76610
ENSG00000075142,SRI,343,0.97426,186,-0.0084,301,0.76035,29,-2.7623,211,0.20581,147,-0.3689,184,-0.0235,179,-0.0706,160,-0.3113
ENSG00000157214,STEAP2,2,-3.6446,4,-2.7136,14,-0.8359,0,-5.1774,12,-1.2047,6,-2.0370,61,1.46391,42,0.82280,43,1.31745
ENSG00000105793,GTPBP10,2,-2.8974,12,-0.3139,5,-1.5055,32,1.22735,15,0.04659,15,0.05616,19,0.39095,14,-0.0777,16,0.11430
ENSG00000157224,CLDN12,61,1.30589,7,-2.0124,20,-0.4460,15,-0.8870,17,-0.7863,38,0.51289,27,0.01127,22,-0.3581,33,0.38972
ENSG00000058091,CDK14,15,-2.9910,12,-3.3501,45,-1.4117,119,0.06531,74,-0.7208,90,-0.3768,220,1.05451,119,0.06165,180,1.07600
ENSG00000157240,FZD1,73,2.86086,1,-3.6504,0,-7.7168,0,-4.4195,8,-0.9346,0,-8.4656,4,-1.9015,5,-1.5391,23,1.02699
ENSG00000127914,AKAP9,56,-0.6751,64,-0.4703,73,-0.2632,139,0.76297,56,-0.7012,159,0.97898,83,-0.0620,89,0.04224,87,0.01716
ENSG00000001630,CYP51A1,312,1.20111,157,0.08380,190,0.38760,105,-0.5302,86,-0.8878,116,-0.3792,124,-0.2816,143,-0.0629,154,0.06576
ENSG00000001629,ANKIB1,2,-4.4198,123,1.68314,57,0.39326,69,0.68626,44,-0.0048,43,-0.0647,33,-0.4690,42,-0.0723,30,-0.7354
ENSG00000157259,GATAD1,2,-3.4177,29,0.47074,22,0.02140,5,-2.1818,26,0.31904,15,-0.5533,33,0.66751,28,0.42395,23,0.19140
ENSG00000127993,RBM48,2,-2.9779,21,0.42331,7,-1.2617,7,-1.1214,11,-0.6035,18,0.22585,18,0.21153,23,0.58083,22,0.72813
ENSG00000234545,FAM133B,2,-4.0276,59,0.95135,49,0.64575,1,-4.5029,34,0.08685,47,0.55850,16,-1.0826,40,0.32967,35,0.16982
ENSG00000004766,VPS50,32,-0.5721,17,-1.4636,24,-0.9968,63,0.46696,21,-1.2866,76,0.76870,81,0.89025,51,0.13101,55,0.35938
ENSG00000127920,GNG11,63,1.32860,15,-0.9294,113,2.41099,0,-5.3437,44,0.82198,8,-1.8083,3,-3.0721,20,-0.5251,13,-1.3919
ENSG00000105829,BET1,2,-2.7708,15,0.21074,30,1.25648,21,0.66635,11,-0.2730,15,0.13793,13,-0.0726,10,-0.4953,12,-0.2422
ENSG00000127995,CASD1,98,-0.0355,41,-1.3306,25,-2.0822,134,0.45649,45,-1.2905,135,0.46921,109,0.12906,89,-0.1881,145,0.86018
ENSG00000127990,SGCE,2,-4.3245,89,1.28639,73,0.95846,13,-1.6214,34,-0.2834,45,0.18208,46,0.19328,15,-1.5047,43,0.14380
ENSG00000242265,PEG10,54,-1.4825,50,-1.5930,46,-1.7193,293,1.14548,91,-0.7508,115,-0.3549,110,-0.4176,121,-0.2772,227,1.06645
ENSG00000158528,PPP1R9A,53,-0.3346,43,-0.6678,31,-1.1487,37,-0.8927,71,0.12600,154,1.37454,94,0.55207,54,-0.3090,63,-0.0949
ENSG00000105854,PON2,188,0.36847,177,0.27209,588,2.38481,11,-3.8145,184,0.37112,101,-0.5878,22,-2.8035,157,0.08604,80,-1.1555
ENSG00000004799,PDK4,2,-3.6338,165,3.61369,53,1.21438,0,-5.1718,23,-0.1492,16,-0.6276,2,-3.2274,7,-1.8654,8,-1.9871
ENSG00000158560,DYNC1I1,98,-0.8767,44,-2.0720,83,-1.1298,242,0.52418,95,-0.9823,224,0.39854,319,0.97615,228,0.42583,209,0.39394
ENSG00000004864,SLC25A13,2,-2.0136,48,3.26115,3,-1.4698,0,-3.5753,11,0.61499,1,-2.2919,3,-1.4823,8,0.08255,4,-1.2776
ENSG00000127922,SEM1,2,-6.1880,203,0.51112,131,-0.1770,159,0.11798,151,0.04025,114,-0.3895,182,0.33025,211,0.56920,153,0.07534
ENSG00000231764,DLX6-AS1,8,-1.5575,0,-6.5422,30,0.32794,50,1.15321,14,-0.9016,0,-9.2786,0,-6.1630,119,2.83815,20,-0.3607
ENSG00000196636,SDHAF3,2,-2.4435,17,0.73067,13,0.28525,0,-3.9981,12,0.19982,4,-1.2318,25,1.37678,9,-0.3319,11,0.07603
ENSG00000006128,TAC1,88,-2.2984,8,-5.7008,47,-3.1997,4685,6.55551,47,-3.3083,7,-5.9555,15,-4.7991,52,-3.0498,70,-2.9725
ENSG00000164715,LMTK2,9,-2.4043,10,-2.2683,19,-1.4213,51,0.09069,22,-1.2267,69,0.55750,80,0.79685,46,-0.0748,75,1.02380
ENSG00000205356,TECPR1,45,0.20890,8,-2.3017,31,-0.3853,32,-0.3112,29,-0.4852,63,0.74966,57,0.59055,46,0.24664,43,0.16968
ENSG00000164713,BRI3,75,-0.6403,147,0.39642,162,0.55282,65,-0.8638,114,0.00522,98,-0.2352,104,-0.1387,85,-0.4470,130,0.27231
ENSG00000106236,NPTX2,2,-5.4201,14,-2.7854,9,-3.3649,110,0.31087,38,-1.3673,91,0.01806,252,1.70648,116,0.39958,126,0.75089
ENSG00000166448,TMEM130,163,-0.9812,10,-5.0156,107,-1.6059,564,0.96107,187,-0.8327,522,0.83063,476,0.68070,440,0.54985,346,0.22856
ENSG00000196367,TRRAP,84,2.07615,23,-0.1128,26,0.09287,12,-1.1092,12,-1.1094,27,0.13010,16,-0.6640,34,0.52334,18,-0.5620
ENSG00000198742,SMURF1,2,-3.1612,22,0.31124,6,-1.4588,18,0.01988,18,0.04318,43,1.42677,19,0.06345,8,-1.1226,19,0.16095
ENSG00000241685,ARPC1A,42,-1.8172,98,-0.5651,123,-0.2219,182,0.39420,104,-0.5051,159,0.18795,243,0.86795,164,0.23701,155,0.19033
ENSG00000130429,ARPC1B,2,-3.4385,22,0.00919,38,0.89433,66,1.84167,29,0.51116,16,-0.4907,9,-1.2795,7,-1.5846,16,-0.5824
ENSG00000106244,PDAP1,2,-5.4838,88,-0.0375,155,0.86704,94,0.06810,76,-0.2793,89,-0.0281,109,0.29448,119,0.44256,91,0.01877
ENSG00000106245,BUD31,142,0.62914,100,0.07721,98,0.03993,6,-3.9337,77,-0.3503,95,-0.0034,126,0.44035,125,0.43130,98,0.05921
ENSG00000160917,CPSF4,2,-3.5564,18,-0.4200,16,-0.5365,8,-1.5672,22,-0.1115,35,0.61502,17,-0.5033,25,0.10786,35,0.92399
ENSG00000241468,ATP5MF,281,-0.7683,277,-0.7866,370,-0.3488,500,0.11730,508,0.15633,373,-0.3353,638,0.50587,552,0.27385,505,0.18185
ENSG00000197343,ZNF655,6,-2.6759,48,0.25623,34,-0.2471,42,0.06595,34,-0.3040,45,0.17871,49,0.28390,64,0.71792,43,0.10594
ENSG00000106261,ZKSCAN1,74,0.42002,98,0.88967,63,0.17426,90,0.73903,56,-0.0223,31,-0.8911,48,-0.2533,56,-0.0176,40,-0.6422
ENSG00000168090,COPS6,83,-0.4875,103,-0.1652,147,0.39891,132,0.22923,103,-0.1798,122,0.10272,152,0.44645,97,-0.2581,111,-0.0581
ENSG00000166508,MCM7,2,-2.6056,49,2.41303,21,0.83984,2,-2.2987,13,0.18600,7,-0.8611,2,-2.4083,8,-0.5461,10,-0.4308
ENSG00000221838,AP4M1,2,-2.5120,10,-0.1184,12,0.04485,0,-4.0678,12,0.12085,27,1.37370,19,0.84850,8,-0.4824,11,-0.0471
ENSG00000106290,TAF6,2,-3.9990,15,-1.1256,24,-0.4179,17,-0.9910,33,0.03827,32,0.01036,37,0.22100,56,0.88112,42,0.60129
ENSG00000188186,LAMTOR4,146,-0.7603,340,0.55155,332,0.51525,144,-0.7831,251,0.07229,199,-0.2946,255,0.09639,280,0.23982,231,-0.0789
ENSG00000146826,MAP11,103,1.66653,10,-1.8900,21,-0.8664,55,0.59987,28,-0.5080,53,0.53025,32,-0.2499,52,0.49412,27,-0.6421
ENSG00000239521,CASTOR3,18,-1.1907,62,0.66618,48,0.27089,9,-2.2562,42,0.08207,38,-0.1068,43,0.09868,42,0.07346,45,0.23681
ENSG00000146834,MEPCE,15,-0.8505,33,0.38375,21,-0.3370,32,0.31523,25,-0.0523,21,-0.3355,35,0.44107,19,-0.4399,28,0.15664
ENSG00000160813,PPP1R35,36,0.89000,17,-0.2733,19,-0.1307,39,1.02604,15,-0.5633,29,0.54628,31,0.63350,10,-1.0224,14,-0.7072
ENSG00000166925,TSC22D4,81,-2.1394,1311,2.36581,1072,1.96606,166,-1.0758,445,0.49616,170,-1.0348,73,-2.2894,113,-1.6404,121,-1.8267
ENSG00000166924,NYAP1,46,1.50890,2,-2.9440,5,-1.8127,0,-4.6716,21,0.21145,21,0.24712,18,0.02335,8,-1.2844,24,0.56141
ENSG00000106351,AGFG2,2,-3.2134,22,0.27080,66,2.14802,36,1.04944,21,0.20987,18,-0.0379,8,-1.1867,9,-0.9904,9,-1.2384
ENSG00000077454,LRCH4,2,-2.3276,14,0.57298,15,0.64485,11,0.16144,12,0.29199,9,-0.1938,11,0.11505,11,0.10241,8,-0.3544
ENSG00000106330,MOSPD3,2,-3.0378,17,-0.0438,12,-0.6207,55,1.88059,16,-0.1529,11,-0.7197,7,-1.4005,13,-0.5106,20,0.30457
ENSG00000077080,ACTL6B,2,-4.7154,2,-4.4357,15,-1.8509,59,0.17458,35,-0.6851,78,0.59916,70,0.44321,131,1.47586,66,0.46872
ENSG00000172354,GNB2,101,-0.9732,101,-0.9720,238,0.34693,275,0.58191,142,-0.4915,218,0.21020,237,0.34377,169,-0.1876,214,0.24847
ENSG00000146830,GIGYF1,36,1.31244,15,-0.0550,18,0.20587,28,0.87946,15,-0.1091,15,-0.0764,12,-0.3722,4,-1.9025,12,-0.5420
ENSG00000172336,POP7,108,0.95644,38,-0.6692,34,-0.8638,8,-2.9700,52,-0.2038,65,0.14992,72,0.30854,64,0.11239,69,0.33692
ENSG00000146828,SLC12A9,2,-3.0040,33,1.13221,57,2.11492,3,-2.4916,16,-0.0556,14,-0.1948,4,-1.8775,22,0.48951,11,-0.7262
ENSG00000087077,TRIP6,2,-3.3480,33,0.78327,104,2.91166,16,-0.3538,19,-0.1027,4,-2.4605,0,-5.8185,26,0.38981,10,-1.2201
ENSG00000087087,SRRT,116,1.97945,30,-0.2938,39,0.14091,31,-0.2023,25,-0.5830,24,-0.5767,27,-0.4432,22,-0.7105,31,-0.2652
ENSG00000087085,ACHE,2,-4.4011,4,-3.5215,6,-2.8051,340,4.23569,15,-1.5970,15,-1.5379,25,-0.7767,33,-0.3683,24,-1.0713
ENSG00000227053,AC105446.1,40,1.55095,2,-2.8792,5,-1.6569,25,0.73788,8,-1.0812,0,-8.0472,50,1.93304,1,-3.4900,16,0.05967
ENSG00000106367,AP1S1,254,0.78156,29,-2.4939,51,-1.6916,153,-0.0239,108,-0.5999,187,0.28643,262,0.83511,156,0.00303,179,0.29803
ENSG00000128564,VGF,76,-1.9510,8,-5.1854,30,-3.2760,1686,3.38108,120,-1.3512,124,-1.2307,315,0.18987,171,-0.7453,243,-0.2768
ENSG00000106397,PLOD3,2,-3.1998,89,2.79574,24,0.39141,0,-4.7503,17,-0.1477,17,-0.0766,7,-1.4319,21,0.24799,11,-0.9350
ENSG00000106400,ZNHIT1,61,-1.0025,217,0.97515,156,0.43144,70,-0.8059,123,0.05776,99,-0.2826,118,-0.0055,106,-0.1707,117,-0.0253
ENSG00000214253,FIS1,194,-0.7049,856,1.71318,443,0.58683,208,-0.5983,308,0.01005,230,-0.4399,293,-0.0680,210,-0.5792,233,-0.5388
ENSG00000128581,IFT22,2,-4.6430,28,-0.8983,52,0.06882,21,-1.3041,52,0.04333,79,0.71845,75,0.64028,37,-0.4606,64,0.52714
ENSG00000160963,COL26A1,2,-3.4786,0,-6.0866,0,-8.3233,21,-0.1221,8,-1.5101,6,-1.7873,69,1.89335,9,-1.3710,41,1.56941
ENSG00000233123,LINC01007,2,-3.0972,0,-5.3094,0,-7.9449,0,-4.6484,8,-1.2510,2,-3.1603,6,-1.4746,4,-2.0772,48,3.74063
ENSG00000257923,CUX1,2,-3.4526,51,1.38110,43,1.06740,1,-4.0725,25,0.20069,22,-0.0137,9,-1.3138,12,-0.8613,24,0.18148
ENSG00000128563,PRKRIP1,2,-3.3677,28,0.49649,29,0.50919,19,-0.1150,20,-0.0367,12,-0.8553,19,-0.0934,6,-1.8356,28,0.70108
ENSG00000160991,ORAI2,103,1.36648,7,-2.6688,13,-1.7834,31,-0.5659,42,-0.1058,45,0.01303,49,0.14362,36,-0.3318,53,0.36964
ENSG00000160993,ALKBH4,2,-3.0960,11,-0.6541,23,0.49980,17,0.04063,15,-0.1957,15,-0.1978,24,0.51254,24,0.55000,19,0.18702
ENSG00000161036,LRWD1,2,-2.9304,14,-0.1657,17,0.19263,5,-1.5424,14,-0.1189,12,-0.3750,22,0.60580,24,0.70338,18,0.39867
ENSG00000005075,POLR2J,51,-0.9756,132,0.50604,156,0.76868,95,-0.0110,107,0.17698,82,-0.2452,75,-0.3874,125,0.40873,80,-0.3607
ENSG00000267368,UPK3BL1,95,1.22610,46,0.05252,18,-1.3511,34,-0.4074,36,-0.3501,48,0.10812,50,0.17420,29,-0.6424,47,0.10025
ENSG00000170632,ARMC10,35,-0.9969,69,0.03085,66,-0.0302,25,-1.4918,47,-0.5731,52,-0.3808,106,0.71607,106,0.71817,80,0.38486
ENSG00000161048,NAPEPLD,11,-1.8810,75,1.02378,18,-1.1406,3,-3.6804,23,-0.8483,71,0.94742,40,0.04129,60,0.67413,47,0.36230
ENSG00000105819,PMPCB,40,-0.4460,34,-0.7037,22,-1.3578,17,-1.7009,43,-0.3506,64,0.27060,68,0.38172,101,1.01738,66,0.45617
ENSG00000105821,DNAJC2,22,-0.1060,14,-0.7381,5,-2.2528,34,0.59734,24,0.02800,38,0.77034,38,0.77083,15,-0.6525,23,-0.0818
ENSG00000161057,PSMC2,2,-5.3632,93,0.17045,84,0.01122,128,0.68886,60,-0.5397,102,0.32507,103,0.34479,106,0.38205,85,0.06236
ENSG00000189056,RELN,44,-0.8252,10,-2.9632,117,0.69221,49,-0.6615,21,-1.9741,1,-6.2535,6,-3.7407,249,2.02443,116,1.00290
ENSG00000164815,ORC5,41,1.11015,10,-1.0466,15,-0.4378,0,-4.7621,13,-0.6543,27,0.45302,31,0.66306,31,0.68432,20,-0.0038
ENSG00000005483,KMT2E,2,-4.4856,88,1.08108,58,0.39302,29,-0.6791,66,0.66902,65,0.56892,39,-0.2162,41,-0.1249,33,-0.6052
ENSG00000135250,SRPK2,191,0.23434,120,-0.4822,112,-0.5853,144,-0.2054,152,-0.1341,222,0.47640,242,0.61674,156,-0.0761,161,-0.0399
ENSG00000135249,RINT1,2,-2.6550,11,-0.1454,10,-0.3719,15,0.31525,8,-0.6117,19,0.65308,17,0.51341,7,-0.7570,16,0.50605
ENSG00000008282,SYPL1,2,-4.3048,207,2.98908,132,2.02411,5,-2.9013,33,-0.2927,25,-0.6964,16,-1.3189,9,-2.1463,13,-1.9295
ENSG00000105835,NAMPT,2,-4.1934,35,-0.0683,73,1.11479,42,0.19761,25,-0.6251,39,0.07670,48,0.43547,16,-1.2809,43,0.34644
ENSG00000005249,PRKAR2B,44,-0.6553,12,-2.5753,33,-1.1053,68,-0.0066,39,-0.9070,173,1.53480,95,0.52943,101,0.61827,71,0.07191
ENSG00000105856,HBP1,61,1.79231,51,1.48835,34,0.77051,1,-4.2304,20,-0.0137,19,-0.1004,10,-1.1154,9,-1.1588,10,-1.2236
ENSG00000164597,COG5,75,1.78422,19,-0.4817,7,-1.8391,22,-0.2504,13,-1.1184,14,-0.9176,23,-0.1879,48,1.01785,25,-0.0499
ENSG00000172209,GPR22,56,0.70836,2,-4.2293,1,-5.1348,13,-1.4572,20,-0.9121,19,-0.9488,98,1.66514,20,-0.8566,54,0.94666
ENSG00000075790,BCAP29,203,1.03574,54,-1.0294,70,-0.6453,60,-0.8820,53,-1.1200,37,-1.5798,218,1.15478,115,0.11837,131,0.44678
ENSG00000233705,SLC26A4-AS1,2,-5.4605,13,-2.8777,10,-3.1875,90,0.02299,59,-0.6580,3,-4.8490,250,1.72455,85,-0.0712,146,1.19387
ENSG00000105879,CBLL1,2,-2.9154,23,0.64825,13,-0.2614,0,-4.4679,12,-0.3689,22,0.59327,9,-0.7271,20,0.44923,21,0.70208
ENSG00000091140,DLD,127,0.50131,37,-1.3664,39,-1.2917,41,-1.2369,71,-0.4332,107,0.21822,152,0.78475,107,0.22128,113,0.43281
ENSG00000091129,NRCAM,88,-1.7693,67,-2.1721,236,-0.2892,235,-0.2924,208,-0.5166,445,0.71387,420,0.61923,397,0.53006,348,0.44243
ENSG00000135241,PNPLA8,2,-4.7986,52,-0.1044,52,-0.1142,53,-0.0895,71,0.41154,53,-0.0832,68,0.31572,68,0.30508,59,0.12186
ENSG00000177683,THAP5,17,-0.9346,51,0.71736,40,0.30442,29,-0.2010,26,-0.3794,47,0.59068,40,0.31247,18,-0.9281,32,-0.0050
ENSG00000128590,DNAJB9,46,-0.3031,52,-0.1088,31,-0.8741,97,0.87338,35,-0.7446,66,0.24804,77,0.51147,49,-0.2025,60,0.13137
ENSG00000173114,LRRN3,44,-0.3563,6,-3.1279,36,-0.6396,50,-0.1435,28,-1.0906,113,1.16792,63,0.20998,127,1.35815,55,0.00352
ENSG00000128512,DOCK4,2,-5.2010,62,-0.2727,45,-0.7631,64,-0.2215,54,-0.5186,182,1.47375,31,-1.3191,66,-0.1672,101,0.69076
ENSG00000198839,ZNF277,40,1.32290,22,0.32805,19,0.14727,5,-1.8092,14,-0.3697,30,0.86487,27,0.69382,4,-2.0908,13,-0.5572
ENSG00000006652,IFRD1,39,0.29491,40,0.32045,21,-0.6560,1,-4.7120,22,-0.6088,32,0.01087,36,0.15469,22,-0.6031,46,0.81449
ENSG00000146802,TMEM168,2,-2.3640,19,0.96840,24,1.39355,2,-2.0995,10,0.01386,17,0.84360,10,-0.0488,3,-1.8325,9,-0.3197
ENSG00000164603,BMT2,39,1.29046,3,-2.3260,14,-0.3325,10,-0.7467,12,-0.6474,27,0.69942,19,0.14758,9,-0.8933,20,0.30407
ENSG00000164604,GPR85,2,-3.0556,5,-1.7054,19,0.21845,2,-3.0304,16,-0.0858,34,1.17575,36,1.26536,16,-0.0469,17,0.08545
ENSG00000214194,SMIM30,45,0.32061,61,0.83093,44,0.30272,5,-2.7594,41,0.20733,36,0.00641,39,0.10881,20,-0.8674,35,-0.0911
ENSG00000105976,MET,2,-2.4532,14,0.37860,0,-3.6543,0,-4.0095,7,-0.7737,0,-6.7750,0,-6.0256,0,-4.4295,28,2.94204
ENSG00000198898,CAPZA2,87,-1.0594,89,-1.0162,126,-0.4944,166,-0.0675,136,-0.4059,252,0.58780,252,0.58876,200,0.21906,204,0.34425
ENSG00000004866,ST7,2,-3.1313,10,-0.7872,0,-5.1149,59,2.03586,14,-0.3888,32,0.93752,26,0.63948,6,-1.6347,16,-0.1441
ENSG00000077063,CTTNBP2,3,-3.4097,48,0.73954,31,0.03435,121,2.40879,22,-0.5030,36,0.29451,22,-0.4693,20,-0.5887,16,-1.1282
ENSG00000128534,LSM8,64,1.22235,31,0.06096,14,-1.1055,64,1.23051,29,-0.0750,27,-0.1437,19,-0.6617,14,-1.1620,25,-0.3912
ENSG00000184408,KCND2,2,-3.8596,6,-2.3175,18,-0.7464,82,1.71096,21,-0.5306,33,0.19420,17,-0.8445,30,0.03629,37,0.55046
ENSG00000071243,ING3,33,0.99798,16,-0.1270,24,0.51357,1,-4.1893,12,-0.5503,10,-0.8768,20,0.20714,14,-0.3248,21,0.41174
ENSG00000196937,FAM3C,48,-1.9509,36,-2.3644,101,-0.8418,209,0.28240,103,-0.8651,319,0.96763,287,0.79369,176,0.00983,223,0.53670
ENSG00000106278,PTPRZ1,46,-1.4614,144,0.27948,366,1.87314,108,-0.1677,188,0.79468,46,-1.4360,42,-1.5724,76,-0.6975,90,-0.5728
ENSG00000081803,CADPS2,2,-3.6640,1,-3.9693,0,-4.8845,0,-5.2122,14,-0.9070,28,0.15422,109,2.54430,18,-0.5375,35,0.75429
ENSG00000128609,NDUFA5,324,-0.0318,126,-1.4686,176,-0.9661,272,-0.3043,334,0.01571,350,0.08440,471,0.56007,384,0.23087,384,0.31674
ENSG00000106299,WASL,2,-5.7979,45,-1.3677,71,-0.7054,83,-0.4694,104,-0.1247,177,0.72519,135,0.28913,68,-0.7678,168,0.93138
ENSG00000170775,GPR37,2,-5.3216,600,3.99057,214,1.61558,1,-6.1813,43,-0.9983,52,-0.6639,19,-2.1556,17,-2.3361,14,-2.9178
ENSG00000179603,GRM8,2,-2.5974,1,-3.3221,0,-7.4504,2,-2.1705,6,-1.1122,27,1.28367,29,1.42882,4,-1.4770,20,1.17541
ENSG00000004059,ARF5,116,-0.1362,56,-1.2383,43,-1.6173,136,0.12151,59,-1.2130,121,-0.0630,197,0.71237,158,0.35703,174,0.72001
ENSG00000197157,SND1,2,-4.5156,51,0.16887,57,0.32793,108,1.40070,41,-0.1742,65,0.55202,58,0.37642,22,-1.1318,38,-0.3861
ENSG00000128594,LRRC4,2,-4.1771,5,-2.7392,18,-1.0877,46,0.36407,29,-0.3701,24,-0.6265,54,0.62334,33,-0.1322,58,1.10951
ENSG00000106344,RBM28,2,-2.5531,15,0.36858,27,1.32906,20,0.84383,15,0.45392,17,0.58523,18,0.69370,4,-1.3749,4,-1.6347
ENSG00000106348,IMPDH1,84,2.05809,7,-1.8272,5,-2.1701,19,-0.3748,19,-0.4705,28,0.19443,28,0.19476,21,-0.2832,23,-0.1453
ENSG00000128595,CALU,2,-4.4872,61,0.46948,48,0.11097,36,-0.3521,41,-0.1615,95,1.20964,30,-0.6354,31,-0.5842,50,0.23869
ENSG00000128596,CCDC136,128,0.93459,14,-2.4049,11,-2.7676,101,0.54285,43,-0.8084,18,-2.0524,49,-0.5880,109,0.67709,103,0.83904
ENSG00000128591,FLNC,2,-2.1243,57,3.52159,17,1.11953,16,0.98113,3,-1.4145,0,-4.4169,0,-4.3725,0,-4.7210,3,-1.6671
ENSG00000128524,ATP6V1F,88,-1.8090,193,-0.6317,199,-0.5853,383,0.43301,264,-0.1654,257,-0.1952,418,0.57053,294,0.01330,357,0.44481
ENSG00000064419,TNPO3,2,-3.6203,19,-0.3508,23,-0.0694,100,2.41903,15,-0.7835,31,0.38596,42,0.83130,13,-0.9945,15,-0.9496
ENSG00000158457,TSPAN33,2,-2.6501,12,-0.0620,31,1.49068,34,1.61542,9,-0.4435,18,0.56356,21,0.79981,4,-1.7473,5,-1.4331
ENSG00000158467,AHCYL2,34,0.05255,19,-0.8471,66,1.12527,36,0.15311,38,0.26015,30,-0.1280,19,-0.7896,36,0.16306,27,-0.3650
ENSG00000240204,SMKR1,2,-2.8679,1,-3.2387,0,-4.6496,1,-3.6058,13,-0.1747,17,0.23558,26,0.94588,15,0.02787,25,1.31517
ENSG00000186591,UBE2H,25,-1.2572,73,0.36889,46,-0.3477,79,0.49279,52,-0.1677,35,-0.7560,68,0.24224,42,-0.4965,70,0.40773
ENSG00000128607,KLHDC10,98,0.96224,23,-1.2509,21,-1.4062,69,0.38741,38,-0.5468,54,0.02487,53,-0.0042,78,0.59578,56,0.08448
ENSG00000146842,TMEM209,3,-2.0917,36,1.66659,20,0.69130,34,1.53725,9,-0.6227,6,-1.0322,5,-1.2883,12,-0.1200,9,-0.7477
ENSG00000106477,CEP41,42,0.73945,22,-0.2580,17,-0.6060,20,-0.3843,15,-0.8554,41,0.71898,40,0.67251,18,-0.5316,27,0.06324
ENSG00000106484,MEST,2,-3.5298,6,-1.9754,10,-1.3113,29,0.33773,19,-0.3314,49,1.18339,32,0.48140,32,0.51314,26,0.26678
ENSG00000286214,AUXG01000058.1,116,-0.6169,10,-4.0930,20,-3.2128,126,-0.4866,150,-0.2373,238,0.50672,301,0.89326,310,0.94227,206,0.38354
ENSG00000231721,LINC-PINT,2,-2.9239,29,1.06108,16,0.12550,0,-4.4763,14,-0.0736,18,0.24774,25,0.81769,10,-0.6473,17,0.20022
ENSG00000128585,MKLN1,11,-2.1511,52,0.16062,105,1.30620,40,-0.2308,47,-0.0017,51,0.12921,37,-0.3437,28,-0.7618,48,0.03932
ENSG00000128567,PODXL,2,-3.1360,7,-1.3857,49,1.68310,13,-0.4424,31,1.05344,8,-1.0770,14,-0.3010,18,0.06142,13,-0.5289
ENSG00000221866,PLXNA4,2,-3.1997,2,-3.1211,0,-8.0465,20,0.14173,17,-0.0721,6,-1.6438,34,1.00661,15,-0.2958,31,1.26577
ENSG00000106554,CHCHD3,2,-3.6443,29,0.21867,13,-0.9193,9,-1.5362,25,0.03180,27,0.10324,27,0.14172,19,-0.4224,37,0.89914
ENSG00000131558,EXOC4,2,-4.4169,32,-0.4406,35,-0.3313,21,-1.0887,30,-0.5610,85,1.10069,68,0.73412,56,0.41345,50,0.31139
ENSG00000205060,SLC35B4,2,-4.1024,30,-0.1898,11,-1.6458,43,0.34851,37,0.10641,44,0.38521,59,0.84526,33,-0.0619,38,0.20801
ENSG00000085662,AKR1B1,2,-5.9737,95,-0.4368,65,-1.0084,168,0.43970,103,-0.3391,148,0.24186,160,0.36876,164,0.41022,160,0.50717
ENSG00000172331,BPGM,95,2.04897,26,-0.1307,21,-0.4429,0,-5.1048,21,-0.5076,5,-2.5133,44,0.70223,19,-0.6004,29,0.03849
ENSG00000122786,CALD1,2,-3.9202,61,1.09099,57,0.96278,54,0.88795,34,0.15751,18,-0.8508,12,-1.4234,25,-0.3078,26,-0.3058
ENSG00000122783,CYREN,2,-2.2783,27,1.67420,14,0.56673,0,-3.6787,15,0.81175,8,-0.1913,10,0.13504,3,-1.7741,7,-0.5000
ENSG00000105875,WDR91,47,2.17428,15,0.26303,1,-3.3655,0,-4.2708,7,-0.9552,15,0.26015,13,0.01894,2,-2.6419,15,0.31432
ENSG00000080802,CNOT4,2,-3.7910,17,-0.7347,39,0.53304,37,0.44372,24,-0.2308,47,0.85239,19,-0.5555,38,0.49677,28,0.03654
ENSG00000243317,STMP1,100,1.18004,76,0.71885,62,0.38415,76,0.72319,46,-0.0750,33,-0.5592,38,-0.3568,25,-1.0037,31,-0.8317
ENSG00000105887,MTPN,128,-0.9085,82,-1.5653,147,-0.7027,177,-0.4169,190,-0.3368,370,0.74246,334,0.57837,195,-0.2727,301,0.58050
ENSG00000105894,PTN,225,0.06621,182,-0.2654,567,1.59992,200,-0.1186,348,0.86024,121,-0.8813,50,-2.1827,139,-0.6704,156,-0.6329
ENSG00000157680,DGKI,2,-3.6091,2,-3.2352,0,-4.8717,50,1.16076,19,-0.4056,79,1.96990,15,-0.7385,16,-0.6527,29,0.33892
ENSG00000182158,CREB3L2,6,-0.6183,34,2.26288,25,1.67261,10,0.25528,10,0.27177,1,-2.3995,8,-0.1985,2,-2.0639,2,-2.3602
ENSG00000122779,TRIM24,2,-3.3441,39,1.05498,24,0.29612,5,-2.1004,19,-0.1364,20,-0.0359,23,0.18847,19,-0.1180,24,0.32256
ENSG00000122778,KIAA1549,2,-3.0406,1,-3.5093,14,-0.2210,49,1.80730,7,-1.2427,21,0.36495,14,-0.1816,11,-0.6139,21,0.59598
ENSG00000157741,UBN2,40,1.57267,20,0.40805,7,-1.1247,5,-1.6684,12,-0.3212,32,1.21642,3,-2.3508,15,0.01098,12,-0.3644
ENSG00000164898,FMC1,2,-4.5927,73,0.64686,144,1.81098,65,0.45672,43,-0.2070,34,-0.5297,55,0.19935,36,-0.4426,34,-0.6855
ENSG00000146963,LUC7L2,2,-4.6832,71,0.49302,45,-0.2257,17,-1.6906,60,0.25033,74,0.57369,53,0.05165,92,0.92303,50,-0.0800
ENSG00000236279,CLEC2L,39,-0.2136,1,-5.1341,0,-6.0513,150,2.02480,34,-0.4538,11,-2.0441,77,0.85263,15,-1.6746,56,0.48118
ENSG00000064393,HIPK2,4,-4.5261,484,2.76427,229,1.31397,27,-1.9761,162,0.81192,69,-0.6080,29,-1.9033,39,-1.4545,32,-2.0417
ENSG00000157800,SLC37A3,2,-2.8894,8,-0.8424,2,-2.7602,22,0.63016,11,-0.4064,34,1.33850,16,0.17787,13,-0.1401,18,0.38307
ENSG00000133606,MKRN1,71,0.09703,34,-1.0491,49,-0.4770,15,-2.1677,58,-0.2540,92,0.50316,114,0.85201,57,-0.2421,81,0.40365
ENSG00000146966,DENND2A,2,-3.0611,12,-0.4310,35,1.17120,23,0.49990,24,0.64999,41,1.45974,2,-2.8906,17,0.07031,9,-1.1334
ENSG00000133597,ADCK2,28,-0.0084,30,0.12500,14,-1.0274,29,0.05799,14,-1.1297,47,0.83450,33,0.28073,18,-0.6869,34,0.42586
ENSG00000090266,NDUFB2,177,-1.6435,510,-0.0493,452,-0.2341,412,-0.3779,631,0.31477,431,-0.3073,607,0.22556,666,0.37194,580,0.20917
ENSG00000157764,BRAF,2,-4.2199,18,-1.1225,24,-0.6934,58,0.69621,28,-0.4461,42,0.18993,56,0.63527,28,-0.4563,50,0.67050
ENSG00000090263,MRPS33,23,-1.7776,79,0.07743,74,-0.0165,40,-0.9494,83,0.17778,69,-0.1321,122,0.77450,69,-0.1314,83,0.22108
ENSG00000261115,TMEM178B,2,-4.4855,8,-2.5592,15,-1.6620,64,0.56341,24,-0.9794,28,-0.7291,59,0.41357,55,0.30068,77,1.29556
ENSG00000006530,AGK,2,-3.4594,14,-1.0633,10,-1.5188,4,-2.8129,17,-0.8214,29,0.01703,49,0.87597,20,-0.5150,52,1.49063
ENSG00000257093,DENND11,32,-0.7044,84,0.78356,75,0.60932,52,0.02871,38,-0.4898,114,1.30339,29,-0.8528,56,0.14171,37,-0.6456
ENSG00000106028,SSBP1,123,0.16822,108,-0.0374,91,-0.2949,112,0.02045,110,-0.0009,106,-0.0606,105,-0.0734,66,-0.7863,126,0.28008
ENSG00000106123,EPHB6,12,-2.4215,9,-2.8356,39,-0.7739,184,1.75329,41,-0.7208,51,-0.3679,132,1.15867,112,0.88859,54,-0.3630
ENSG00000197448,GSTK1,2,-4.0359,55,0.80935,64,1.08040,7,-2.2916,33,-0.0101,23,-0.5149,19,-0.8229,63,1.03189,32,-0.0363
ENSG00000159784,FAM131B,2,-4.7609,67,0.33228,44,-0.3357,73,0.45273,35,-0.7172,82,0.64064,58,0.10171,54,-0.0052,65,0.36707
ENSG00000159840,ZYX,2,-4.1489,27,-0.4031,24,-0.5736,30,-0.2647,31,-0.2507,42,0.26768,57,0.73836,38,0.09312,45,0.52907
ENSG00000198420,TCAF1,2,-5.7591,34,-1.7813,57,-1.0220,244,1.26623,81,-0.5486,116,0.04771,161,0.57123,92,-0.3025,148,0.61540
ENSG00000174469,CNTNAP2,152,0.74858,37,-1.4015,45,-1.1273,254,1.63136,54,-0.9060,34,-1.5442,67,-0.5366,132,0.51994,101,0.13106
ENSG00000055130,CUL1,2,-4.9783,35,-0.8907,52,-0.3174,106,0.82528,36,-0.9246,57,-0.1571,104,0.78794,99,0.70312,74,0.34494
ENSG00000155660,PDIA4,2,-3.8115,97,2.08697,84,1.82431,4,-2.8516,25,-0.2022,23,-0.2943,16,-0.8296,27,-0.0626,16,-1.0715
ENSG00000204946,ZNF783,2,-2.8055,14,0.01585,23,0.77243,21,0.61590,8,-0.8731,16,0.21779,13,-0.0429,21,0.63677,14,-0.0219
ENSG00000196453,ZNF777,62,1.89169,8,-1.3591,19,-0.1086,51,1.54388,15,-0.4585,21,0.07201,6,-1.7622,11,-0.9340,13,-0.8125
ENSG00000181220,ZNF746,2,-3.1773,12,-0.6613,5,-1.7273,22,0.28192,13,-0.4884,36,1.08525,35,1.06351,29,0.74971,17,-0.1354
ENSG00000171130,ATP6V0E2,160,-1.3566,219,-0.8891,410,0.07264,487,0.34369,348,-0.1980,550,0.53850,467,0.27829,330,-0.2642,443,0.26261
ENSG00000106538,RARRES2,95,0.92713,47,-0.1848,128,1.43892,1,-5.3439,81,0.73968,184,2.10698,7,-2.9842,18,-1.5891,12,-2.4725
ENSG00000214022,REPIN1,2,-3.9801,64,1.13338,46,0.57533,5,-2.6441,43,0.52056,48,0.67306,28,-0.1832,22,-0.5144,28,-0.2728
ENSG00000196456,ZNF775,2,-2.3967,25,1.40492,8,-0.4643,29,1.65155,12,0.18898,12,0.25909,15,0.54627,10,-0.0073,3,-2.1368
ENSG00000284691,AC073111.4,68,2.03527,6,-1.8030,5,-2.0819,1,-3.9476,17,-0.2751,19,-0.0660,25,0.31789,32,0.69358,18,-0.1914
ENSG00000106565,TMEM176B,2,-3.4329,39,0.95906,77,2.15750,28,0.41958,39,1.09104,4,-2.4675,3,-2.6492,14,-0.5957,8,-1.6744
ENSG00000002933,TMEM176A,2,-3.2320,35,0.98743,89,2.74976,11,-0.8184,26,0.55670,12,-0.6492,1,-4.1695,11,-0.7806,8,-1.5374
ENSG00000055118,KCNH2,2,-3.4216,2,-3.2594,4,-2.3439,45,1.19072,14,-0.6896,35,0.78000,33,0.68868,17,-0.3775,28,0.60000
ENSG00000197150,ABCB8,2,-4.1563,24,-0.6178,35,-0.0482,74,1.16637,33,-0.1311,54,0.64436,23,-0.6954,35,-0.0301,38,0.14615
ENSG00000164885,CDK5,73,-0.7169,22,-2.4814,52,-1.2239,102,-0.2000,84,-0.5427,161,0.51458,192,0.80370,147,0.37602,148,0.54296
ENSG00000164889,SLC4A2,2,-2.3921,43,2.41192,25,1.40454,0,-3.8198,15,0.65299,6,-0.6744,3,-1.7183,1,-3.0352,6,-0.9807
ENSG00000164896,FASTK,2,-4.3784,36,-0.2448,25,-0.7728,36,-0.2363,44,0.07781,67,0.76005,32,-0.4134,46,0.15129,53,0.52137
ENSG00000164897,TMUB1,2,-3.6040,31,0.37600,30,0.31683,0,-5.1289,25,0.05391,29,0.27364,34,0.54058,28,0.19521,28,0.30016
ENSG00000133612,AGAP3,195,-0.0539,78,-1.4483,152,-0.4458,188,-0.1120,188,-0.1236,261,0.40004,197,-0.0458,179,-0.1904,251,0.47573
ENSG00000033050,ABCF2,41,-0.2434,28,-0.8363,31,-0.6883,73,0.63842,36,-0.4802,54,0.16692,64,0.43832,43,-0.1978,56,0.31221
ENSG00000033100,CHPF2,46,1.15276,2,-3.2142,32,0.54779,25,0.16340,10,-1.2042,27,0.29084,22,-0.0104,17,-0.4141,25,0.21240
ENSG00000082014,SMARCD3,95,-0.2535,23,-2.3539,135,0.29565,99,-0.1863,124,0.17518,174,0.70234,98,-0.1998,137,0.31331,111,-0.0088
ENSG00000013374,NUB1,2,-4.1741,43,0.26255,17,-1.1193,62,0.84602,30,-0.2858,23,-0.6689,36,-0.0114,36,-0.0056,48,0.61321
ENSG00000106615,RHEB,331,0.39372,111,-1.2830,179,-0.5671,370,0.56944,186,-0.5442,209,-0.3240,379,0.60753,214,-0.2911,298,0.30976
ENSG00000106617,PRKAG2,38,-0.6857,8,-2.8331,29,-1.0931,22,-1.5044,48,-0.3395,161,1.65585,114,1.05827,39,-0.6245,65,0.21485
ENSG00000239911,PRKAG2-AS1,2,-4.7452,4,-3.5789,30,-0.9002,21,-1.3871,34,-0.7593,80,0.61354,94,0.89106,45,-0.2918,90,1.22009
ENSG00000178234,GALNT11,54,-0.6319,16,-2.4049,38,-1.1624,149,0.95366,45,-0.9778,96,0.24571,104,0.37254,130,0.73388,98,0.37156
ENSG00000055609,KMT2C,2,-4.0175,61,0.99979,40,0.32148,22,-0.5638,37,0.23930,39,0.28301,34,0.07336,24,-0.4429,31,-0.0715
ENSG00000261455,LINC01003,2,-2.4885,11,-0.0500,20,0.91907,0,-3.7775,13,0.33814,7,-0.6322,12,0.12405,16,0.56803,12,0.19745
ENSG00000133627,ACTR3B,2,-5.2041,12,-2.6397,9,-3.0371,57,-0.4124,49,-0.6913,175,1.40130,111,0.63420,74,-0.0084,107,0.83919
ENSG00000130226,DPP6,179,-0.0774,57,-1.7859,84,-1.2227,269,0.56220,101,-1.0103,121,-0.6759,305,0.76856,255,0.47464,245,0.57722
ENSG00000273344,PAXIP1-AS1,29,0.75824,15,-0.2242,22,0.34405,49,1.64721,12,-0.6850,13,-0.4462,7,-1.3626,19,0.10235,13,-0.5370
ENSG00000220575,HTR5A-AS1,2,-2.7402,0,-9.3515,0,-7.5917,8,-0.6579,9,-0.5610,33,1.49486,26,1.06283,8,-0.7985,19,0.83985
ENSG00000157219,HTR5A,2,-3.4007,1,-4.4798,1,-3.8028,3,-2.8171,14,-0.6906,39,0.98862,31,0.61334,40,1.01666,32,0.99859
ENSG00000186480,INSIG1,2,-5.0109,114,0.89904,102,0.71333,112,0.87932,45,-0.5934,48,-0.4682,96,0.62240,55,-0.2565,56,-0.2905
ENSG00000184863,RBM33,2,-3.3134,23,0.25522,12,-0.7886,22,0.17556,26,0.47403,23,0.23440,27,0.50402,25,0.34786,18,-0.2163
ENSG00000182648,LINC01006,2,-2.5791,12,0.07844,18,0.66719,4,-1.5655,8,-0.6082,26,1.28710,8,-0.5754,6,-1.0482,15,0.54802
ENSG00000105983,LMBR1,2,-4.4670,21,-1.1127,32,-0.4787,75,0.82672,28,-0.7235,44,-0.0081,52,0.23721,43,-0.0479,63,0.78798
ENSG00000009335,UBE3C,41,-0.1864,24,-0.9853,42,-0.1599,55,0.24355,28,-0.8474,41,-0.2036,71,0.65319,29,-0.7431,62,0.64254
ENSG00000105993,DNAJB6,125,-1.1147,223,-0.2396,248,-0.0795,242,-0.1145,162,-0.7805,334,0.39096,398,0.67551,375,0.57688,280,0.14957
ENSG00000155093,PTPRN2,131,-0.7669,30,-2.9527,94,-1.2584,337,0.70799,157,-0.5343,341,0.72741,205,-0.0805,251,0.23424,277,0.54927
ENSG00000117868,ESYT2,44,-0.2270,23,-1.2364,45,-0.2032,70,0.48037,46,-0.1716,55,0.11836,42,-0.3131,37,-0.4984,65,0.50774
ENSG00000126870,WDR60,41,0.71243,34,0.42786,20,-0.4121,22,-0.2505,29,0.17851,32,0.31777,16,-0.7572,19,-0.4865,24,-0.1444
ENSG00000147364,FBXO25,2,-3.8275,32,0.18233,28,-0.0389,45,0.70959,30,0.10179,59,1.18047,16,-0.8840,15,-0.9243,28,-0.0154
ENSG00000180190,TDRP,2,-2.4147,7,-0.6814,0,-6.6362,1,-2.9738,9,-0.3041,17,0.78414,13,0.36664,10,-0.1029,17,1.17572
ENSG00000104714,ERICH1,39,0.92327,11,-0.9944,8,-1.4342,30,0.50230,12,-0.9590,16,-0.4942,20,-0.1534,26,0.25318,27,0.50308
ENSG00000198010,DLGAP2,71,1.18187,0,-5.4521,0,-8.9134,91,1.62219,20,-0.8611,42,0.31971,29,-0.2300,21,-0.7622,37,0.18982
ENSG00000182372,CLN8,2,-2.9458,59,2.28949,23,0.64821,7,-1.2128,17,0.13845,11,-0.4631,16,0.09288,5,-1.6488,11,-0.6700
ENSG00000253982,AC100810.1,59,0.55231,76,0.99030,42,0.04122,28,-0.5717,56,0.52558,41,0.00356,25,-0.7696,39,-0.0747,28,-0.7195
ENSG00000104728,ARHGEF10,2,-2.5572,44,2.24397,45,2.27278,0,-4.1126,14,0.30866,3,-1.7989,9,-0.3068,1,-3.2121,5,-1.5484
ENSG00000176595,KBTBD11,53,-0.4183,77,0.15544,100,0.55725,5,-3.6941,61,-0.2354,52,-0.4514,66,-0.0978,83,0.26154,88,0.50308
ENSG00000036448,MYOM2,2,-2.9314,7,-1.0345,3,-2.1049,0,-4.4783,16,0.14113,36,1.41379,25,0.75832,11,-0.4799,20,0.57738
ENSG00000183117,CSMD1,2,-3.4927,3,-3.0167,0,-8.1144,48,1.23380,14,-0.8085,60,1.60607,17,-0.4210,23,0.04009,28,0.49038
ENSG00000155189,AGPAT5,42,-0.4112,62,0.18955,41,-0.4338,70,0.39110,42,-0.4420,69,0.37221,47,-0.2160,34,-0.6986,65,0.38005
ENSG00000275342,PRAG1,2,-2.8487,5,-1.4242,0,-7.6990,14,-0.0470,7,-1.0576,0,-6.7692,5,-1.5345,2,-2.7573,36,2.85020
ENSG00000147324,MFHAS1,50,1.50394,5,-1.9672,28,0.52143,25,0.40010,16,-0.3878,30,0.65552,9,-1.0840,14,-0.5210,16,-0.4049
ENSG00000173273,TNKS,2,-4.7665,79,0.58459,31,-0.8833,98,0.93933,32,-0.8876,47,-0.2483,48,-0.2054,53,-0.0460,73,0.63132
ENSG00000253230,LINC00599,2,-4.3653,2,-3.9627,5,-3.1508,72,0.88254,24,-0.8788,85,1.15069,51,0.32273,63,0.64469,53,0.53926
ENSG00000175806,MSRA,5,-3.1014,22,-1.0318,21,-1.0664,57,0.42420,32,-0.4862,35,-0.3277,82,1.02080,43,-0.0147,59,0.67102
ENSG00000104643,MTMR9,40,-0.5262,29,-1.0047,14,-2.0984,86,0.65675,36,-0.7290,95,0.83324,77,0.47809,86,0.66187,59,0.09304
ENSG00000154319,FAM167A,2,-2.8926,14,-0.0931,75,2.89781,14,-0.0784,23,0.78331,7,-1.0627,2,-2.6321,4,-1.9818,7,-1.3378
ENSG00000154328,NEIL2,55,0.51428,22,-0.9017,48,0.29079,24,-0.7264,39,-0.0114,36,-0.1403,58,0.60354,40,0.00658,38,-0.0680
ENSG00000079459,FDFT1,87,-0.9104,242,0.67278,202,0.38152,234,0.61330,105,-0.6843,86,-0.9299,250,0.72572,99,-0.7267,163,0.06034
ENSG00000164733,CTSB,208,-0.5616,199,-0.6305,405,0.47616,279,-0.1109,214,-0.5623,387,0.40125,391,0.41639,270,-0.1616,333,0.22434
ENSG00000283674,AC068587.4,2,-3.1540,7,-1.3892,11,-0.6949,7,-1.3318,26,0.66038,36,1.11906,17,-0.0852,5,-1.8158,24,0.62366
ENSG00000154359,LONRF1,2,-3.4918,16,-0.5045,11,-1.0733,4,-2.3105,19,-0.2785,68,1.83825,26,0.24735,16,-0.4788,28,0.44027
ENSG00000250305,TRMT9B,6,-1.8033,0,-5.0200,16,-0.4340,11,-0.9417,25,0.29232,58,1.67488,7,-1.6497,29,0.48523,24,0.28847
ENSG00000164741,DLC1,47,0.19239,34,-0.3035,67,0.76313,23,-0.8860,41,-0.0208,154,2.25076,11,-1.9104,31,-0.4488,22,-1.1426
ENSG00000104723,TUSC3,11,-3.2989,6,-4.0813,33,-1.7715,188,0.88505,62,-0.8953,236,1.27472,186,0.86931,121,0.17765,124,0.30472
ENSG00000155970,MICU3,113,0.58424,26,-1.6481,28,-1.5235,155,1.11552,49,-0.7549,96,0.32295,107,0.49943,52,-0.6193,84,0.17049
ENSG00000104219,ZDHHC2,2,-3.6533,48,1.02220,40,0.73314,23,-0.1264,33,0.45851,19,-0.4014,11,-1.2599,55,1.25117,16,-0.8511
ENSG00000198791,CNOT7,2,-5.0682,42,-0.7226,56,-0.2837,42,-0.7149,64,-0.0990,69,0.03414,87,0.40067,83,0.33238,92,0.69984
ENSG00000155975,VPS37A,2,-3.3893,24,0.19769,29,0.53618,36,0.88155,17,-0.3792,17,-0.2690,27,0.40919,12,-0.8780,23,0.17182
ENSG00000003987,MTMR7,73,1.19727,25,-0.4794,13,-1.4307,1,-5.1262,16,-1.2797,23,-0.6489,51,0.58377,29,-0.2884,52,0.91398
ENSG00000129422,MTUS1,5,-3.4916,330,3.36482,86,0.73250,9,-2.6208,55,0.02221,22,-1.3877,13,-2.0865,46,-0.2618,22,-1.6403
ENSG00000078674,PCM1,14,-2.4520,91,0.33810,115,0.71678,46,-0.7053,67,-0.1415,97,0.44799,71,-0.0462,57,-0.3690,81,0.22415
ENSG00000104763,ASAH1,84,-1.0213,141,-0.2475,240,0.59726,150,-0.1425,146,-0.2065,194,0.25757,202,0.31604,241,0.60082,150,-0.1932
ENSG00000156011,PSD3,2,-6.1958,67,-1.6587,90,-1.2226,173,-0.2371,160,-0.3862,441,1.27773,326,0.76522,221,0.14305,245,0.42742
ENSG00000147408,CSGALNACT1,2,-3.8611,16,-0.8728,114,2.35397,9,-1.7115,43,0.70451,51,0.89765,23,-0.3656,16,-0.8835,15,-1.2193
ENSG00000104613,INTS10,2,-4.0413,23,-0.5571,30,-0.1644,11,-1.6378,39,0.26637,54,0.78481,44,0.46610,52,0.72539,34,0.06089
ENSG00000147416,ATP6V1B2,4,-6.1679,63,-2.3754,77,-2.0942,241,-0.3831,164,-1.0284,302,-0.0364,686,1.30380,358,0.22973,490,1.09604
ENSG00000061337,LZTS1,2,-4.0574,2,-3.7075,17,-0.9857,2,-4.1253,33,-0.0247,132,2.37165,16,-1.1314,17,-1.0006,45,0.66846
ENSG00000168546,GFRA2,2,-3.5315,1,-4.0688,0,-8.3768,19,-0.2612,10,-1.2689,4,-2.4639,64,1.67169,23,-0.0127,42,1.46828
ENSG00000130227,XPO7,118,1.56717,37,-0.3321,42,-0.1203,81,0.91278,30,-0.6916,54,0.27180,32,-0.5327,28,-0.7394,35,-0.5052
ENSG00000158806,NPM2,44,0.06203,1,-4.7963,30,-0.5122,16,-1.4061,46,0.15461,61,0.59071,55,0.42643,58,0.51615,47,0.24033
ENSG00000158856,DMTN,121,-1.0989,13,-4.2631,95,-1.4585,173,-0.5562,253,0.03280,406,0.78234,347,0.52783,320,0.39769,313,0.50513
ENSG00000158863,FAM160B2,3,-2.3773,19,0.30521,10,-0.5745,0,-4.4936,14,-0.1199,32,1.15629,23,0.65795,10,-0.5747,18,0.37117
ENSG00000168453,HR,2,-2.6387,38,1.88005,13,0.06101,0,-4.1753,15,0.30696,8,-0.6858,26,1.17395,4,-1.7419,10,-0.3994
ENSG00000168481,LGI3,161,0.54559,274,1.43823,97,-0.2458,90,-0.3705,65,-0.9056,56,-1.0744,160,0.53429,137,0.28672,94,-0.3797
ENSG00000168490,PHYHIP,22,-3.9007,13,-4.6409,65,-2.3178,166,-0.9382,239,-0.4127,562,0.97951,503,0.79313,315,0.04184,465,0.97643
ENSG00000104635,SLC39A14,25,0.88299,7,-1.0425,29,1.12201,7,-1.0347,11,-0.4213,20,0.50611,24,0.81444,1,-3.9483,13,-0.2160
ENSG00000120910,PPP3CC,2,-2.6831,8,-0.6947,17,0.43882,0,-4.2374,10,-0.4553,11,-0.1469,21,0.76274,7,-0.8042,20,1.03034
ENSG00000120896,SORBS3,4,-1.8631,27,1.11980,42,1.89841,0,-4.2563,27,1.26586,7,-1.0276,4,-1.7267,5,-1.3767,8,-0.9811
ENSG00000120913,PDLIM2,2,-3.5553,33,0.54900,47,1.09718,44,0.97954,27,0.21270,18,-0.4333,9,-1.4173,16,-0.5375,21,-0.2275
ENSG00000158941,CCAR2,2,-4.3426,29,-0.5393,26,-0.6853,41,0.01498,27,-0.6690,52,0.39690,60,0.60112,34,-0.2886,58,0.80540
ENSG00000147439,BIN3,60,1.90354,12,-0.7428,11,-0.7792,23,0.30741,10,-1.0165,19,-0.0082,20,0.07275,16,-0.2656,17,-0.2597
ENSG00000179388,EGR3,2,-4.5609,0,-6.1365,0,-8.4275,12,-2.0396,33,-0.5799,45,-0.0775,87,0.98050,37,-0.3809,92,1.70812
ENSG00000008853,RHOBTB2,135,1.98507,5,-3.0169,18,-1.2480,8,-2.4076,27,-0.7081,51,0.31189,44,0.07653,45,0.12043,45,0.17850
ENSG00000147457,CHMP7,2,-4.1576,21,-0.8251,38,0.09620,21,-0.8165,20,-0.9023,50,0.53245,38,0.11252,79,1.28807,44,0.43605
ENSG00000104679,R3HCC1,2,-4.4490,64,0.59691,49,0.15991,53,0.30969,37,-0.2903,36,-0.2905,55,0.34879,41,-0.1147,49,0.24410
ENSG00000197217,ENTPD4,17,-1.2228,23,-0.8122,11,-1.8550,11,-1.9038,21,-1.0505,28,-0.5190,54,0.49323,31,-0.3631,74,1.60271
ENSG00000147454,SLC25A37,655,5.68082,22,-1.5671,14,-2.1782,0,-6.4832,14,-2.3163,12,-2.4498,9,-2.8851,2,-4.9209,15,-2.3718
ENSG00000272163,AF106564.1,2,-2.2868,2,-2.3219,0,-5.2419,0,-3.8448,10,0.12644,20,1.14964,17,0.89557,10,0.01954,13,0.73443
ENSG00000104722,NEFM,83,-2.2425,24,-4.0501,50,-2.9762,153,-1.3471,420,0.20366,98,-2.0084,826,1.30157,452,0.30243,580,1.04558
ENSG00000277586,NEFL,417,-1.2200,54,-4.2092,93,-3.4117,440,-1.1404,652,-0.5869,462,-1.0671,2176,1.39722,1165,0.35583,1493,1.13647
ENSG00000147459,DOCK5,2,-3.1862,127,3.75241,34,0.99275,0,-4.7369,20,0.15600,1,-4.0069,7,-1.4345,15,-0.2354,2,-3.1731
ENSG00000221914,PPP2R2A,51,-0.2075,80,0.47904,32,-0.9189,22,-1.4646,41,-0.5984,54,-0.1299,85,0.58561,39,-0.6180,80,0.68335
ENSG00000104765,BNIP3L,242,0.39173,294,0.70263,158,-0.2809,109,-0.8438,132,-0.6000,182,-0.0559,169,-0.1719,206,0.13246,209,0.21023
ENSG00000240694,PNMA2,280,-0.3573,32,-3.5443,126,-1.5625,707,1.12773,201,-0.9204,481,0.49215,393,0.16876,365,0.05326,450,0.54006
ENSG00000092964,DPYSL2,490,-1.0433,1701,0.90362,1578,0.77940,826,-0.2496,728,-0.4765,1058,0.13586,1177,0.30471,1156,0.27679,792,-0.4061
ENSG00000015592,STMN4,8,-4.7149,376,0.93530,194,-0.1272,110,-0.9884,162,-0.4355,281,0.46027,237,0.18783,223,0.09218,245,0.33074
ENSG00000120899,PTK2B,6,-3.9297,8,-3.5766,18,-2.4202,2,-5.1177,82,-0.1907,123,0.46745,181,1.09810,86,-0.1079,151,1.20459
ENSG00000120885,CLU,1680,-0.7854,2282,-0.3180,8807,1.93572,3036,0.12547,3411,0.34148,2281,-0.3188,1814,-0.6691,1910,-0.5908,1949,-0.7064
ENSG00000168077,SCARA3,2,-3.8425,14,-1.1141,146,2.90935,33,0.23510,37,0.44826,12,-1.3365,6,-2.2407,23,-0.3152,16,-1.0971
ENSG00000147419,CCDC25,34,-1.0531,80,0.27983,64,-0.0861,4,-3.8969,65,-0.0583,88,0.41982,84,0.33963,89,0.44196,76,0.24580
ENSG00000134014,ELP3,2,-4.1671,22,-0.7666,21,-0.8336,90,1.49129,31,-0.2677,38,0.07124,29,-0.3338,61,0.83968,36,0.02029
ENSG00000186918,ZNF395,2,-2.4861,20,0.89052,31,1.68654,6,-0.7822,10,-0.1843,9,-0.3159,0,-4.5825,10,-0.1335,11,0.07621
ENSG00000104290,FZD3,2,-4.4358,12,-2.0808,25,-1.0363,15,-1.7543,39,-0.3914,144,1.76555,43,-0.2292,25,-1.0080,75,0.96776
ENSG00000012232,EXTL3,2,-4.4746,21,-1.1654,18,-1.3514,5,-3.1789,35,-0.3877,73,0.77576,52,0.24778,39,-0.1982,75,1.25694
ENSG00000147421,HMBOX1,2,-2.2858,25,1.57176,7,-0.5178,0,-3.8439,17,0.99710,7,-0.5492,2,-1.9864,5,-0.9086,11,0.21704
ENSG00000197892,KIF13B,2,-2.8326,83,3.25064,53,2.22112,0,-4.3857,11,-0.4037,1,-3.7816,1,-3.0127,13,-0.1135,2,-2.9685
ENSG00000133872,SARAF,804,-0.2043,463,-1.0448,748,-0.3162,1312,0.56878,488,-1.0272,1062,0.23086,1264,0.50799,1207,0.43471,1022,0.23107
ENSG00000104660,LEPROTL1,212,2.35632,39,-0.4862,13,-2.0574,78,0.56696,29,-0.9920,27,-1.0569,51,-0.0839,36,-0.6016,47,-0.2794
ENSG00000271869,AC026979.2,2,-2.4430,17,0.75058,5,-1.1998,25,1.33305,16,0.64557,14,0.43526,9,-0.3278,8,-0.4037,7,-0.7486
ENSG00000104671,DCTN6,98,0.25930,124,0.63795,112,0.47174,17,-2.3410,79,-0.0742,62,-0.4468,88,0.09987,61,-0.4814,89,0.15835
ENSG00000197265,GTF2E2,2,-3.1962,18,-0.0123,15,-0.2566,1,-3.8156,12,-0.6410,27,0.61923,21,0.24980,40,1.27213,22,0.38965
ENSG00000253457,SMIM18,4,-1.9447,2,-3.0329,5,-1.5973,45,1.61379,9,-0.8873,8,-0.9873,22,0.46604,20,0.31498,22,0.65512
ENSG00000104687,GSR,2,-4.3300,22,-0.9362,20,-1.0710,23,-0.8303,31,-0.4274,55,0.49869,44,0.12468,68,0.83270,57,0.78835
ENSG00000104691,UBXN8,2,-2.9488,15,-0.0330,14,-0.1575,38,1.48853,11,-0.4830,6,-1.2808,11,-0.5188,11,-0.5285,20,0.56762
ENSG00000104695,PPP2CB,5,-6.0413,313,-0.0147,339,0.10881,416,0.43099,273,-0.2497,318,0.00618,317,0.00380,514,0.77455,337,0.13086
ENSG00000198042,MAK16,2,-2.3558,12,0.28243,3,-1.5527,0,-3.9132,11,0.15980,9,-0.0810,9,-0.1776,15,0.56775,14,0.81275
ENSG00000133878,DUSP26,38,-0.7978,27,-1.2605,25,-1.3870,134,1.20551,50,-0.3913,65,0.03097,68,0.09582,64,0.00551,76,0.39832
ENSG00000156687,UNC5D,30,0.53926,1,-3.5384,0,-7.7275,6,-1.7251,10,-1.1822,2,-3.2127,27,0.40378,22,0.09788,41,1.72854
ENSG00000183779,ZNF703,2,-3.0723,7,-1.2259,26,0.71511,32,1.04783,26,0.74693,20,0.28241,18,0.09602,6,-1.4076,13,-0.4117
ENSG00000147475,ERLIN2,2,-3.0435,31,1.02452,61,2.23839,0,-4.2028,16,-0.0033,11,-0.6226,9,-0.9474,5,-1.6660,15,-0.1471
ENSG00000147471,PLPBP,189,1.85600,45,-0.4998,23,-1.4975,40,-0.6591,32,-1.0835,55,-0.2063,75,0.29898,68,0.13345,63,0.02014
ENSG00000104221,BRF2,149,2.72936,11,-1.5688,23,-0.4610,43,0.46099,12,-1.5577,23,-0.4778,34,0.10168,35,0.12977,18,-1.0522
ENSG00000129691,ASH2L,2,-4.2147,37,0.01089,51,0.49711,24,-0.6635,26,-0.6089,59,0.73007,55,0.62378,28,-0.4290,44,0.35744
ENSG00000175324,LSM1,2,-4.3990,41,-0.0417,53,0.34887,59,0.52931,29,-0.6257,29,-0.5779,56,0.43287,51,0.29597,50,0.37510
ENSG00000156735,BAG4,2,-5.2543,25,-1.7009,40,-0.9780,164,1.22533,51,-0.6724,115,0.63798,91,0.27171,47,-0.7628,104,0.66725
ENSG00000085788,DDHD2,38,-0.9117,48,-0.5645,61,-0.2012,53,-0.4216,43,-0.7806,112,0.76175,69,-0.0043,67,-0.0615,92,0.63242
ENSG00000147548,NSD3,192,1.33552,62,-0.4800,66,-0.3928,59,-0.5498,64,-0.4538,97,0.21573,86,0.02628,64,-0.4391,87,0.04760
ENSG00000077782,FGFR1,55,0.72451,14,-1.3673,74,1.22349,3,-3.2572,34,-0.0246,45,0.40183,33,-0.0595,37,0.11793,30,-0.2770
ENSG00000147526,TACC1,385,1.36675,158,-0.0885,162,-0.0446,78,-1.1531,130,-0.4170,185,0.16004,152,-0.1451,135,-0.3324,164,-0.0362
ENSG00000169499,PLEKHA2,2,-3.4794,13,-0.8436,10,-1.1519,15,-0.6123,22,-0.0330,5,-2.0476,24,0.12231,11,-1.0034,41,1.55684
ENSG00000169490,TM2D2,2,-4.3774,21,-1.0343,17,-1.3559,55,0.43984,30,-0.5286,50,0.28583,69,0.80640,51,0.31278,54,0.57695
ENSG00000168615,ADAM9,86,1.55136,42,0.37708,28,-0.2686,3,-3.1957,18,-0.9781,31,-0.0860,31,-0.1111,44,0.43379,33,-0.0371
ENSG00000165061,ZMAT4,2,-2.4592,0,-9.0743,0,-6.8530,0,-3.9439,9,-0.3405,1,-3.4264,9,-0.2886,11,-0.0373,25,2.43787
ENSG00000104332,SFRP1,2,-2.4796,29,1.54486,38,2.09002,16,0.58922,16,0.61254,2,-2.1823,2,-2.2108,3,-1.8824,5,-1.4362
ENSG00000147533,GOLGA7,54,-0.8693,346,2.18469,177,0.98110,42,-1.2579,84,-0.2336,76,-0.3690,64,-0.6383,105,0.13364,55,-1.0416
ENSG00000158669,GPAT4,2,-4.0688,24,-0.5189,30,-0.1706,70,1.17446,23,-0.5846,40,0.27123,49,0.59254,30,-0.1951,37,0.17335
ENSG00000083168,KAT6A,2,-3.4371,52,1.41059,59,1.66313,2,-3.1193,20,-0.1448,22,0.03248,10,-1.1096,32,0.59775,16,-0.6246
ENSG00000070718,AP3M2,114,0.40599,22,-2.0918,22,-2.0904,80,-0.1614,49,-0.9532,101,0.21506,145,0.78688,146,0.80327,105,0.37821
ENSG00000070501,POLB,2,-2.9529,13,-0.2492,1,-3.5765,12,-0.4189,14,-0.1853,24,0.72020,28,0.96100,10,-0.6882,21,0.65019
ENSG00000078668,VDAC3,410,0.97439,77,-1.6025,88,-1.4195,237,0.09164,108,-1.1788,274,0.32109,321,0.57323,171,-0.4133,279,0.48199
ENSG00000168575,SLC20A2,146,1.68191,107,1.14539,73,0.50783,18,-1.5860,42,-0.3692,38,-0.5187,41,-0.3982,40,-0.4358,35,-0.7891
ENSG00000176209,SMIM19,2,-4.5110,41,-0.1863,32,-0.5533,44,-0.0684,39,-0.2804,52,0.19853,64,0.53419,35,-0.4302,62,0.68856
ENSG00000131931,THAP1,2,-2.0083,15,1.00861,0,-6.8302,3,-1.2850,7,-0.0669,10,0.29431,14,0.85870,3,-1.5066,10,0.59656
ENSG00000120925,RNF170,43,0.00227,41,-0.0776,60,0.52578,64,0.61169,28,-0.6956,46,0.10249,48,0.17684,43,0.00659,40,-0.1690
ENSG00000168172,HOOK3,2,-4.4131,53,0.33088,93,1.25090,41,-0.0534,52,0.32951,41,-0.0648,17,-1.3732,52,0.29534,39,-0.2092
ENSG00000168522,FNTA,2,-5.1042,226,2.00006,134,1.06335,61,-0.1867,47,-0.6270,37,-0.9476,54,-0.3753,76,0.15154,54,-0.4993
ENSG00000165102,HGSNAT,2,-3.7031,23,-0.1869,10,-1.4251,33,0.34717,17,-0.6643,22,-0.2305,26,0.02241,40,0.66798,37,0.79446
ENSG00000255366,AC120036.4,2,-2.1626,3,-1.3232,11,0.32215,0,-3.6981,10,0.21679,18,1.10333,3,-1.4550,7,-0.3020,12,0.76129
ENSG00000164808,SPIDR,131,2.52240,9,-1.8153,8,-1.9014,4,-3.0110,26,-0.2723,21,-0.5585,37,0.30403,15,-1.0222,30,-0.0253
ENSG00000221869,CEBPD,6,-2.1292,22,-0.3554,99,2.14173,0,-5.3583,30,0.12257,33,0.24638,7,-2.0763,17,-0.7429,30,0.13030
ENSG00000253729,PRKDC,94,0.82308,52,-0.1310,56,-0.0030,17,-1.7669,31,-0.9629,61,0.11934,39,-0.5763,65,0.23495,71,0.52190
ENSG00000104738,MCM4,2,-3.3671,12,-0.7811,10,-1.1286,25,0.28584,13,-0.7768,42,1.12656,32,0.68898,21,0.03226,25,0.40190
ENSG00000169139,UBE2V2,101,-0.8323,70,-1.3630,108,-0.7234,208,0.28671,147,-0.2825,217,0.35090,284,0.79106,172,-0.0096,200,0.30850
ENSG00000147481,SNTG1,2,-3.0579,2,-2.8357,0,-7.0157,4,-2.0864,15,-0.1216,3,-2.3954,41,1.48695,16,-0.0533,29,1.37918
ENSG00000168300,PCMTD1,2,-3.7047,43,0.77905,41,0.71961,0,-5.2587,18,-0.6217,23,-0.2067,35,0.43376,25,-0.0759,34,0.57435
ENSG00000147488,ST18,16,-0.0300,115,3.83615,28,0.90014,0,-4.4812,11,-0.5218,5,-1.5590,1,-3.4822,1,-3.2518,4,-2.2244
ENSG00000023287,RB1CC1,9,-3.4022,88,-0.1069,77,-0.3292,89,-0.0947,108,0.23151,153,0.76045,85,-0.1608,120,0.36548,99,0.08128
ENSG00000082556,OPRK1,81,3.00069,0,-4.0854,0,-7.7874,0,-4.4885,5,-1.7082,0,-8.6222,11,-0.4221,6,-1.2829,22,0.85906
ENSG00000047249,ATP6V1H,191,-0.5424,45,-2.6793,85,-1.7592,252,-0.1208,148,-0.9875,245,-0.1639,426,0.71514,309,0.20022,422,1.03647
ENSG00000147509,RGS20,2,-2.9161,4,-1.8794,23,0.65549,0,-4.4685,29,1.21516,4,-1.8249,8,-0.8691,2,-2.7371,23,1.00452
ENSG00000187735,TCEA1,2,-4.9094,119,1.02062,150,1.41854,137,1.25665,56,-0.2051,19,-1.7468,54,-0.2375,36,-0.8619,48,-0.5403
ENSG00000120992,LYPLA1,2,-3.4812,13,-0.8050,29,0.38481,19,-0.2440,19,-0.2181,28,0.35487,20,-0.1373,23,0.04476,29,0.59775
ENSG00000137547,MRPL15,2,-4.8001,20,-1.5100,33,-0.7859,131,1.39280,45,-0.3642,60,0.11261,101,0.95000,66,0.26225,56,-0.0046
ENSG00000206579,XKR4,2,-3.7488,2,-3.8665,5,-2.3625,47,0.88618,20,-0.4578,80,1.78668,20,-0.4595,22,-0.3194,33,0.45625
ENSG00000167904,TMEM68,2,-3.5088,21,-0.1531,22,-0.0787,24,0.06692,13,-0.8780,36,0.71104,33,0.56455,68,1.80542,16,-0.6205
ENSG00000008988,RPS20,404,0.09283,720,1.02748,574,0.65235,317,-0.2861,507,0.49970,308,-0.3298,212,-0.8985,287,-0.4360,280,-0.6069
ENSG00000170791,CHCHD7,44,0.59000,28,-0.1491,27,-0.1930,9,-1.7779,30,-0.0144,25,-0.3198,47,0.67906,14,-1.1840,36,0.33203
ENSG00000170786,SDR16C5,2,-3.2555,0,-9.8615,0,-8.0997,42,1.28532,7,-1.5838,18,-0.0781,55,1.76022,13,-0.5666,26,0.69460
ENSG00000104331,IMPAD1,38,-1.2366,105,0.29871,115,0.43656,91,0.06774,58,-0.6680,115,0.43781,96,0.15852,110,0.36436,86,-0.0175
ENSG00000169122,FAM110B,2,-4.7755,12,-2.2179,45,-0.3249,157,1.74161,44,-0.3757,186,2.06152,15,-1.9719,74,0.46982,35,-0.8866
ENSG00000215114,UBXN2B,2,-4.4842,30,-0.6389,37,-0.3035,84,1.00805,37,-0.3224,57,0.36067,47,0.06878,55,0.31404,50,0.21844
ENSG00000137575,SDCBP,53,-1.3098,84,-0.6140,94,-0.4421,90,-0.5016,106,-0.2735,126,0.00550,212,0.84083,123,-0.0242,158,0.51798
ENSG00000178538,CA8,2,-2.6824,10,-0.4061,16,0.35353,21,0.75675,17,0.51710,4,-1.5261,3,-1.9405,5,-1.2087,17,0.69076
ENSG00000104388,RAB2A,110,-1.2201,178,-0.4957,122,-1.0617,237,-0.0583,175,-0.5657,301,0.31906,337,0.50142,246,0.00377,328,0.65067
ENSG00000171316,CHD7,2,-2.0853,45,3.02385,14,0.84106,0,-3.6458,14,0.88601,2,-1.9040,0,-7.8495,5,-0.6796,3,-1.7437
ENSG00000177182,CLVS1,2,-3.3371,1,-4.3666,10,-1.0719,30,0.62113,16,-0.3964,37,0.92549,26,0.35173,21,0.07330,27,0.59282
ENSG00000198363,ASPH,133,0.06692,63,-1.0665,173,0.48053,103,-0.3290,111,-0.2325,121,-0.0831,136,0.09877,92,-0.5048,154,0.40669
ENSG00000274956,NKAIN3-IT1,64,0.95106,36,0.05877,84,1.42956,11,-1.7259,47,0.50307,33,-0.0931,9,-1.9335,16,-1.1595,27,-0.5022
ENSG00000137563,GGH,58,0.97077,12,-1.4618,6,-2.4678,0,-5.5202,20,-0.7487,42,0.44699,68,1.25603,33,0.05633,38,0.39097
ENSG00000185728,YTHDF3,36,-0.5939,40,-0.4254,53,-0.0055,44,-0.2723,33,-0.7627,57,0.10691,68,0.38533,52,-0.0325,68,0.55739
ENSG00000254377,MIR124-2HG,2,-3.0978,0,-5.1045,2,-2.9972,14,-0.3232,13,-0.3840,38,1.27777,36,1.19446,12,-0.4763,23,0.63353
ENSG00000172817,CYP7B1,2,-3.2359,65,2.10413,31,0.80971,0,-4.7669,23,0.34475,24,0.38177,8,-1.3202,21,0.17665,12,-0.8936
ENSG00000272010,AC100814.1,2,-2.1288,9,0.15406,3,-1.6399,0,-3.6888,10,0.26429,13,0.64657,10,0.22849,0,-4.6204,13,1.03724
ENSG00000104442,ARMC1,8,-2.4564,61,0.63452,34,-0.2862,43,0.07624,32,-0.4046,47,0.23462,39,-0.0585,42,0.03706,48,0.35768
ENSG00000147576,ADHFE1,96,2.49981,17,-0.4025,36,0.72921,33,0.59808,22,-0.0522,11,-1.1176,4,-2.4804,12,-0.9878,11,-1.3812
ENSG00000169085,VXN,52,-1.5650,137,-0.1110,147,0.00034,88,-0.7803,130,-0.2045,240,0.78822,180,0.32381,160,0.13762,161,0.19529
ENSG00000175073,VCPIP1,58,0.47364,24,-0.8606,27,-0.7183,76,0.90322,31,-0.5275,37,-0.2208,35,-0.3385,30,-0.5604,53,0.43486
ENSG00000104205,SGK3,2,-3.2037,80,2.56402,38,1.18389,10,-0.9550,16,-0.1987,18,-0.0547,4,-2.1369,8,-1.2893,12,-0.8488
ENSG00000245910,SNHG6,237,-0.3915,714,1.39682,492,0.76301,213,-0.5506,384,0.40069,153,-1.0567,130,-1.2915,337,0.15611,231,-0.5520
ENSG00000121022,COPS5,82,-0.1099,82,-0.0985,78,-0.1896,108,0.32723,58,-0.6782,55,-0.7122,127,0.58702,72,-0.2969,105,0.39064
ENSG00000104218,CSPP1,2,-2.7908,20,0.56791,9,-0.5514,0,-4.3442,20,0.61721,15,0.12298,2,-2.4359,45,1.96321,11,-0.3497
ENSG00000066777,ARFGEF1,2,-3.6287,18,-0.4839,29,0.26972,14,-0.8710,23,-0.1267,30,0.29560,32,0.40654,8,-1.6412,36,0.82883
ENSG00000046889,PREX2,2,-4.1730,45,0.34392,134,2.23577,5,-2.9534,59,0.87547,35,-0.0356,16,-1.1731,32,-0.1645,21,-1.0465
ENSG00000140396,NCOA2,60,0.71898,22,-0.8423,38,-0.0205,76,1.11307,30,-0.3989,39,0.05119,33,-0.2346,32,-0.2595,34,-0.2327
ENSG00000067167,TRAM1,39,0.11352,98,1.66346,94,1.58633,5,-2.9147,32,-0.2034,24,-0.6410,14,-1.4446,26,-0.4820,26,-0.6204
ENSG00000147592,LACTB2,2,-2.5214,34,1.80365,31,1.61457,1,-3.6351,10,-0.1774,15,0.40727,14,0.33647,4,-1.5338,7,-0.9297
ENSG00000147601,TERF1,81,0.96746,42,-0.0787,46,0.05484,53,0.28289,34,-0.4654,70,0.72604,49,0.16530,23,-0.9825,36,-0.4027
ENSG00000147604,RPL7,317,-0.6431,756,0.71825,658,0.49177,369,-0.4143,640,0.49580,476,-0.0189,372,-0.4024,515,0.10171,382,-0.4648
ENSG00000040341,STAU2,2,-5.4048,31,-1.5256,64,-0.4323,95,0.16108,81,-0.0831,115,0.47406,109,0.38041,71,-0.2761,115,0.66883
ENSG00000104343,UBE2W,2,-4.3371,21,-0.9929,35,-0.2278,19,-1.1028,38,-0.1153,90,1.28359,63,0.68819,26,-0.6694,49,0.41063
ENSG00000154582,ELOC,47,-1.7619,124,-0.2991,152,0.00583,84,-0.8875,159,0.08632,150,-0.0065,252,0.81800,146,-0.0572,173,0.28716
ENSG00000175606,TMEM70,216,1.47283,24,-1.9513,47,-0.9596,41,-1.1686,48,-0.9705,108,0.32298,140,0.73078,75,-0.2612,100,0.26674
ENSG00000104369,JPH1,2,-2.7670,8,-0.7912,15,0.20262,14,0.06385,9,-0.5786,48,2.15139,7,-0.8830,1,-3.4970,15,0.24537
ENSG00000104381,GDAP1,2,-5.3547,27,-1.6686,17,-2.3769,79,-0.0577,57,-0.6140,111,0.46372,151,0.97188,91,0.14657,120,0.87054
ENSG00000270866,AC067773.1,2,-2.8410,1,-3.1960,23,0.73197,8,-0.8172,18,0.41184,15,0.07955,13,-0.1439,15,0.05987,18,0.50634
ENSG00000091656,ZFHX4,2,-2.5979,31,1.54388,40,2.00716,13,0.14366,15,0.42423,0,-4.4674,0,-5.8125,14,0.20366,6,-1.1507
ENSG00000164751,PEX2,2,-3.7378,39,0.61204,88,2.01601,15,-0.8772,32,0.29004,22,-0.2943,21,-0.3644,17,-0.6337,20,-0.5891
ENSG00000171033,PKIA,169,0.12500,41,-1.9961,153,-0.0300,180,0.22830,121,-0.4205,302,1.06700,155,-0.0067,130,-0.2844,164,0.10207
ENSG00000104427,ZC2HC1A,37,-0.3284,11,-2.0925,9,-2.4364,76,0.79646,26,-0.9328,70,0.67082,60,0.42791,40,-0.2216,61,0.61742
ENSG00000104435,STMN2,617,-0.4312,32,-4.7523,168,-2.3647,896,0.14733,562,-0.6176,613,-0.4416,1941,1.42571,1103,0.47812,1028,0.51010
ENSG00000164683,HEY1,90,1.37606,14,-1.5144,34,-0.2002,81,1.18723,26,-0.6653,4,-3.1391,42,0.14264,10,-1.9584,44,0.27202
ENSG00000147586,MRPS28,2,-4.7982,61,0.13442,84,0.63635,69,0.32127,62,0.16082,33,-0.7843,87,0.69976,31,-0.8940,60,0.12873
ENSG00000076554,TPD52,43,-1.4187,136,0.35406,70,-0.6861,118,0.12952,83,-0.4471,86,-0.3670,187,0.86311,69,-0.7031,135,0.47611
ENSG00000164684,ZNF704,2,-3.4213,44,1.16173,26,0.27962,1,-4.2584,20,-0.1045,43,1.09912,8,-1.3577,34,0.74648,20,-0.1312
ENSG00000076641,PAG1,2,-2.6496,28,1.29857,0,-4.4163,42,2.04244,13,0.12986,8,-0.6027,3,-1.9613,3,-2.1103,12,-0.0559
ENSG00000164687,FABP5,17,-2.9452,194,0.71518,264,1.23499,133,0.11476,107,-0.2379,68,-0.9014,177,0.56449,170,0.50152,93,-0.5678
ENSG00000147588,PMP2,307,0.47828,700,1.89649,614,1.65181,81,-1.5526,279,0.35936,105,-1.1697,32,-2.9200,135,-0.7931,105,-1.4200
ENSG00000133731,IMPA1,2,-4.6275,41,-0.2906,34,-0.5881,84,0.84625,42,-0.2663,115,1.37154,55,0.16174,87,0.89625,36,-0.6409
ENSG00000104231,ZFAND1,2,-4.4016,27,-0.6801,16,-1.4832,148,2.12086,32,-0.4404,38,-0.1498,47,0.17072,52,0.31036,39,-0.1625
ENSG00000104497,SNX16,2,-2.8232,8,-0.9066,7,-0.9721,23,0.80875,5,-1.6579,22,0.70822,18,0.36915,5,-1.5197,22,1.04258
ENSG00000184672,RALYL,23,-1.4552,1,-5.4952,12,-2.3593,118,1.09716,41,-0.6054,102,0.84422,91,0.67260,71,0.26189,69,0.31720
ENSG00000133739,LRRCC1,2,-2.7781,32,1.38678,59,2.53255,22,0.76750,13,-0.0059,1,-3.0781,0,-4.5435,8,-0.8611,6,-1.3437
ENSG00000176731,RBIS,169,0.77671,126,0.29865,116,0.17439,86,-0.2863,76,-0.5224,76,-0.4832,116,0.17545,84,-0.3190,106,0.04869
ENSG00000104267,CA2,2,-5.8846,588,2.86506,451,2.29216,21,-2.5754,100,-0.2976,43,-1.5269,23,-2.4662,93,-0.3906,33,-2.2474
ENSG00000123124,WWP1,30,-0.3169,26,-0.5306,17,-1.1300,128,2.10626,27,-0.4970,32,-0.2059,54,0.60410,31,-0.2696,27,-0.6274
ENSG00000176623,RMDN1,21,0.01942,40,1.06677,59,1.71667,4,-2.4938,20,-0.0908,11,-0.9900,20,-0.0493,6,-1.7439,17,-0.3465
ENSG00000085719,CPNE3,74,1.19719,53,0.63521,119,2.05692,14,-1.3827,32,-0.1522,37,0.06176,12,-1.6390,7,-2.2476,19,-1.0911
ENSG00000156103,MMP16,2,-2.5941,10,-0.3074,3,-1.8130,0,-4.1491,18,0.70857,37,1.84743,14,0.24104,3,-1.7942,12,0.09947
ENSG00000164823,OSGIN2,2,-3.5201,53,1.37074,53,1.37136,0,-5.0698,16,-0.6153,24,0.05605,35,0.65089,19,-0.2551,20,-0.2733
ENSG00000104320,NBN,2,-3.9705,23,-0.4711,35,0.15928,110,2.11778,17,-0.9853,32,0.01789,31,-0.0303,14,-1.2241,32,0.05212
ENSG00000104325,DECR1,87,1.37537,48,0.39277,56,0.64355,73,1.07295,42,0.18783,25,-0.6151,20,-0.9177,20,-0.9420,18,-1.3068
ENSG00000104327,CALB1,2,-4.1388,2,-3.8475,1,-4.9463,261,3.94487,12,-1.7338,0,-9.8144,0,-5.9374,20,-0.8727,38,0.13507
ENSG00000180694,TMEM64,2,-2.8414,49,2.05793,26,0.97786,1,-3.9714,9,-0.7199,10,-0.5429,13,-0.1097,11,-0.3559,14,-0.0642
ENSG00000123119,NECAB1,160,-0.9079,293,0.01428,70,-2.1373,72,-2.0929,181,-0.7764,114,-1.4187,631,1.26908,403,0.52087,417,0.83290
ENSG00000155099,PIP4P2,2,-4.4485,65,0.61670,36,-0.2931,20,-1.1689,43,-0.0452,38,-0.2318,75,0.85349,48,0.14470,50,0.29069
ENSG00000253738,OTUD6B-AS1,2,-5.2882,86,0.13638,77,-0.0337,129,0.78158,66,-0.3038,87,0.15289,83,0.08248,68,-0.2317,90,0.29495
ENSG00000155100,OTUD6B,46,1.41131,24,0.30713,12,-0.7418,21,0.15877,12,-0.8147,30,0.69870,12,-0.7481,9,-1.0540,18,-0.0950
ENSG00000079102,RUNX1T1,15,-1.0052,5,-2.5082,12,-1.3598,63,1.24279,26,-0.1644,38,0.41213,44,0.64106,22,-0.4000,32,0.18535
ENSG00000205133,TRIQK,35,0.28588,30,0.04699,27,-0.1005,8,-1.8922,23,-0.3726,35,0.26585,29,-0.0083,16,-0.9243,38,0.59485
ENSG00000188343,FAM92A,40,0.02216,7,-2.5924,29,-0.4478,30,-0.4328,33,-0.2746,61,0.69444,59,0.62997,20,-0.9964,50,0.51737
ENSG00000164951,PDP1,4,-4.9235,8,-3.9524,12,-3.3386,35,-1.7861,67,-0.9035,236,1.14730,252,1.26403,132,0.19825,174,0.94854
ENSG00000164944,VIRMA,24,0.43986,26,0.54940,7,-1.3416,0,-4.7448,16,-0.1603,22,0.29597,32,0.89079,21,0.21664,18,-0.0528
ENSG00000156162,DPY19L4,2,-3.1564,47,1.57858,58,1.97537,1,-3.5945,15,-0.2820,10,-0.8811,16,-0.1820,14,-0.3267,13,-0.5434
ENSG00000164941,INTS8,2,-2.7273,13,0.04347,2,-2.5742,43,1.98550,11,-0.2617,6,-1.0694,4,-1.7111,11,-0.2082,16,0.49169
ENSG00000156170,NDUFAF6,41,0.80058,21,-0.2802,19,-0.3796,2,-3.3286,22,-0.2361,28,0.20272,31,0.32055,18,-0.5286,30,0.40522
ENSG00000156467,UQCRB,985,0.22611,962,0.18864,795,-0.1090,888,0.06382,1043,0.35027,527,-0.7374,751,-0.1964,810,-0.0807,820,-0.0801
ENSG00000156471,PTDSS1,35,-0.8882,22,-1.5419,59,-0.0836,117,1.01288,34,-0.9519,56,-0.1492,86,0.50886,65,0.06499,75,0.40358
ENSG00000169439,SDC2,22,-0.9690,26,-0.6982,153,2.25844,34,-0.2975,54,0.48458,25,-0.7296,6,-2.8814,36,-0.2182,31,-0.5483
ENSG00000104324,CPQ,2,-3.0977,65,2.29118,56,1.97823,9,-0.8935,23,0.50130,3,-2.5487,0,-5.5981,10,-0.7404,8,-1.4183
ENSG00000180543,TSPYL5,7,-2.5793,14,-1.5513,18,-1.2056,51,0.35201,25,-0.7479,56,0.52107,55,0.48820,56,0.50477,54,0.66091
ENSG00000147649,MTDH,65,-0.7223,180,0.88833,105,0.01520,59,-0.8561,80,-0.4392,122,0.25402,115,0.16516,141,0.48822,100,-0.0672
ENSG00000104341,LAPTM4B,48,-0.3661,73,0.29849,101,0.80772,191,1.92586,41,-0.6500,9,-2.8582,15,-2.0966,49,-0.3235,55,-0.1799
ENSG00000132561,MATN2,2,-2.6630,27,1.21975,25,1.07594,35,1.69426,11,-0.1610,7,-0.7930,5,-1.4201,1,-3.3501,10,-0.5042
ENSG00000156482,RPL30,894,0.08888,2205,1.59261,1661,1.09729,580,-0.5793,1048,0.37582,432,-1.0228,441,-0.9909,544,-0.6761,531,-0.8894
ENSG00000132541,RIDA,2,-5.2296,63,-0.2701,223,1.81093,129,0.85409,89,0.29079,69,-0.1487,28,-1.4669,44,-0.8246,61,-0.4156
ENSG00000104361,NIPAL2,56,1.47599,4,-2.4078,4,-2.4511,0,-5.0445,13,-0.8600,23,0.00823,44,1.05779,25,0.17596,28,0.44261
ENSG00000253948,VPS13B-DT,2,-3.8381,32,0.16062,45,0.71476,8,-1.8541,38,0.51284,27,-0.0942,14,-1.1081,26,-0.1306,35,0.46242
ENSG00000132549,VPS13B,2,-2.7723,18,0.44621,8,-0.6795,0,-4.3258,11,-0.3132,11,-0.3272,5,-1.4345,31,1.32146,20,0.82307
ENSG00000164919,COX6C,720,-0.7073,667,-0.8234,750,-0.6455,1212,0.09521,1107,-0.0520,839,-0.4751,1540,0.47505,1576,0.51263,1329,0.32931
ENSG00000147669,POLR2K,2,-6.0030,107,-0.2916,125,-0.0564,139,0.11424,114,-0.2166,135,0.06774,151,0.24238,176,0.48865,155,0.38964
ENSG00000034677,RNF19A,8,-1.7300,32,0.42678,49,1.09227,8,-1.6857,20,-0.3287,35,0.54112,40,0.74760,6,-2.0546,26,0.09322
ENSG00000186106,ANKRD46,2,-5.1345,43,-0.7559,36,-1.0054,83,0.23956,62,-0.2287,50,-0.5195,131,0.98158,63,-0.1836,97,0.71766
ENSG00000070756,PABPC1,377,0.75978,436,1.00273,346,0.61763,139,-0.7945,272,0.25671,215,-0.1348,91,-1.4361,176,-0.4429,181,-0.5136
ENSG00000164924,YWHAZ,460,-1.3345,315,-1.8981,447,-1.3794,877,-0.3615,776,-0.5892,1373,0.33866,1857,0.82874,1494,0.47471,1506,0.69433
ENSG00000261087,AP003469.4,2,-2.8619,19,0.45648,0,-4.3573,14,0.00154,18,0.40136,5,-1.4716,11,-0.3448,9,-0.6259,22,0.99304
ENSG00000120963,ZNF706,49,-1.3388,162,0.47307,119,-0.0112,137,0.20935,82,-0.6284,117,-0.0367,172,0.57403,81,-0.5930,139,0.32161
ENSG00000104490,NCALD,299,0.42949,16,-3.8872,35,-2.7698,101,-1.2417,257,0.20909,498,1.27721,248,0.13039,151,-0.6352,275,0.40928
ENSG00000048392,RRM2B,51,0.56129,29,-0.3359,50,0.54582,60,0.82735,34,-0.0828,25,-0.5325,39,0.13320,24,-0.5726,29,-0.3882
ENSG00000104517,UBR5,41,0.47144,32,0.06412,37,0.30707,1,-4.8765,25,-0.3159,29,-0.0672,24,-0.3787,21,-0.5269,40,0.60880
ENSG00000155090,KLF10,87,2.01790,1,-3.9401,6,-2.0542,0,-5.2677,19,-0.5306,52,1.09668,26,-0.0421,27,0.03773,26,-0.0270
ENSG00000155096,AZIN1,153,-0.2760,119,-0.6546,131,-0.5100,253,0.51516,129,-0.5749,162,-0.1929,317,0.88310,169,-0.1229,204,0.22969
ENSG00000155097,ATP6V1C1,116,-0.8618,37,-2.5179,110,-0.9344,179,-0.1995,117,-0.9031,220,0.12276,364,0.93931,347,0.85784,259,0.53419
ENSG00000164929,BAALC,76,-1.7128,241,0.02467,449,1.02903,120,-1.0375,339,0.62782,219,-0.1257,246,0.05543,283,0.27445,194,-0.4061
ENSG00000164933,SLC25A32,2,-3.4964,20,-0.1859,10,-1.2144,6,-1.8343,17,-0.4797,26,0.21823,42,0.97636,31,0.51869,31,0.67862
ENSG00000164934,DCAF13,2,-2.9716,18,0.22459,29,0.96219,25,0.73106,12,-0.3724,12,-0.4054,14,-0.1389,7,-1.2610,18,0.29748
ENSG00000176406,RIMS2,23,-0.9195,11,-1.9578,13,-1.7973,13,-1.7597,45,0.10364,87,1.13453,37,-0.2251,49,0.22648,58,0.67991
ENSG00000147650,LRP12,2,-3.5473,7,-1.6586,14,-0.7955,12,-1.0419,14,-0.7814,56,1.42331,32,0.51650,18,-0.3508,33,0.80044
ENSG00000169946,ZFPM2,2,-3.4437,1,-4.0719,16,-0.4525,64,1.78719,15,-0.6220,130,3.31231,8,-1.3913,3,-2.9026,7,-1.9011
ENSG00000254615,AC027031.2,37,0.76088,4,-2.3068,5,-2.0977,25,0.12389,17,-0.4565,23,0.04738,22,-0.0210,29,0.36708,29,0.51325
ENSG00000164830,OXR1,304,0.39936,58,-2.1022,87,-1.5074,233,-0.0177,127,-1.0121,242,0.04109,350,0.62564,221,-0.1044,330,0.76259
ENSG00000147655,RSPO2,57,1.30610,2,-3.5480,0,-7.9709,1,-4.2940,11,-1.3796,24,-0.0636,19,-0.4380,4,-2.5887,51,1.79552
ENSG00000104408,EIF3E,165,0.66476,147,0.47854,133,0.31584,129,0.26770,99,-0.1465,127,0.25086,100,-0.1313,81,-0.4489,83,-0.5361
ENSG00000104412,EMC2,37,-0.9251,180,1.58351,90,0.41590,88,0.39167,69,-0.0083,63,-0.1300,45,-0.6646,45,-0.6624,53,-0.5273
ENSG00000164841,TMEM74,2,-2.5759,12,-0.0069,7,-0.8024,10,-0.2120,8,-0.6969,44,2.20052,19,0.73303,15,0.35251,8,-0.8184
ENSG00000120526,NUDCD1,16,-0.0037,7,-1.0924,36,1.31822,4,-1.7851,8,-1.1161,28,0.88000,25,0.71215,10,-0.6875,16,0.01774
ENSG00000120533,ENY2,2,-5.4846,71,-0.3643,75,-0.2913,100,0.16136,98,0.14286,76,-0.2649,136,0.65275,166,0.97807,88,-0.0562
ENSG00000147654,EBAG9,2,-4.0236,32,-0.0353,18,-0.8924,43,0.43406,19,-0.8673,44,0.45747,49,0.62835,35,0.13256,41,0.49059
ENSG00000147642,SYBU,19,-2.6185,6,-4.1942,53,-1.1497,273,1.43479,62,-0.9927,109,-0.0676,198,0.88606,132,0.22962,142,0.47694
ENSG00000164794,KCNV1,88,0.62296,1,-5.2285,0,-9.7186,1,-5.0778,17,-1.9779,23,-1.4372,146,1.47549,41,-0.5451,109,1.54922
ENSG00000104447,TRPS1,40,0.99402,34,0.70991,52,1.42950,0,-4.9848,16,-0.4438,8,-1.4879,10,-1.1083,7,-1.6542,24,0.22574
ENSG00000147677,EIF3H,253,0.44925,163,-0.2383,142,-0.4455,123,-0.6711,138,-0.5307,82,-1.2704,88,-1.1616,67,-1.5777,319,1.26361
ENSG00000147679,UTP23,6,-0.6908,23,1.37030,13,0.46610,1,-2.9971,13,0.47552,16,0.72234,7,-0.5002,5,-0.8553,8,-0.5107
ENSG00000164754,RAD21,58,-1.2410,214,0.78654,171,0.42282,92,-0.5366,97,-0.4924,163,0.34301,153,0.25009,180,0.50892,119,-0.1981
ENSG00000164758,MED30,2,-2.1384,30,2.03366,10,0.29912,0,-3.4507,8,-0.1270,15,0.85610,10,0.23610,6,-0.5855,6,-0.7357
ENSG00000182197,EXT1,2,-2.6140,6,-0.9834,1,-2.8176,0,-4.1688,7,-0.9072,31,1.53406,13,0.14254,12,0.00116,19,1.08808
ENSG00000177570,SAMD12,2,-4.1654,19,-0.9834,5,-2.9038,90,1.49831,35,-0.0437,38,0.09554,39,0.14048,17,-1.1034,47,0.58613
ENSG00000147676,MAL2,167,0.68334,4,-4.6644,32,-1.8316,9,-3.6121,62,-0.9179,187,0.86677,149,0.49896,83,-0.4136,164,0.96826
ENSG00000136999,CCN3,5,-2.7007,3,-3.3008,33,-0.0209,0,-5.6196,35,0.05873,47,0.50654,96,1.73120,51,0.64532,33,-0.0232
ENSG00000136960,ENPP2,2,-6.1859,1138,4.13484,275,1.01256,37,-2.0706,90,-0.8066,69,-1.1402,23,-2.7198,79,-0.9377,27,-2.8901
ENSG00000064313,TAF2,2,-2.6313,11,-0.1742,10,-0.2751,8,-0.7011,9,-0.4387,17,0.52375,16,0.45885,30,1.45217,12,-0.1144
ENSG00000155792,DEPTOR,2,-2.0083,33,2.41318,16,1.16279,0,-3.5699,6,-0.4462,5,-0.7013,3,-1.1217,0,-4.4006,8,-0.0470
ENSG00000172172,MRPL13,9,-2.1571,38,-0.0580,45,0.22487,27,-0.5845,35,-0.1800,27,-0.5590,38,-0.0703,73,0.99295,46,0.33063
ENSG00000178764,ZHX2,2,-2.3660,37,2.14724,32,1.91332,0,-3.9232,18,1.02531,6,-0.6668,0,-3.6174,2,-2.3645,4,-1.6053
ENSG00000136986,DERL1,89,0.86355,37,-0.5221,40,-0.3895,93,0.94071,25,-1.1722,73,0.54226,43,-0.2679,52,0.01818,49,-0.1193
ENSG00000189376,C8orf76,2,-3.3477,14,-0.5144,17,-0.2618,32,0.70905,10,-1.1434,26,0.38203,26,0.41002,19,-0.1331,27,0.63028
ENSG00000165156,ZHX1,207,2.11116,58,-0.0363,89,0.62459,99,0.81106,43,-0.5503,24,-1.3609,38,-0.6746,15,-2.0464,40,-0.7638
ENSG00000156795,WDYHV1,2,-2.8372,16,0.20966,32,1.32230,0,-4.3902,9,-0.6939,13,-0.1074,19,0.48231,13,-0.1556,17,0.44804
ENSG00000156804,FBXO32,2,-3.1681,75,2.48483,13,-0.4727,0,-4.7189,13,-0.4626,2,-3.0708,18,-0.0003,18,-0.0060,19,0.16780
ENSG00000176853,FAM91A1,35,0.19353,27,-0.2222,19,-0.7247,48,0.70462,20,-0.7228,30,-0.0411,36,0.22753,30,-0.0569,34,0.22283
ENSG00000164983,TMEM65,78,0.75774,21,-1.2219,49,0.03666,49,0.01102,35,-0.5342,99,1.15590,26,-0.9483,49,0.01298,47,-0.0615
ENSG00000170881,RNF139,104,1.61392,35,-0.1516,32,-0.2902,1,-5.3473,23,-0.8800,38,-0.0567,36,-0.1043,50,0.39821,41,0.12306
ENSG00000147687,TATDN1,43,0.31584,42,0.25785,16,-1.1824,46,0.42642,24,-0.6046,37,0.07306,42,0.27840,21,-0.7479,40,0.29466
ENSG00000147684,NDUFB9,94,-1.9560,404,0.25015,244,-0.5296,274,-0.3512,457,0.49658,203,-0.8085,324,-0.0936,436,0.37239,396,0.29914
ENSG00000170873,MTSS1,2,-3.9949,61,1.04887,33,0.03549,7,-2.1667,25,-0.3896,18,-0.8544,10,-1.6779,123,2.31551,28,-0.2920
ENSG00000104549,SQLE,2,-4.4329,90,1.18025,42,-0.0571,7,-2.7412,27,-0.7764,63,0.58516,83,1.04376,36,-0.2896,47,0.16983
ENSG00000164961,WASHC5,43,0.41191,57,0.86417,48,0.59697,27,-0.2842,29,-0.2051,34,0.04003,39,0.27157,18,-0.8985,26,-0.4681
ENSG00000156831,NSMCE2,2,-1.9514,16,0.83921,8,-0.3053,0,-3.8384,8,-0.3118,8,-0.1908,18,1.01997,4,-1.1338,13,0.60443
ENSG00000173334,TRIB1,2,-2.3416,3,-1.7234,13,0.40968,0,-3.8991,18,0.99731,23,1.30889,7,-0.5357,8,-0.3734,10,-0.0404
ENSG00000153310,FAM49B,78,-0.3264,90,-0.1041,54,-0.8751,77,-0.3381,59,-0.8018,108,0.18806,139,0.57827,120,0.35389,116,0.41679
ENSG00000153317,ASAP1,2,-5.1035,22,-1.6874,45,-0.6647,162,1.39335,52,-0.4880,113,0.77934,65,-0.0919,120,0.87495,67,-0.0672
ENSG00000155897,ADCY8,98,2.90914,10,-0.9352,0,-5.0014,20,0.04540,11,-0.8480,0,-4.8296,2,-2.8782,2,-3.3163,24,0.44716
ENSG00000132294,EFR3A,20,-2.8553,25,-2.5021,46,-1.6528,147,0.11976,146,0.11575,213,0.70726,146,0.10163,116,-0.2477,193,0.78253
ENSG00000184156,KCNQ3,2,-5.4980,6,-3.8505,16,-2.5378,204,1.31914,64,-0.5844,110,0.29494,114,0.35912,123,0.47345,120,0.61475
ENSG00000129295,LRRC6,2,-2.3099,8,-0.2670,19,1.08627,0,-3.8677,16,0.89857,13,0.46561,10,-0.0030,8,-0.3266,8,-0.2851
ENSG00000129292,PHF20L1,2,-4.4796,36,-0.3468,28,-0.7354,80,0.92051,27,-0.8002,59,0.42730,15,-1.6057,116,1.56936,48,0.15238
ENSG00000104419,NDRG1,47,-1.4390,576,2.77496,253,1.19082,148,0.30876,108,-0.2049,102,-0.2732,43,-1.5505,45,-1.5071,38,-2.0541
ENSG00000131773,KHDRBS3,87,-0.5626,50,-1.3902,65,-0.9961,47,-1.4716,108,-0.2501,286,1.34941,170,0.47581,111,-0.1905,150,0.38252
ENSG00000147724,FAM135B,2,-2.7799,3,-2.0709,8,-0.7857,4,-1.5881,7,-1.1288,15,0.14223,42,1.86006,20,0.56230,17,0.54080
ENSG00000167632,TRAPPC9,61,0.55501,26,-0.7385,49,0.20949,60,0.54163,28,-0.6943,40,-0.1137,44,0.04309,38,-0.1661,45,0.12572
ENSG00000282164,PEG13,2,-2.9093,4,-2.0246,0,-6.6029,5,-1.4852,11,-0.5163,26,0.84690,20,0.47799,23,0.64421,23,1.03618
ENSG00000123908,AGO2,38,0.80759,29,0.38482,42,0.96865,8,-1.4698,21,-0.1512,23,0.05756,12,-0.9770,21,-0.1053,20,-0.2493
ENSG00000169398,PTK2,104,0.05960,208,1.18984,81,-0.3231,52,-0.9954,95,-0.0876,98,-0.0358,115,0.21288,102,0.02977,88,-0.2648
ENSG00000022567,SLC45A4,54,1.97897,1,-3.2852,0,-7.8994,4,-2.0772,15,-0.1483,4,-2.1479,22,0.44780,8,-0.9956,23,0.72183
ENSG00000184489,PTP4A3,2,-2.7341,1,-3.0099,2,-2.3948,0,-4.2877,13,0.01413,16,0.34116,14,0.12897,21,0.76037,22,1.16829
ENSG00000181790,ADGRB1,26,-1.6115,8,-3.2158,28,-1.4984,49,-0.6499,73,-0.0471,114,0.66905,132,0.90497,79,0.08014,98,0.60238
ENSG00000198576,ARC,2,-3.3198,1,-3.8225,8,-1.3547,15,-0.4255,20,0.03845,51,1.52921,27,0.50082,13,-0.6465,25,0.51629
ENSG00000130193,THEM6,52,1.28451,23,-0.0367,13,-0.8187,16,-0.5572,10,-1.3179,31,0.43065,26,0.19747,29,0.36223,23,-0.0217
ENSG00000180155,LYNX1,131,0.04688,45,-1.5614,47,-1.5052,99,-0.3765,135,0.09956,161,0.36826,190,0.63835,117,-0.1213,148,0.32917
ENSG00000160932,LY6E,86,-1.5283,40,-2.6565,131,-0.8942,211,-0.1701,186,-0.3959,423,0.94112,413,0.90173,284,0.29163,276,0.34232
ENSG00000176956,LY6H,52,-3.6658,38,-4.1355,284,-1.1894,1071,0.87508,391,-0.7633,1712,1.68989,782,0.36285,939,0.65755,604,-0.0571
ENSG00000250571,GLI4,2,-3.1840,19,0.04856,29,0.76529,24,0.40971,21,0.25470,30,0.79710,10,-0.8365,10,-0.8415,17,-0.0934
ENSG00000253716,MINCR,2,-3.4132,43,1.12363,47,1.28237,9,-1.2547,22,0.03445,19,-0.1605,14,-0.6480,50,1.39596,12,-1.0219
ENSG00000158106,RHPN1,2,-4.1169,28,-0.3380,50,0.56125,13,-1.4225,21,-0.8002,55,0.72180,61,0.88324,34,-0.0334,42,0.40105
ENSG00000014164,ZC3H3,2,-2.3518,12,0.22263,7,-0.4492,0,-3.8776,9,-0.2252,16,0.67701,11,0.19029,5,-0.8640,15,0.87679
ENSG00000147813,NAPRT,2,-3.3956,19,-0.1689,21,-0.0132,37,0.89205,22,0.07327,27,0.37613,11,-0.9260,17,-0.3529,24,0.28623
ENSG00000104529,EEF1D,8,-3.8148,370,1.95301,263,1.33193,92,-0.3634,134,0.25014,90,-0.4001,53,-1.1896,99,-0.2472,67,-1.0384
ENSG00000104524,PYCR3,88,1.83069,6,-2.2661,31,0.09728,56,1.05118,15,-1.0344,35,0.26937,28,-0.0714,17,-0.8455,22,-0.5359
ENSG00000104522,TSTA3,50,0.67318,12,-1.4795,29,-0.1691,11,-1.6180,18,-0.9234,36,0.15455,43,0.44045,45,0.52829,40,0.44530
ENSG00000183309,ZNF623,2,-3.0209,12,-0.4115,11,-0.5142,38,1.40393,12,-0.5000,13,-0.3213,20,0.31987,15,-0.0681,18,0.28177
ENSG00000180900,SCRIB,2,-3.6714,47,0.96871,34,0.44909,6,-2.0987,30,0.28182,24,-0.1091,21,-0.3094,45,0.90839,23,-0.1852
ENSG00000179950,PUF60,2,-5.1913,161,0.80655,161,0.80224,28,-1.8566,86,-0.2107,93,-0.0776,142,0.59933,111,0.20768,99,0.03102
ENSG00000185189,NRBP2,60,-0.1833,171,1.53711,147,1.27002,11,-2.6897,48,-0.5628,81,0.28174,36,-0.9375,61,-0.1469,53,-0.4653
ENSG00000178209,PLEC,146,0.65122,87,-0.1703,366,2.28364,34,-1.5710,88,-0.1671,62,-0.6751,91,-0.1013,36,-1.5023,66,-0.7433
ENSG00000178719,GRINA,89,-2.0658,145,-1.3454,410,0.23670,403,0.20770,228,-0.7174,395,0.17518,498,0.54669,404,0.21256,447,0.52086
ENSG00000178896,EXOSC4,46,1.00247,18,-0.4877,23,-0.0662,14,-0.8370,19,-0.4397,21,-0.2575,18,-0.4410,18,-0.4246,31,0.48128
ENSG00000197858,GPAA1,3,-4.7221,96,0.02614,143,0.64964,115,0.30467,87,-0.1447,85,-0.1629,111,0.25354,101,0.10360,101,0.12621
ENSG00000179091,CYC1,2,-6.1760,114,-0.6569,154,-0.1966,188,0.10881,158,-0.1763,154,-0.1978,254,0.59082,227,0.40993,217,0.46907
ENSG00000179526,SHARPIN,2,-3.4706,45,1.15138,22,0.00441,37,0.79238,30,0.53514,13,-0.7628,15,-0.6012,11,-0.9723,20,-0.1575
ENSG00000179632,MAF1,70,0.58967,75,0.69800,60,0.33190,50,0.07143,38,-0.4067,49,0.02778,58,0.28481,54,0.16898,34,-0.6789
ENSG00000179832,MROH1,2,-4.3996,8,-2.4008,26,-0.7635,31,-0.4623,43,0.02995,34,-0.3317,65,0.67914,84,1.10231,54,0.51580
ENSG00000261236,BOP1,3,-3.5223,19,-0.8918,18,-0.9582,1,-4.5826,26,-0.4311,56,0.76345,36,0.08083,56,0.76745,51,0.92258
ENSG00000185122,HSF1,2,-4.0102,42,0.40638,33,0.03095,19,-0.8313,34,0.07960,23,-0.4944,39,0.31267,41,0.35778,38,0.37044
ENSG00000185000,DGAT1,29,-0.1105,14,-1.1745,28,-0.1681,11,-1.5123,28,-0.2314,42,0.42467,40,0.35320,44,0.52127,37,0.32461
ENSG00000261678,SCRT1,38,0.57239,5,-2.3109,0,-7.8915,15,-0.8824,35,0.48206,14,-0.9321,24,-0.1750,28,0.09803,38,0.79056
ENSG00000185803,SLC52A2,9,-0.8084,15,-0.1661,22,0.42474,1,-3.9733,13,-0.3908,15,-0.1754,23,0.50107,15,-0.1084,22,0.65563
ENSG00000071894,CPSF1,2,-3.9409,20,-0.6334,15,-1.1089,90,1.77534,18,-0.8519,28,-0.1181,39,0.37181,21,-0.5887,37,0.41334
ENSG00000160948,VPS28,149,0.13479,142,0.05615,147,0.10948,122,-0.1810,123,-0.1781,109,-0.3543,147,0.11018,186,0.48146,133,-0.0587
ENSG00000187954,CYHR1,113,0.47818,64,-0.3996,75,-0.1701,154,0.98791,64,-0.4428,84,0.01662,84,0.01315,75,-0.1722,77,-0.1667
ENSG00000167702,KIFC2,124,0.61295,13,-2.7961,38,-1.2045,95,0.18598,85,-0.0001,88,0.05651,55,-0.6460,65,-0.4121,113,0.64801
ENSG00000160972,PPP1R16A,2,-3.6067,17,-0.5116,22,-0.1785,18,-0.4354,41,0.91527,20,-0.2707,17,-0.5805,29,0.25697,28,0.26448
ENSG00000167700,MFSD3,56,0.53009,10,-2.0283,32,-0.3143,53,0.44523,21,-1.0531,41,0.03217,58,0.58511,47,0.27259,45,0.25268
ENSG00000160959,LRRC14,2,-3.3095,15,-0.4534,42,1.20946,5,-1.8635,20,0.02295,34,0.86701,23,0.21170,16,-0.3613,20,0.03942
ENSG00000254402,LRRC24,2,-3.8513,8,-1.8381,15,-1.0106,67,1.35310,23,-0.3875,17,-0.8295,32,0.14820,74,1.54398,29,0.01151
ENSG00000213563,C8orf82,16,-0.3870,21,0.05132,20,-0.0374,2,-3.4012,19,-0.0615,26,0.36472,26,0.39742,20,-0.0304,24,0.32768
ENSG00000147799,ARHGAP39,2,-3.1756,12,-0.5403,14,-0.4187,42,1.36023,9,-1.0762,8,-1.1104,15,-0.2972,13,-0.5089,27,0.97557
ENSG00000161016,RPL8,423,-0.4586,921,0.77002,910,0.75053,543,-0.0717,665,0.26817,388,-0.5904,439,-0.3996,590,0.05537,464,-0.4089
ENSG00000147789,ZNF7,2,-2.3792,18,0.87573,5,-1.0667,26,1.48032,8,-0.4171,12,0.26597,13,0.31385,8,-0.4143,9,-0.3311
ENSG00000170619,COMMD5,2,-3.9395,29,-0.0825,24,-0.3946,76,1.47234,24,-0.4043,23,-0.4565,28,-0.1661,46,0.64037,31,0.02973
ENSG00000182307,C8orf33,2,-4.2756,44,0.20938,47,0.30597,8,-2.2812,51,0.48067,50,0.40801,49,0.36781,22,-0.8904,45,0.31183
ENSG00000181404,WASHC1,2,-4.5261,60,0.39952,49,0.09606,19,-1.3434,53,0.24719,52,0.17252,76,0.79013,47,0.03729,47,0.05380
ENSG00000172785,CBWD1,2,-2.3468,7,-0.6149,3,-1.5665,0,-3.9042,14,0.54599,14,0.47675,12,0.24403,9,-0.1159,14,0.73059
ENSG00000107104,KANK1,2,-3.4640,64,1.75354,64,1.77581,32,0.58121,35,0.79722,10,-1.1769,3,-2.6339,6,-1.8648,9,-1.5849
ENSG00000080503,SMARCA2,229,0.89060,61,-1.1557,105,-0.3391,151,0.21363,113,-0.2579,98,-0.4497,113,-0.2317,145,0.14943,145,0.21195
ENSG00000147852,VLDLR,2,-3.7773,52,1.01432,20,-0.4478,0,-5.3250,12,-1.2678,23,-0.2595,18,-0.6602,25,-0.1524,48,1.37283
ENSG00000080298,RFX3,2,-3.3209,18,-0.1786,19,-0.0993,53,1.58894,16,-0.3626,17,-0.2101,4,-2.2967,4,-2.2151,28,0.73467
ENSG00000106688,SLC1A1,2,-4.4864,4,-3.3765,54,0.27218,32,-0.5418,30,-0.6847,66,0.59246,66,0.59715,51,0.18768,63,0.76849
ENSG00000106993,CDC37L1,2,-4.2926,24,-0.7440,29,-0.4796,12,-1.8102,36,-0.1669,49,0.33780,61,0.70341,74,1.02158,47,0.40164
ENSG00000147853,AK3,68,0.49877,88,0.93002,112,1.33631,31,-0.7282,54,0.14010,40,-0.3355,26,-0.9629,54,0.14640,29,-1.0022
ENSG00000107020,PLGRKT,2,-2.0325,19,1.41630,18,1.28209,0,-3.2491,12,0.70278,8,0.05289,17,1.21653,0,-4.6262,4,-1.3625
ENSG00000099219,ERMP1,2,-3.0046,78,2.80672,26,0.75703,0,-4.5139,13,-0.3585,14,-0.2124,12,-0.4810,6,-1.4606,11,-0.6788
ENSG00000183354,KIAA2026,99,1.41252,68,0.76866,36,-0.2103,31,-0.4538,33,-0.3888,56,0.45522,24,-0.8175,27,-0.6517,34,-0.4182
ENSG00000137040,RANBP6,2,-4.3926,16,-1.4422,16,-1.4347,33,-0.3565,30,-0.5598,42,-0.0002,66,0.71922,68,0.76440,61,0.84499
ENSG00000137033,IL33,2,-2.7020,13,-0.1967,92,3.32623,12,-0.3468,21,0.55397,8,-0.8979,4,-1.8767,1,-3.3929,6,-1.7150
ENSG00000147854,UHRF2,2,-2.8842,19,0.39776,13,-0.2049,16,0.15694,13,-0.1427,19,0.39034,4,-1.7055,20,0.46933,18,0.39745
ENSG00000107077,KDM4C,2,-2.4760,19,0.87158,15,0.45882,18,0.76255,7,-0.6662,14,0.42549,7,-0.5732,14,0.42368,9,-0.2702
ENSG00000137038,DMAC1,218,0.88353,163,0.41226,103,-0.3076,99,-0.3674,111,-0.2116,124,-0.0178,145,0.22443,135,0.11552,106,-0.3399
ENSG00000153707,PTPRD,2,-5.6659,234,1.34833,121,0.26226,73,-0.5154,69,-0.6381,136,0.44925,83,-0.3167,91,-0.1791,113,0.20874
ENSG00000225706,PTPRD-AS1,2,-2.3988,48,2.66143,20,1.01922,17,0.75151,8,-0.4378,1,-2.8758,2,-2.3368,9,-0.2726,5,-1.2077
ENSG00000107186,MPDZ,43,-0.1440,121,1.54698,58,0.32322,24,-0.9865,35,-0.4715,36,-0.3983,70,0.62585,39,-0.2889,38,-0.4452
ENSG00000147862,NFIB,35,-1.3112,94,0.17646,238,1.73680,27,-1.6813,95,0.21943,165,1.09593,50,-0.7847,69,-0.3052,55,-0.7985
ENSG00000175893,ZDHHC21,73,0.79549,21,-1.0872,62,0.53079,21,-1.1291,27,-0.7651,56,0.37701,59,0.45534,29,-0.6415,49,0.23984
ENSG00000155158,TTC39B,2,-3.2725,0,-6.2337,7,-1.5628,28,0.56266,21,0.14459,28,0.56419,9,-1.1046,34,0.90364,25,0.60952
ENSG00000164975,SNAPC3,2,-3.9973,26,-0.3425,40,0.35293,11,-1.5967,27,-0.2909,50,0.71472,50,0.69941,38,0.25516,37,0.28187
ENSG00000164985,PSIP1,93,-0.7958,159,0.03224,134,-0.2353,197,0.37297,139,-0.1920,212,0.48881,174,0.16931,98,-0.7030,170,0.18575
ENSG00000107295,SH3GL2,290,0.28213,16,-4.0091,83,-1.6236,171,-0.5373,158,-0.7041,603,1.50413,577,1.42635,171,-0.5356,231,-0.0989
ENSG00000155876,RRAGA,30,-2.5456,126,-0.4047,184,0.18285,177,0.11781,109,-0.6797,201,0.32288,219,0.45509,158,-0.0554,205,0.48973
ENSG00000137154,RPS6,882,0.49905,1592,1.49411,1028,0.74817,422,-0.6488,803,0.38348,402,-0.7252,337,-0.9914,543,-0.2657,390,-0.9548
ENSG00000155886,SLC24A2,54,-1.7292,250,0.61503,155,-0.1372,129,-0.4269,102,-0.8242,261,0.68839,123,-0.4990,185,0.13508,211,0.47866
ENSG00000171843,MLLT3,2,-3.5337,14,-0.7572,8,-1.5527,48,1.18520,21,-0.1225,40,0.87348,43,0.98423,9,-1.3931,23,0.02301
ENSG00000188352,FOCAD,2,-4.3893,7,-2.5523,14,-1.5929,44,0.08378,33,-0.4232,81,1.04770,72,0.85333,33,-0.3718,57,0.68226
ENSG00000198642,KLHL9,2,-4.0009,37,0.17323,26,-0.3892,40,0.29124,26,-0.4141,45,0.48086,29,-0.1731,87,1.59165,28,-0.3185
ENSG00000107105,ELAVL2,2,-5.9636,1,-6.5106,35,-1.9189,355,1.73015,63,-1.1259,81,-0.6715,166,0.43446,232,0.98389,160,0.52621
ENSG00000198680,TUSC1,36,-0.0313,41,0.17238,26,-0.5354,46,0.35449,15,-1.4393,29,-0.3655,33,-0.1607,39,0.07519,50,0.67128
ENSG00000120159,CAAP1,2,-2.2998,8,-0.2267,3,-1.6378,0,-3.8577,8,-0.3669,10,0.06154,13,0.50362,2,-2.2830,18,1.51211
ENSG00000137055,PLAA,6,-1.9337,13,-0.8884,21,-0.2048,2,-3.2010,16,-0.6567,30,0.36173,37,0.67482,40,0.82327,32,0.66342
ENSG00000120162,MOB3B,2,-3.1454,104,3.27302,52,1.78352,0,-4.6963,9,-1.0486,5,-1.9203,3,-2.3176,1,-3.6048,11,-0.8958
ENSG00000147894,C9orf72,30,0.01404,17,-0.8645,4,-2.8972,87,1.79270,12,-1.3946,27,-0.1591,29,-0.0294,43,0.59753,31,0.09524
ENSG00000122729,ACO1,2,-3.2761,17,-0.2855,38,0.96271,19,-0.0868,19,-0.1698,23,0.15109,11,-0.9427,20,-0.0745,25,0.44086
ENSG00000197579,TOPORS,93,2.49337,15,-0.5525,10,-1.1883,49,1.28649,15,-0.6199,20,-0.1403,20,-0.1786,3,-2.6105,12,-1.1744
ENSG00000235453,SMIM27,2,-4.4875,70,0.69895,89,1.09080,48,0.09263,49,0.13900,28,-0.7338,42,-0.1063,27,-0.7898,46,0.03193
ENSG00000165264,NDUFB6,19,-3.5328,224,0.09710,138,-0.6564,265,0.35726,180,-0.2696,279,0.44457,360,0.85566,180,-0.2472,230,0.17934
ENSG00000137074,APTX,7,-1.4788,19,0.04662,6,-1.6616,0,-4.7771,19,0.05662,14,-0.3884,24,0.37627,47,1.50268,22,0.31165
ENSG00000086061,DNAJA1,262,-0.4309,267,-0.4019,247,-0.5172,356,0.04598,228,-0.6858,437,0.36672,523,0.65824,269,-0.3919,420,0.42494
ENSG00000122692,SMU1,2,-4.1481,49,0.51665,30,-0.2460,2,-3.8371,34,-0.0876,50,0.52775,25,-0.5123,50,0.53035,47,0.59319
ENSG00000107262,BAG1,336,1.73601,125,0.08034,79,-0.6151,69,-0.8378,105,-0.1986,75,-0.7045,133,0.17273,66,-0.8859,112,-0.1135
ENSG00000086065,CHMP5,104,-0.4114,144,0.08744,97,-0.5124,140,0.05289,111,-0.3379,148,0.13881,153,0.19022,147,0.12254,152,0.24592
ENSG00000086102,NFX1,2,-3.6125,24,-0.0040,26,0.11916,42,0.84613,17,-0.5805,38,0.68654,40,0.78904,25,0.06336,21,-0.2606
ENSG00000165271,NOL6,2,-2.9252,7,-1.1888,0,-4.1717,28,0.95985,12,-0.4115,14,-0.0669,21,0.53578,23,0.67225,19,0.52964
ENSG00000010438,PRSS3,2,-4.0870,2,-3.9615,0,-8.9279,13,-1.4438,21,-0.7734,2,-4.1919,120,2.13406,26,-0.4157,59,1.35836
ENSG00000107341,UBE2R2,2,-4.8683,110,0.74786,68,-0.0034,67,-0.0271,59,-0.2439,88,0.38815,66,-0.0556,58,-0.2599,78,0.28514
ENSG00000137073,UBAP2,69,1.51048,28,0.06093,26,-0.0884,30,0.13523,36,0.47554,19,-0.5721,10,-1.5431,17,-0.6922,21,-0.4937
ENSG00000198876,DCAF12,2,-2.9820,13,-0.3197,30,1.04875,36,1.32074,13,-0.3478,9,-0.8679,4,-1.8156,15,-0.0301,17,0.21548
ENSG00000165006,UBAP1,56,0.35531,48,0.09304,69,0.66599,52,0.21541,44,-0.0269,32,-0.5405,43,-0.0667,57,0.37390,35,-0.4910
ENSG00000164978,NUDT2,39,0.19759,46,0.45285,14,-1.3740,10,-1.8266,24,-0.6293,29,-0.2609,34,-0.0524,83,1.42607,37,0.14001
ENSG00000164976,MYORG,2,-3.5704,23,-0.0419,89,2.24982,16,-0.6110,39,0.88940,14,-0.7780,14,-0.8353,12,-1.0132,15,-0.8300
ENSG00000164972,C9orf24,43,0.69015,5,-2.3727,16,-0.8005,25,-0.1519,25,-0.1972,4,-2.6905,28,0.01014,20,-0.4741,43,0.97671
ENSG00000164970,FAM219A,2,-4.9383,41,-0.6193,19,-1.7257,61,-0.0125,67,0.13534,61,-0.0196,98,0.74175,66,0.10001,80,0.57429
ENSG00000168913,ENHO,341,0.21452,201,-0.6011,472,0.73553,282,-0.0858,455,0.75785,192,-0.6757,143,-1.1195,243,-0.3112,271,-0.1890
ENSG00000122756,CNTFR,96,1.49580,15,-1.4157,98,1.53048,29,-0.4254,50,0.45620,41,0.07340,11,-1.8647,21,-0.9498,23,-0.9887
ENSG00000164967,RPP25L,2,-3.2594,25,0.43438,18,-0.0780,3,-2.3897,26,0.52848,10,-0.9941,23,0.26711,19,0.02611,24,0.48842
ENSG00000137100,DCTN3,171,-0.0540,101,-0.8497,138,-0.3853,166,-0.0967,144,-0.3366,189,0.10637,322,0.96509,182,0.04603,185,0.09509
ENSG00000147955,SIGMAR1,59,0.91717,31,-0.0870,20,-0.7763,23,-0.5546,23,-0.5758,37,0.16479,50,0.64836,12,-1.5211,38,0.29772
ENSG00000213930,GALT,2,-3.2596,10,-1.0391,6,-1.6131,49,1.51779,20,0.06569,8,-1.2286,28,0.54719,33,0.83833,19,-0.0470
ENSG00000187186,AL162231.1,146,0.76316,32,-1.5726,57,-0.7009,44,-1.0982,85,-0.1044,113,0.35175,85,-0.0851,136,0.64734,98,0.17125
ENSG00000122733,PHF24,52,-0.8752,6,-3.9597,24,-1.9954,79,-0.2429,83,-0.1725,148,0.74901,132,0.55813,97,0.06891,124,0.66583
ENSG00000137094,DNAJB5,143,2.54363,13,-1.4263,27,-0.3217,5,-2.7386,14,-1.3122,40,0.30192,30,-0.1386,6,-2.4070,35,0.08821
ENSG00000165280,VCP,21,-2.9705,112,-0.5115,196,0.36384,216,0.52118,109,-0.5929,160,0.04225,259,0.81359,196,0.36321,161,0.07856
ENSG00000165282,PIGO,2,-2.3531,18,0.95456,21,1.18601,11,0.08555,9,-0.2465,9,-0.1834,14,0.55976,9,-0.1227,7,-0.6348
ENSG00000165283,STOML2,43,-0.8486,53,-0.5120,47,-0.7077,88,0.26262,54,-0.5459,61,-0.3037,112,0.65127,101,0.47479,89,0.38735
ENSG00000005238,FAM214B,75,1.37888,38,0.25647,21,-0.6741,39,0.28426,25,-0.4105,31,-0.0404,39,0.28052,8,-2.1180,30,-0.1673
ENSG00000198722,UNC13B,26,-0.5128,9,-2.0891,53,0.60674,8,-2.2770,22,-0.7886,79,1.28057,47,0.41370,67,1.00172,34,-0.1247
ENSG00000198853,RUSC2,2,-5.2644,36,-1.1437,24,-1.7403,91,0.25504,60,-0.4352,95,0.32142,91,0.24860,105,0.47982,111,0.82004
ENSG00000107140,TESK1,2,-4.1656,24,-0.6102,58,0.76273,1,-5.2644,38,0.08676,21,-0.8458,46,0.39004,51,0.53929,48,0.61465
ENSG00000159884,CCDC107,2,-4.0210,44,0.47098,27,-0.2931,51,0.72505,27,-0.2974,34,0.08957,48,0.60825,16,-1.1022,37,0.25264
ENSG00000137076,TLN1,80,1.52868,85,1.64590,74,1.39449,15,-1.1052,34,0.12143,11,-1.5041,4,-2.9161,19,-0.7600,13,-1.5618
ENSG00000107175,CREB3,2,-4.6178,57,0.23842,50,0.01678,14,-1.8517,46,-0.1344,48,-0.0432,73,0.61233,86,0.89272,55,0.23144
ENSG00000070610,GBA2,2,-4.7355,16,-1.8111,35,-0.6265,16,-1.7706,59,0.17200,49,-0.1411,78,0.58530,68,0.38014,78,0.87681
ENSG00000107185,RGP1,2,-2.5021,14,0.36551,6,-0.8027,14,0.36710,12,0.05684,20,0.94110,10,-0.1543,7,-0.6469,12,0.13998
ENSG00000137133,HINT2,100,0.85588,68,0.23212,59,-0.0004,50,-0.2392,54,-0.1486,39,-0.6063,62,0.09488,44,-0.4256,58,-0.0251
ENSG00000137103,TMEM8B,2,-4.4859,30,-0.6132,27,-0.7600,12,-1.8974,45,-0.0152,57,0.36089,49,0.13802,75,0.81893,61,0.67188
ENSG00000122694,GLIPR2,15,0.39996,66,3.08740,32,1.58411,0,-4.1497,9,-0.5188,3,-1.8182,8,-0.5290,0,-4.1363,3,-2.2265
ENSG00000122705,CLTA,78,-1.7196,283,0.22383,245,-0.0049,301,0.32278,190,-0.4296,179,-0.4878,369,0.64948,238,-0.0504,280,0.27975
ENSG00000159921,GNE,2,-2.6737,18,0.52140,1,-2.9121,10,-0.3646,18,0.56510,11,-0.2399,17,0.49140,8,-0.6791,15,0.44103
ENSG00000137075,RNF38,2,-4.1710,27,-0.4636,65,0.92916,23,-0.6543,30,-0.2901,50,0.52542,36,0.01632,29,-0.3299,44,0.43124
ENSG00000281649,EBLN3P,2,-4.2874,35,-0.1640,30,-0.3941,51,0.42780,28,-0.5334,57,0.59110,58,0.61005,31,-0.3454,47,0.39325
ENSG00000137106,GRHPR,39,-1.1816,222,1.55709,154,0.92660,15,-2.5720,77,-0.1887,82,-0.0814,101,0.24145,83,-0.0599,68,-0.4710
ENSG00000147912,FBXO10,2,-2.2391,2,-2.2294,2,-2.0833,0,-3.7978,6,-0.6397,23,1.44643,30,1.92127,4,-1.2374,11,0.44115
ENSG00000175768,TOMM5,228,0.77249,84,-0.7902,77,-0.9205,181,0.39973,121,-0.2513,129,-0.1353,150,0.10239,145,0.04833,148,0.10698
ENSG00000107371,EXOSC3,2,-2.7449,12,-0.1272,8,-0.6547,0,-4.2954,10,-0.4723,15,0.17279,15,0.16113,10,-0.3468,22,1.24996
ENSG00000122741,DCAF10,65,1.53602,23,-0.1491,17,-0.6212,6,-2.1445,14,-0.9439,34,0.45047,13,-0.9931,23,-0.1171,30,0.37397
ENSG00000107338,SHB,2,-2.7394,24,0.97181,57,2.50173,0,-4.2351,12,-0.1047,58,2.53891,0,-4.4861,0,-4.5678,1,-3.2703
ENSG00000278175,GLIDR,2,-2.5827,23,1.05847,31,1.55412,21,0.90049,10,-0.3296,5,-1.2940,7,-0.6970,5,-1.3178,10,-0.2894
ENSG00000283886,BX664615.2,2,-2.7258,10,-0.4598,7,-1.0029,0,-4.2797,7,-0.9704,17,0.42929,16,0.27028,15,0.23489,22,1.28425
ENSG00000154529,CNTNAP3B,117,2.78547,4,-2.5799,0,-8.4428,0,-5.1478,12,-1.1400,17,-0.4960,7,-1.7973,8,-1.5833,35,0.80028
ENSG00000231527,FAM27C,2,-2.9249,4,-1.8209,9,-0.6966,0,-4.4773,15,0.02214,28,0.98438,22,0.58182,22,0.61539,19,0.53654
ENSG00000147996,CBWD5,2,-2.7529,7,-1.0158,18,0.47364,37,1.68736,9,-0.6573,11,-0.2416,20,0.66533,3,-2.0653,14,0.13143
ENSG00000107242,PIP5K1B,2,-4.6530,0,-6.1776,27,-0.9388,357,3.80444,21,-1.4196,20,-1.3596,7,-2.9669,66,0.42086,34,-0.7421
ENSG00000187866,FAM122A,2,-3.6483,26,0.06288,6,-2.0259,18,-0.4819,17,-0.6611,25,-0.0172,33,0.41469,72,1.75439,28,0.20225
ENSG00000119139,TJP2,111,1.05969,254,2.62137,259,2.66117,24,-1.2777,22,-1.5184,14,-2.0833,1,-5.0982,5,-3.6319,8,-3.1857
ENSG00000135063,FAM189A2,2,-2.5564,25,1.23604,91,4.05157,0,-4.1118,7,-0.7747,5,-1.3169,0,-7.3158,0,-4.6582,4,-1.9254
ENSG00000107282,APBA1,39,-0.5851,8,-2.9566,34,-0.7985,63,0.11869,63,0.13466,73,0.36253,74,0.38969,69,0.26304,67,0.31195
ENSG00000188647,PTAR1,2,-3.8165,33,0.23413,74,1.57999,45,0.73626,31,0.17587,25,-0.2091,13,-1.1253,34,0.27346,20,-0.6765
ENSG00000119138,KLF9,73,0.23016,53,-0.2564,71,0.19522,43,-0.5838,51,-0.3387,93,0.62211,66,0.07292,45,-0.5055,68,0.15188
ENSG00000083067,TRPM3,2,-3.1441,13,-0.3984,43,1.46907,12,-0.5321,20,0.25886,76,2.52795,3,-2.5295,12,-0.5899,6,-1.7144
ENSG00000135048,CEMIP2,2,-3.0812,3,-2.4249,8,-1.0358,30,0.94096,21,0.34476,79,2.72823,4,-1.9007,10,-0.7263,10,-0.9705
ENSG00000107362,ABHD17B,27,-0.6512,137,2.03854,50,0.32032,70,0.84432,27,-0.6759,26,-0.6722,35,-0.2569,29,-0.5225,26,-0.8455
ENSG00000119125,GDA,28,-2.6040,6,-4.6894,57,-1.5572,169,0.08863,111,-0.6025,412,1.57101,193,0.29739,214,0.46451,193,0.42002
ENSG00000107372,ZFAND5,126,-1.2159,170,-0.7621,252,-0.1606,191,-0.5844,196,-0.5862,320,0.21379,401,0.57439,320,0.21284,365,0.59630
ENSG00000165092,ALDH1A1,4,-3.1625,95,1.50623,115,1.84434,5,-2.8325,58,0.74540,26,-0.5839,6,-2.5579,46,0.30512,20,-1.1808
ENSG00000198963,RORB,2,-3.7870,8,-2.0697,39,0.17580,0,-5.6436,37,0.11033,9,-1.9946,77,1.30115,90,1.57561,38,0.16745
ENSG00000135045,C9orf40,35,1.09257,15,-0.2448,15,-0.2360,17,-0.0095,11,-0.7193,30,0.85473,15,-0.2763,17,-0.0861,16,-0.2410
ENSG00000156017,CARNMT1,2,-2.5965,9,-0.4741,0,-7.4498,6,-1.0074,13,0.12262,10,-0.2973,17,0.57609,8,-0.5394,19,1.14717
ENSG00000106733,NMRK1,59,1.24650,17,-0.6706,6,-2.2843,0,-5.3161,23,-0.2907,15,-0.8443,28,0.06428,27,0.01234,39,0.79170
ENSG00000134996,OSTF1,2,-3.8972,66,1.27832,36,0.29032,17,-0.8450,25,-0.3094,26,-0.2274,67,1.31144,20,-0.6292,26,-0.2461
ENSG00000135002,RFK,51,-1.3218,19,-2.7804,46,-1.4712,359,1.80789,82,-0.6452,118,-0.0556,188,0.68631,93,-0.4247,137,0.24911
ENSG00000106772,PRUNE2,71,-0.4319,130,0.50342,64,-0.6009,54,-0.8501,71,-0.4673,47,-1.0515,156,0.80474,122,0.40950,110,0.32920
ENSG00000197969,VPS13A,2,-4.1646,7,-2.3849,16,-1.2191,49,0.50045,32,-0.2181,46,0.40074,54,0.63643,51,0.55657,45,0.47283
ENSG00000156052,GNAQ,2,-6.2842,162,0.04668,215,0.49652,228,0.58923,176,0.19387,191,0.30876,160,0.02408,127,-0.3285,152,-0.0731
ENSG00000148019,CEP78,42,1.58984,33,1.17739,24,0.68227,1,-3.9061,14,-0.1453,18,0.23861,3,-2.4398,5,-1.7310,13,-0.4375
ENSG00000135069,PSAT1,84,-0.4513,307,1.66570,474,2.51347,35,-1.7565,120,0.11225,80,-0.5208,21,-2.5078,56,-1.0703,42,-1.7710
ENSG00000106829,TLE4,2,-5.0358,141,1.22833,106,0.75878,20,-1.7796,65,-0.0303,363,3.12083,8,-3.1565,38,-0.8236,13,-2.7686
ENSG00000196781,TLE1,32,-0.6950,21,-1.3342,36,-0.5460,36,-0.5218,56,0.13453,6,-3.0216,81,0.72883,32,-0.7359,78,0.96569
ENSG00000148057,IDNK,47,1.85404,23,0.61789,13,-0.2138,1,-3.5978,21,0.54024,14,-0.1664,8,-0.9168,16,0.05698,9,-1.0084
ENSG00000135018,UBQLN1,265,0.80670,110,-0.5796,85,-0.9693,103,-0.6738,99,-0.7955,199,0.34349,222,0.51698,186,0.22982,179,0.23536
ENSG00000165113,GKAP1,5,-1.8243,30,0.86357,23,0.44931,8,-1.0527,19,0.17991,14,-0.3425,12,-0.5408,17,-0.0649,19,0.23957
ENSG00000165119,HNRNPK,193,-1.0383,402,0.08233,354,-0.1157,591,0.69995,289,-0.4616,401,0.07820,392,0.04597,489,0.39337,389,0.04196
ENSG00000148053,NTRK2,286,-0.9182,443,-0.2527,1681,1.98286,340,-0.6565,652,0.38879,359,-0.5751,296,-0.8658,394,-0.4329,419,-0.4360
ENSG00000135049,AGTPBP1,2,-4.6373,76,0.66602,45,-0.1605,104,1.19077,30,-0.8516,47,-0.1018,81,0.76442,58,0.23143,44,-0.2361
ENSG00000135040,NAA35,2,-3.1243,19,0.14149,17,-0.0028,27,0.71677,17,-0.0603,18,0.07006,32,0.96077,19,0.10542,14,-0.3514
ENSG00000135052,GOLM1,53,-0.6699,54,-0.6418,127,0.68925,88,0.09528,76,-0.1287,101,0.32306,92,0.17001,96,0.23554,77,-0.1410
ENSG00000135070,ISCA1,41,-1.4824,58,-0.9656,51,-1.1644,153,0.51332,90,-0.3400,121,0.15081,160,0.59394,109,-0.0221,140,0.52530
ENSG00000196730,DAPK1,2,-3.6309,6,-2.3940,36,0.10971,82,1.46737,25,-0.4755,24,-0.4765,22,-0.6308,41,0.33189,42,0.52327
ENSG00000135047,CTSL,2,-4.9324,85,0.51024,65,0.09020,191,1.90435,37,-0.8245,53,-0.2160,63,0.04922,31,-1.0216,58,-0.1004
ENSG00000156345,CDK20,36,1.05537,5,-1.8353,1,-3.5290,0,-4.7829,12,-0.7317,12,-0.6491,28,0.65776,27,0.58622,27,0.83864
ENSG00000106723,SPIN1,83,-0.6850,63,-1.1000,63,-1.0810,100,-0.3973,100,-0.4267,177,0.49986,193,0.63966,136,0.08303,166,0.55670
ENSG00000148082,SHC3,56,-0.6266,10,-3.0856,34,-1.3746,110,0.40304,110,0.44399,130,0.67469,73,-0.2341,84,-0.0201,97,0.28240
ENSG00000123975,CKS2,2,-2.7103,6,-1.0989,10,-0.4069,0,-4.1968,16,0.32169,19,0.61859,33,1.51826,4,-1.7684,16,0.40916
ENSG00000187742,SECISBP2,2,-2.8151,10,-0.5118,22,0.70907,10,-0.5342,10,-0.4615,21,0.66663,17,0.27733,4,-1.6796,19,0.63424
ENSG00000187764,SEMA4D,2,-4.9651,294,2.73805,126,1.12223,20,-1.6744,40,-0.7402,59,-0.0941,37,-0.8085,47,-0.4419,38,-0.9480
ENSG00000165023,DIRAS2,81,-1.6826,18,-3.8571,145,-0.8171,51,-2.3594,198,-0.3684,1275,2.97553,311,0.36274,204,-0.2960,183,-0.5887
ENSG00000148090,AUH,2,-3.8985,23,-0.4002,39,0.41958,15,-0.9851,17,-0.9056,41,0.48538,37,0.34364,28,-0.1137,42,0.78847
ENSG00000090054,SPTLC1,62,0.13302,69,0.29186,42,-0.4576,68,0.27747,33,-0.8919,67,0.25175,68,0.27875,72,0.37135,57,-0.0106
ENSG00000196305,IARS,4,-4.0195,24,-1.4993,18,-1.9110,42,-0.6410,40,-0.7779,102,0.73936,136,1.21346,66,0.03374,91,0.79448
ENSG00000198000,NOL8,2,-2.5071,19,0.83570,5,-1.0270,27,1.40293,10,-0.1802,21,0.96828,17,0.68961,2,-2.5881,8,-0.6092
ENSG00000127080,IPPK,22,0.74732,10,-0.5214,2,-2.6451,5,-1.5907,9,-0.7208,26,0.98257,17,0.33399,7,-1.0601,18,0.63357
ENSG00000185963,BICD2,2,-3.3206,23,0.21603,13,-0.6601,1,-4.0156,18,-0.1189,31,0.71140,20,-0.0018,18,-0.1094,28,0.79993
ENSG00000288062,AL136981.3,35,1.15982,0,-4.7044,0,-7.6685,0,-4.4799,8,-1.1091,27,0.77166,7,-1.2093,40,1.40955,23,0.68882
ENSG00000165233,CARD19,66,1.34509,30,0.06717,25,-0.1886,6,-2.1866,21,-0.4778,31,0.12933,35,0.29441,13,-1.1836,31,0.15964
ENSG00000131669,NINJ1,2,-3.9077,43,0.56425,80,1.61122,17,-0.8655,44,0.66814,32,0.07844,20,-0.6266,32,0.09441,19,-0.8284
ENSG00000165238,WNK2,122,0.71374,20,-2.0108,83,0.09817,10,-3.0489,56,-0.5282,115,0.61847,94,0.29649,96,0.32767,90,0.30676
ENSG00000188938,FAM120AOS,2,-4.1525,36,-0.0122,56,0.72058,9,-2.0857,44,0.35909,47,0.42531,35,-0.0502,26,-0.4853,42,0.33107
ENSG00000048828,FAM120A,75,0.41659,59,0.02932,52,-0.1580,38,-0.6358,52,-0.1682,66,0.21119,37,-0.6576,81,0.53792,59,0.05428
ENSG00000197724,PHF2,2,-2.7962,29,1.20672,43,1.89190,2,-2.4041,15,0.16109,19,0.51851,4,-1.6629,5,-1.3775,11,-0.4709
ENSG00000158079,PTPDC1,2,-2.8507,26,0.93130,17,0.24103,0,-4.3670,15,0.10799,19,0.47345,12,-0.2594,26,0.91285,13,-0.1251
ENSG00000148110,MFSD14B,99,1.68565,52,0.60092,73,1.15582,35,-0.0226,24,-0.6772,29,-0.3025,17,-1.1191,13,-1.4611,24,-0.7219
ENSG00000148120,AOPEP,2,-3.8926,91,1.86054,53,0.91222,24,-0.3266,18,-0.8366,46,0.68061,48,0.75227,19,-0.7089,17,-0.9943
ENSG00000185920,PTCH1,2,-2.6522,18,0.57402,4,-1.5594,0,-3.9164,19,0.71907,11,-0.2381,12,-0.0480,8,-0.6673,17,0.72070
ENSG00000182150,ERCC6L2,2,-3.4136,15,-0.5564,27,0.35826,14,-0.6554,19,-0.2239,37,0.89264,27,0.35043,20,-0.0807,25,0.30262
ENSG00000130956,HABP4,2,-6.0329,79,-0.7812,84,-0.6989,144,0.13726,153,0.24957,158,0.27545,145,0.13924,112,-0.2505,172,0.58986
ENSG00000081377,CDC14B,2,-2.6916,34,1.60783,22,0.82064,1,-3.8147,18,0.60935,24,0.98907,7,-0.9198,11,-0.1867,7,-1.0075
ENSG00000196312,MFSD14C,40,1.02054,10,-1.1128,1,-4.2550,19,-0.1645,19,-0.1998,23,0.15790,20,-0.0506,21,0.01736,25,0.40680
ENSG00000196116,TDRD7,2,-2.5535,18,0.71326,6,-0.8864,0,-4.1089,15,0.39562,3,-1.7825,11,-0.0910,19,0.73714,15,0.62492
ENSG00000136842,TMOD1,46,0.81784,20,-0.4384,8,-1.8368,3,-2.9494,22,-0.3408,10,-1.4262,31,0.19637,32,0.25801,40,0.86364
ENSG00000136925,TSTD2,2,-2.3944,13,0.36551,10,-0.0089,16,0.72203,8,-0.3658,17,0.81258,13,0.33049,6,-0.8154,10,-0.0612
ENSG00000136937,NCBP1,2,-3.5976,19,-0.3693,22,-0.1103,44,0.95135,15,-0.7662,44,0.93971,16,-0.5859,21,-0.1978,29,0.38597
ENSG00000136936,XPA,2,-3.0574,32,1.04832,7,-1.2944,7,-1.3494,27,0.87525,18,0.11459,21,0.40102,4,-1.8535,17,0.10909
ENSG00000136938,ANP32B,2,-4.2785,249,2.83746,113,1.30014,28,-0.9247,56,0.16627,17,-1.6014,13,-2.0473,23,-1.2139,26,-1.2278
ENSG00000095380,NANS,45,0.63689,13,-1.2238,11,-1.4372,12,-1.3216,26,-0.2699,25,-0.2924,49,0.75530,54,0.93750,33,0.16791
ENSG00000136928,GABBR2,311,0.50366,8,-4.9219,41,-2.5538,263,0.23314,102,-1.2859,228,0.01113,364,0.75557,158,-0.5564,342,0.96507
ENSG00000119523,ALG2,52,1.37818,12,-0.9437,26,0.20942,24,0.10601,14,-0.7257,16,-0.5157,21,-0.0579,8,-1.5882,26,0.30855
ENSG00000106803,SEC61B,202,0.84467,139,0.24780,178,0.64304,86,-0.5014,102,-0.2647,96,-0.3247,103,-0.2203,77,-0.6603,115,-0.0636
ENSG00000119508,NR4A3,2,-2.6131,1,-3.3141,3,-1.9765,0,-4.1680,7,-0.7744,7,-0.8586,38,1.88590,21,0.84701,18,0.86330
ENSG00000136874,STX17,2,-2.9050,25,0.84322,13,-0.2051,0,-4.4124,12,-0.3772,14,-0.0513,24,0.74099,25,0.79820,17,0.22312
ENSG00000023318,ERP44,2,-3.5367,35,0.65698,48,1.16526,10,-1.2560,21,-0.1857,27,0.22434,26,0.18313,31,0.43858,20,-0.2569
ENSG00000136891,TEX10,2,-2.8883,10,-0.6135,9,-0.7685,35,1.42370,8,-0.8814,19,0.42963,18,0.30334,16,0.10949,16,0.22192
ENSG00000066697,MSANTD3,2,-2.5438,17,0.60995,0,-7.3975,5,-1.1383,15,0.48005,1,-3.0532,21,0.93458,8,-0.5872,16,0.78637
ENSG00000241697,TMEFF1,90,-0.4451,93,-0.4025,52,-1.2727,134,0.16675,58,-1.1839,88,-0.4872,173,0.56783,155,0.39464,167,0.73528
ENSG00000148123,PLPPR1,2,-3.7473,124,2.45900,60,1.10385,0,-5.4187,23,-0.4003,55,0.95826,4,-2.7226,45,0.62541,13,-1.4614
ENSG00000136897,MRPL50,73,1.38220,34,0.10410,18,-0.8476,39,0.32229,17,-0.9729,38,0.27619,43,0.50249,25,-0.3685,26,-0.3537
ENSG00000136870,ZNF189,2,-3.5601,42,0.91465,26,0.17057,15,-0.6708,17,-0.5525,16,-0.5619,27,0.23859,24,0.04895,30,0.51921
ENSG00000165152,TMEM246,50,-1.0955,32,-1.7494,22,-2.2721,156,0.65180,61,-0.8726,132,0.37914,137,0.44017,70,-0.6086,157,0.96204
ENSG00000155827,RNF20,2,-3.9572,48,0.68799,35,0.17187,33,0.09614,33,0.11448,41,0.43553,29,-0.1326,30,-0.0672,30,-0.0619
ENSG00000198785,GRIN3A,2,-3.7324,1,-3.9722,24,-0.1746,111,2.47528,7,-1.9869,17,-0.6490,30,0.19304,28,0.10138,29,0.21115
ENSG00000136824,SMC2,43,2.13499,24,1.09493,17,0.47855,2,-2.2381,10,-0.3756,17,0.52081,6,-0.9758,1,-3.7221,7,-0.9892
ENSG00000136783,NIPSNAP3A,2,-3.8359,36,0.35276,34,0.27891,26,-0.1386,25,-0.2214,32,0.15815,47,0.79990,17,-0.7617,32,0.22770
ENSG00000070214,SLC44A1,45,-1.5950,785,3.36328,316,1.45501,34,-2.0020,100,-0.4373,49,-1.4870,49,-1.4845,64,-1.0710,38,-2.1535
ENSG00000106701,FSD1L,2,-3.9723,15,-1.0557,8,-2.0434,62,1.08580,25,-0.3465,44,0.54477,38,0.28373,16,-0.9963,43,0.70649
ENSG00000106692,FKTN,2,-2.9076,20,0.45125,16,0.10387,13,-0.2370,9,-0.7135,19,0.34661,15,0.04827,29,1.03273,15,0.06844
ENSG00000095209,TMEM38B,2,-1.9819,38,2.75873,21,1.63744,0,-3.5309,6,-0.2644,2,-1.6670,2,-1.6057,0,-3.6714,5,-0.6941
ENSG00000148143,ZNF462,84,2.27481,33,0.61455,39,0.90950,35,0.71840,23,0.05768,20,-0.1605,4,-2.3078,2,-3.4824,6,-2.1490
ENSG00000119318,RAD23B,139,0.04835,68,-1.0429,69,-1.0105,144,0.10515,87,-0.7109,167,0.33784,192,0.56223,144,0.10334,163,0.41952
ENSG00000070061,ELP1,80,1.06649,30,-0.4771,24,-0.8296,30,-0.4733,18,-1.3046,39,-0.0691,33,-0.3420,39,-0.0791,56,0.68384
ENSG00000119328,ABITRAM,2,-2.7415,17,0.42996,33,1.46818,13,-0.0603,12,-0.0957,2,-2.4877,6,-1.1498,12,-0.1483,15,0.33495
ENSG00000106771,TMEM245,2,-4.8671,55,-0.0906,65,0.16177,24,-1.3552,49,-0.2984,95,0.77395,73,0.34274,91,0.69903,65,0.20974
ENSG00000260230,FRRS1L,149,-0.0552,16,-3.3763,59,-1.4484,154,-0.0021,80,-1.0734,229,0.62196,133,-0.2291,285,0.98544,206,0.64571
ENSG00000095203,EPB41L4B,2,-3.9812,2,-3.7509,0,-8.8228,8,-1.9975,21,-0.6711,41,0.41287,30,-0.0601,30,-0.0727,64,1.86515
ENSG00000070159,PTPN3,2,-3.0518,0,-4.5512,0,-7.9177,0,-4.6205,13,-0.4096,5,-1.7338,43,1.53535,18,0.11877,31,1.52030
ENSG00000157654,PALM2-AKAP2,2,-4.9649,71,0.16701,45,-0.5406,184,1.75490,52,-0.3556,64,-0.0046,77,0.29412,49,-0.4104,59,-0.1551
ENSG00000136810,TXN,203,-0.7070,204,-0.6983,210,-0.6549,317,-0.0253,244,-0.4612,212,-0.6401,425,0.43932,433,0.47053,423,0.61006
ENSG00000198121,LPAR1,45,-0.3439,307,3.11561,128,1.35096,29,-0.9889,55,-0.0102,18,-1.6455,7,-2.9768,19,-1.6239,16,-2.2080
ENSG00000136813,ECPAS,2,-5.2224,60,-0.3496,80,0.09833,66,-0.1897,63,-0.2845,113,0.64354,94,0.35391,80,0.10470,89,0.35759
ENSG00000173258,ZNF483,258,0.32157,63,-1.8030,121,-0.8510,222,0.08510,161,-0.4410,328,0.71095,190,-0.1599,219,0.06300,253,0.39806
ENSG00000106853,PTGR1,4,-2.4202,4,-2.6533,39,0.82233,14,-0.7495,18,-0.4311,30,0.41393,39,0.81589,18,-0.3698,29,0.51654
ENSG00000242616,GNG10,221,1.14826,98,-0.1558,99,-0.1490,145,0.45662,79,-0.5233,104,-0.0664,107,-0.0246,45,-1.3483,109,0.00582
ENSG00000148154,UGCG,2,-4.4943,10,-2.1660,20,-1.2152,87,1.05836,22,-1.1609,31,-0.5595,68,0.63831,41,-0.1638,71,1.07058
ENSG00000119314,PTBP3,2,-2.9406,11,-0.4833,0,-7.7899,34,1.30192,10,-0.6825,12,-0.3763,17,0.12625,10,-0.6053,23,0.96644
ENSG00000119471,HSDL2,2,-3.6536,41,0.77065,105,2.46949,0,-5.0622,31,0.37963,19,-0.4126,4,-2.6661,14,-0.8962,20,-0.4565
ENSG00000148153,INIP,2,-3.4012,34,0.77735,17,-0.3257,0,-4.9197,20,-0.1042,14,-0.5642,31,0.62334,22,0.04992,28,0.65015
ENSG00000148158,SNX30,8,-1.9408,66,1.17096,28,-0.1835,0,-5.4334,25,-0.3749,51,0.76549,38,0.30171,56,0.90042,28,-0.2237
ENSG00000136867,SLC31A2,22,-0.4366,236,4.23709,31,0.09051,2,-3.4535,12,-1.4069,16,-0.8954,4,-2.7914,8,-1.9417,9,-1.9735
ENSG00000119321,FKBP15,2,-2.7001,20,0.69154,4,-1.5318,46,2.12279,11,-0.2724,11,-0.2339,20,0.70813,6,-1.0984,9,-0.6550
ENSG00000136868,SLC31A1,2,-2.0360,6,-0.5472,16,0.87096,0,-3.7888,17,1.05707,7,-0.3007,8,-0.2456,10,0.10537,9,-0.0380
ENSG00000176386,CDC26,2,-3.7654,39,0.57511,18,-0.5979,75,1.66648,28,0.02919,20,-0.4288,20,-0.4820,20,-0.4739,26,-0.0912
ENSG00000136875,PRPF4,2,-2.5774,10,-0.2800,10,-0.1718,1,-3.5437,11,-0.0615,21,0.86775,22,0.98169,8,-0.4916,14,0.39219
ENSG00000119431,HDHD3,2,-3.1563,8,-1.1559,20,0.16468,23,0.42326,15,-0.2311,16,-0.1204,13,-0.5184,44,1.47904,18,0.08198
ENSG00000148218,ALAD,180,2.19640,117,1.40334,52,0.05773,26,-1.0009,40,-0.3448,25,-1.0240,39,-0.3559,32,-0.6888,24,-1.3515
ENSG00000148229,POLE3,98,1.53240,36,-0.1038,11,-1.8116,35,-0.1401,33,-0.2795,38,-0.0406,44,0.20756,36,-0.0902,34,-0.2307
ENSG00000138835,RGS3,2,-2.7843,32,1.35007,19,0.48434,7,-0.9822,9,-0.6106,9,-0.5535,18,0.42171,12,-0.2205,15,0.21721
ENSG00000095397,WHRN,42,1.18888,56,1.69518,19,-0.0744,16,-0.3402,12,-0.8324,34,0.82262,17,-0.2223,7,-1.5579,11,-1.0426
ENSG00000136888,ATP6V1G1,149,-0.1118,95,-0.8039,140,-0.2077,218,0.48356,103,-0.7211,139,-0.2241,195,0.30685,170,0.08898,193,0.40451
ENSG00000157693,TMEM268,2,-4.3207,8,-2.3143,6,-2.8110,50,0.34637,29,-0.5568,63,0.72222,48,0.29089,42,0.07682,61,0.98306
ENSG00000148219,ASTN2,18,-1.3887,40,-0.2170,54,0.26199,179,2.35784,30,-0.6669,97,1.22001,24,-0.9496,49,0.11525,18,-1.6689
ENSG00000119401,TRIM32,2,-2.9715,6,-1.3011,1,-3.3109,40,1.53538,5,-1.6626,14,-0.2086,15,-0.0678,34,1.23267,20,0.55428
ENSG00000136869,TLR4,2,-3.1111,29,0.82149,110,3.47561,1,-4.0707,17,0.00052,8,-1.0332,0,-8.8628,8,-1.1596,8,-1.3676
ENSG00000078725,BRINP1,26,-1.8875,19,-2.3042,41,-1.1856,18,-2.3643,56,-0.7885,79,-0.2095,163,0.93990,132,0.59422,147,1.15882
ENSG00000136861,CDK5RAP2,40,0.92352,42,1.03640,6,-1.9805,1,-3.8750,19,-0.2197,4,-2.5584,9,-1.2525,10,-1.1237,34,1.00579
ENSG00000106780,MEGF9,12,-2.5389,135,1.05713,72,0.03079,74,0.07182,49,-0.5826,59,-0.2776,95,0.48423,76,0.12373,73,0.07501
ENSG00000119402,FBXW2,38,0.20758,16,-1.0669,27,-0.3339,13,-1.4607,25,-0.4600,53,0.71712,51,0.66746,43,0.37987,36,0.15227
ENSG00000095261,PSMD5,54,1.57603,15,-0.4642,13,-0.6495,1,-3.7224,10,-1.0718,32,0.69980,27,0.40919,6,-1.7644,25,0.37045
ENSG00000119396,RAB14,276,0.72386,177,0.02042,162,-0.1226,110,-0.7162,106,-0.8259,152,-0.2229,212,0.29886,250,0.56721,182,0.07688
ENSG00000148180,GSN,25,-3.1389,919,2.60891,777,2.25786,72,-1.6150,237,0.21337,100,-1.1312,28,-2.9965,89,-1.2924,60,-2.2009
ENSG00000148175,STOM,2,-5.0848,74,0.13379,331,2.82092,78,0.20808,87,0.42838,33,-1.0827,15,-2.2310,66,-0.0611,28,-1.5787
ENSG00000136848,DAB2IP,47,0.35102,13,-1.5187,8,-2.2130,54,0.58041,37,-0.0154,41,0.14777,36,-0.0612,30,-0.3418,45,0.43031
ENSG00000119421,NDUFA8,75,-1.4685,91,-1.1909,141,-0.5352,422,1.22113,170,-0.2679,152,-0.4157,265,0.45263,232,0.23698,218,0.19186
ENSG00000106852,LHX6,7,-2.5909,0,-6.2898,18,-1.1580,381,4.97881,16,-1.4341,6,-2.8035,2,-4.0478,13,-1.6233,15,-1.7215
ENSG00000119446,RBM18,2,-4.4204,22,-1.0331,23,-0.9137,90,1.19164,29,-0.6360,12,-1.8997,75,0.89469,44,0.02746,58,0.67878
ENSG00000148187,MRRF,2,-2.2611,12,0.42951,2,-1.8612,0,-3.8195,11,0.20240,4,-1.3720,12,0.39153,9,-0.0353,15,1.03000
ENSG00000136940,PDCL,2,-2.4091,29,1.66134,13,0.32902,1,-3.2225,10,-0.1084,15,0.58312,10,-0.0366,5,-1.0223,10,-0.0353
ENSG00000056586,RC3H2,23,-0.9300,40,-0.0833,37,-0.2171,19,-1.2399,39,-0.1449,71,0.80902,44,0.04352,53,0.33376,47,0.22229
ENSG00000011454,RABGAP1,2,-5.1552,59,-0.2896,104,0.58187,89,0.33629,56,-0.4037,120,0.82500,71,-0.0079,80,0.17211,74,0.05530
ENSG00000165209,STRBP,2,-4.5464,8,-2.5906,16,-1.5575,18,-1.4197,39,-0.2883,50,0.11039,62,0.44577,45,-0.0604,82,1.38385
ENSG00000148204,CRB2,2,-2.8199,63,2.63181,75,2.99979,1,-3.8756,15,0.09575,4,-1.9189,3,-2.3114,1,-3.5455,1,-3.6457
ENSG00000119522,DENND1A,75,1.43922,14,-1.1556,5,-2.7263,22,-0.4990,26,-0.2837,16,-0.9906,31,0.02021,46,0.60755,35,0.28136
ENSG00000106689,LHX2,2,-4.4589,16,-1.9404,101,0.90505,0,-6.3793,75,0.46246,15,-1.9544,71,0.33302,50,-0.2231,86,0.91517
ENSG00000236668,AC006450.3,91,3.06166,5,-1.7446,0,-7.9207,0,-4.6250,12,-0.5194,0,-5.0737,26,0.68023,10,-0.7458,15,-0.1815
ENSG00000119408,NEK6,2,-2.8875,9,-0.7150,27,0.99281,0,-4.4401,14,-0.0192,15,0.05047,13,-0.1811,15,0.02294,20,0.68285
ENSG00000136930,PSMB7,94,-0.9445,132,-0.4244,133,-0.4138,124,-0.5156,171,-0.0315,167,-0.0623,323,0.99938,193,0.16547,188,0.16695
ENSG00000136942,RPL35,457,-0.8038,1265,0.79183,1091,0.55023,915,0.26910,964,0.38776,554,-0.5107,549,-0.5254,857,0.16442,604,-0.4869
ENSG00000136950,ARPC5L,67,-1.0989,47,-1.6158,67,-1.0962,110,-0.3550,99,-0.5543,148,0.09452,239,0.86859,159,0.20900,192,0.73733
ENSG00000136935,GOLGA1,2,-2.0655,19,1.29826,6,-0.3576,0,-3.6262,11,0.53734,14,0.86714,7,-0.2909,1,-2.4523,9,0.10317
ENSG00000173611,SCAI,2,-4.2282,4,-3.0334,9,-2.0976,5,-2.8933,25,-0.6749,37,-0.0153,49,0.39927,46,0.29850,72,1.66473
ENSG00000119414,PPP6C,10,-2.6697,87,0.50921,53,-0.2768,68,0.11635,48,-0.4394,89,0.54255,97,0.67238,69,0.14046,63,-0.0114
ENSG00000136933,RABEPK,2,-3.5623,25,0.10345,23,-0.0682,17,-0.4890,25,0.12882,35,0.63876,19,-0.3245,52,1.27040,21,-0.2599
ENSG00000044574,HSPA5,67,-1.7417,232,0.12210,338,0.72521,266,0.33856,155,-0.5350,274,0.38844,186,-0.2223,271,0.37095,211,-0.0365
ENSG00000165219,GAPVD1,73,1.26515,40,0.27006,31,-0.1330,12,-1.5645,24,-0.5511,43,0.39438,34,0.04316,25,-0.4300,32,-0.0706
ENSG00000119487,MAPKAP1,2,-4.2333,26,-0.5737,54,0.56290,76,1.12776,35,-0.1279,33,-0.2201,19,-0.9947,18,-1.1240,48,0.53991
ENSG00000196814,MVB12B,34,0.10765,119,2.28186,57,0.96001,19,-0.7688,18,-0.9130,25,-0.3731,19,-0.7497,26,-0.2723,18,-0.9902
ENSG00000169155,ZBTB43,2,-2.8102,10,-0.5165,16,0.18899,0,-4.3181,13,-0.0502,29,1.15156,14,0.01479,15,0.11505,17,0.44089
ENSG00000136828,RALGPS1,41,0.83527,14,-0.7873,28,0.19983,3,-3.0139,23,-0.0770,31,0.35616,16,-0.6575,29,0.28770,27,0.21952
ENSG00000136895,GARNL3,2,-4.0285,12,-1.4902,58,0.90665,100,1.86840,27,-0.3135,125,2.29584,12,-1.4630,18,-0.9261,11,-1.8708
ENSG00000136856,SLC2A8,2,-3.8066,28,0.00339,45,0.74721,9,-1.6889,24,-0.2507,50,0.93518,45,0.74700,35,0.35429,25,-0.1918
ENSG00000197958,RPL12,565,0.57703,818,1.19334,642,0.78580,113,-1.8719,513,0.46705,300,-0.4143,265,-0.6073,274,-0.5532,276,-0.6883
ENSG00000148356,LRSAM1,2,-4.0307,14,-1.2245,13,-1.4080,86,1.58297,23,-0.5783,43,0.43702,52,0.74505,42,0.39141,32,-0.0576
ENSG00000136854,STXBP1,641,0.09576,56,-3.5232,175,-1.8647,629,0.06611,315,-1.0560,1009,0.82461,964,0.74975,372,-0.7439,841,0.75799
ENSG00000187024,PTRH1,2,-2.7563,7,-0.9623,24,0.94297,0,-4.2259,15,0.18956,20,0.66137,29,1.26356,10,-0.4723,13,-0.1028
ENSG00000160404,TOR2A,107,3.48935,4,-1.9124,8,-1.1095,0,-4.6190,8,-1.1063,8,-1.1241,14,-0.2731,7,-1.3497,13,-0.4656
ENSG00000095370,SH2D3C,35,1.09289,3,-2.2708,15,-0.1937,11,-0.6431,16,-0.1052,12,-0.5073,19,0.09271,22,0.39151,19,0.17043
ENSG00000136807,CDK9,27,-0.2911,32,-0.0457,11,-1.5895,0,-5.3515,27,-0.2952,49,0.63513,46,0.53498,26,-0.3570,45,0.70478
ENSG00000136877,FPGS,43,1.81100,11,-0.4051,5,-1.5456,25,0.85152,13,-0.1419,18,0.32300,14,-0.0437,4,-1.9389,10,-0.6215
ENSG00000106991,ENG,2,-2.7932,9,-0.5671,81,3.25242,0,-4.0426,28,1.28108,7,-0.9147,0,-4.9801,2,-2.7468,5,-1.6569
ENSG00000106992,AK1,103,-0.3964,137,0.03605,290,1.26246,63,-1.1347,141,0.09180,205,0.68090,118,-0.1872,106,-0.3550,108,-0.4224
ENSG00000160408,ST6GALNAC6,113,0.13271,29,-1.8945,75,-0.4923,127,0.32162,157,0.73829,172,0.81186,52,-1.0373,110,0.08771,89,-0.3136
ENSG00000136840,ST6GALNAC4,39,1.24014,11,-0.6763,22,0.32622,29,0.72910,9,-1.1543,20,0.18566,4,-2.2284,29,0.72333,16,-0.2687
ENSG00000136908,DPM2,60,-0.0432,34,-0.8920,41,-0.6089,83,0.47504,43,-0.5911,80,0.41147,78,0.38491,40,-0.6521,74,0.40594
ENSG00000167106,FAM102A,2,-4.6441,139,1.68579,47,-0.1094,32,-0.6894,52,0.06188,60,0.28487,25,-1.0404,81,0.76127,41,-0.4147
ENSG00000148339,SLC25A25,39,0.26693,9,-1.8512,19,-0.7940,0,-5.2821,21,-0.7221,42,0.41647,39,0.30145,41,0.37938,47,0.86878
ENSG00000148334,PTGES2,83,-0.1353,24,-1.9750,65,-0.5116,112,0.33243,82,-0.1533,96,0.08866,102,0.19114,119,0.43032,103,0.26917
ENSG00000171159,C9orf16,517,-0.0249,175,-1.6647,224,-1.2983,364,-0.5637,654,0.38207,666,0.37474,748,0.56235,495,-0.0912,583,0.22163
ENSG00000148337,CIZ1,2,-4.1392,25,-0.5439,23,-0.6444,19,-0.9149,35,-0.0109,66,1.00082,56,0.70840,48,0.48128,38,0.13805
ENSG00000106976,DNM1,329,-1.1654,22,-5.0613,211,-1.8242,566,-0.3442,437,-0.7916,953,0.47317,1337,1.03034,985,0.52715,978,0.73792
ENSG00000167110,GOLGA2,110,1.18501,31,-0.8111,50,-0.0753,57,0.11983,51,-0.0664,46,-0.2235,45,-0.2550,61,0.21902,46,-0.2592
ENSG00000175854,SWI5,2,-3.3607,39,1.01299,36,0.90190,3,-2.5198,22,0.15401,15,-0.4354,19,-0.1222,13,-0.6319,23,0.27988
ENSG00000167112,TRUB2,2,-4.9041,51,-0.2677,51,-0.2505,100,0.81045,47,-0.4034,57,-0.0816,94,0.71086,51,-0.2469,71,0.33998
ENSG00000167113,COQ4,39,-0.5936,54,-0.0898,45,-0.3736,30,-0.9779,55,-0.0651,70,0.31097,86,0.63266,45,-0.3651,67,0.32162
ENSG00000167114,SLC27A4,16,-1.9441,40,-0.6067,28,-1.1083,93,0.72539,36,-0.8091,66,0.16826,83,0.53192,91,0.68761,70,0.35927
ENSG00000167118,URM1,2,-4.1648,66,0.95717,36,-0.0041,18,-1.0699,40,0.15119,36,0.00548,49,0.46116,40,0.13447,36,0.01094
ENSG00000207955,AL359091.1,2,-3.8481,191,3.60258,71,1.48165,25,-0.2026,19,-0.6952,11,-1.3871,1,-3.9901,14,-1.0657,5,-2.8113
ENSG00000167123,CERCAM,2,-4.4820,278,3.42186,73,0.77341,2,-4.5699,73,0.87124,7,-2.7342,13,-1.7926,21,-1.1591,11,-2.4560
ENSG00000197694,SPTAN1,249,-0.7825,155,-1.4915,323,-0.3834,524,0.37096,323,-0.4131,509,0.32449,566,0.49558,589,0.55912,456,0.20368
ENSG00000119333,WDR34,39,1.12875,10,-0.8842,19,0.03231,61,1.93975,15,-0.3326,12,-0.7358,7,-1.4915,14,-0.4935,14,-0.6275
ENSG00000119335,SET,148,-0.5927,318,0.59744,187,-0.2427,117,-0.9550,219,0.00868,246,0.18702,212,-0.0421,284,0.41718,222,0.03158
ENSG00000160445,ZER1,45,-1.2420,35,-1.6079,95,-0.0929,65,-0.6795,82,-0.3448,179,0.91589,131,0.40767,121,0.27356,120,0.37275
ENSG00000107021,TBC1D13,58,0.68813,27,-0.5139,10,-1.9206,56,0.63503,39,0.08314,47,0.36601,35,-0.1202,30,-0.3484,36,-0.0576
ENSG00000167136,ENDOG,2,-4.1699,27,-0.4219,10,-1.8430,48,0.44989,44,0.33876,31,-0.2569,45,0.33108,44,0.31943,44,0.40653
ENSG00000198917,SPOUT1,2,-2.5381,17,0.57989,15,0.37301,0,-4.0905,13,0.18121,16,0.55690,17,0.57150,2,-2.6106,14,0.39614
ENSG00000136802,LRRC8A,50,-0.4969,59,-0.2361,156,1.33492,79,0.20449,76,0.17818,57,-0.2883,44,-0.6997,43,-0.7335,64,-0.1512
ENSG00000175287,PHYHD1,2,-3.0659,28,0.84555,52,1.88183,44,1.57778,20,0.33972,4,-1.9941,2,-2.9298,8,-0.9940,9,-1.1462
ENSG00000175283,DOLK,2,-2.6583,8,-0.6205,24,1.00896,21,0.84772,9,-0.4724,14,0.20754,10,-0.3214,8,-0.6668,14,0.24812
ENSG00000095319,NUP188,2,-1.9336,23,1.24869,15,0.56185,9,-0.2252,11,0.12965,13,0.38025,13,0.32991,2,-1.9454,8,-0.3577
ENSG00000148341,SH3GLB2,109,-0.0666,92,-0.3253,53,-1.1510,18,-2.7439,112,-0.0148,111,-0.0389,166,0.60291,54,-1.1257,162,0.81501
ENSG00000148343,MIGA2,2,-3.3332,15,-0.5639,10,-1.1353,25,0.15828,17,-0.4947,32,0.56502,19,-0.2148,47,1.18024,27,0.38301
ENSG00000167130,DOLPP1,2,-3.0982,21,0.32146,22,0.40393,19,0.18637,13,-0.3901,22,0.42878,15,-0.1828,14,-0.3194,20,0.31751
ENSG00000095321,CRAT,31,-0.5621,27,-0.7704,59,0.42716,47,0.07130,42,-0.1042,59,0.43221,55,0.31288,30,-0.6060,48,0.13036
ENSG00000119383,PTPA,157,0.25560,72,-0.9300,120,-0.1564,144,0.11982,118,-0.1962,178,0.46004,133,-0.0025,116,-0.2191,144,0.15871
ENSG00000188483,IER5L,2,-2.9216,5,-1.5640,8,-0.8898,12,-0.3710,11,-0.4290,17,0.16753,19,0.38995,51,2.03426,15,-0.0480
ENSG00000148335,NTMT1,75,0.93538,23,-0.8887,36,-0.2175,28,-0.5972,37,-0.2186,32,-0.3951,56,0.44704,43,0.05257,44,0.10952
ENSG00000148331,ASB6,18,-0.4579,9,-1.4254,16,-0.6241,8,-1.6189,20,-0.3620,45,0.93060,64,1.53520,30,0.31205,23,-0.1520
ENSG00000136827,TOR1A,2,-4.1367,21,-0.7983,16,-1.1807,81,1.34830,25,-0.5869,52,0.60384,43,0.29911,36,0.02379,40,0.26146
ENSG00000136819,C9orf78,188,1.04111,97,-0.0204,128,0.41066,109,0.15732,70,-0.5502,74,-0.4285,86,-0.2155,92,-0.1013,91,-0.1561
ENSG00000136878,USP20,101,1.68825,21,-0.8330,26,-0.5104,41,0.19859,24,-0.6556,38,0.05782,45,0.34825,40,0.14002,28,-0.5108
ENSG00000187239,FNBP1,2,-4.4489,162,2.23036,116,1.59581,3,-3.6164,48,0.17019,18,-1.3473,23,-0.9774,50,0.20115,25,-1.0417
ENSG00000148358,GPR107,2,-3.8188,34,0.27597,26,-0.1145,35,0.31899,26,-0.1163,40,0.53605,32,0.18327,22,-0.3705,31,0.20269
ENSG00000107130,NCS1,317,0.58315,28,-3.0547,96,-1.2592,319,0.59612,259,0.28800,209,-0.0758,224,0.03522,135,-0.7449,252,0.29320
ENSG00000130707,ASS1,2,-4.5416,10,-2.2477,6,-2.9638,83,0.91417,33,-0.5861,0,-6.3190,40,-0.2541,23,-1.0781,95,1.87953
ENSG00000107164,FUBP3,2,-4.0998,76,1.27917,80,1.37811,25,-0.4605,37,0.13968,24,-0.5288,17,-1.0801,39,0.19490,27,-0.4513
ENSG00000130713,EXOSC2,2,-2.6476,9,-0.4962,29,1.39132,0,-4.2008,13,0.10598,15,0.24573,18,0.53878,5,-1.4276,14,0.31212
ENSG00000097007,ABL1,45,0.87815,63,1.43985,51,1.08135,29,0.17357,22,-0.2898,10,-1.4409,15,-0.8701,20,-0.3925,15,-0.9748
ENSG00000126878,AIF1L,2,-4.6913,276,3.03190,127,1.46362,20,-1.4045,69,0.49146,19,-1.5248,10,-2.4236,31,-0.7973,13,-2.3284
ENSG00000126883,NUP214,2,-3.0436,22,0.44623,31,1.01501,21,0.38729,14,-0.2916,22,0.42800,13,-0.3086,15,-0.0889,15,-0.1942
ENSG00000160539,PLPP7,65,2.04908,14,-0.4674,7,-1.5033,5,-1.9620,8,-1.3621,15,-0.3941,26,0.45150,12,-0.7236,23,0.34739
ENSG00000130723,PRRC2B,70,-0.7956,57,-1.1050,123,0.06604,164,0.52370,117,-0.0197,198,0.82917,104,-0.1969,111,-0.0960,118,0.00572
ENSG00000130714,POMT1,22,-0.5505,23,-0.4584,37,0.28820,12,-1.4464,18,-0.8426,45,0.59421,42,0.45725,19,-0.7671,42,0.66755
ENSG00000130717,UCK1,43,0.55329,43,0.56262,32,0.10710,22,-0.4819,29,-0.0552,31,0.04677,23,-0.3952,26,-0.2329,28,-0.1303
ENSG00000107263,RAPGEF1,76,0.74708,21,-1.2089,20,-1.3164,57,0.29149,56,0.29330,51,0.09461,55,0.22955,48,0.01629,44,-0.1435
ENSG00000160563,MED27,2,-3.3841,19,-0.1294,7,-1.5071,0,-4.9304,17,-0.3197,21,-0.0132,45,1.23590,26,0.37520,29,0.73411
ENSG00000196358,NTNG2,2,-2.9232,12,-0.2780,7,-1.0683,0,-4.4756,22,0.64045,2,-3.0134,14,-0.0808,20,0.45334,24,1.03347
ENSG00000107290,SETX,2,-4.0211,63,1.05508,16,-1.0174,21,-0.6750,33,0.03239,42,0.38714,27,-0.2773,39,0.28038,37,0.25682
ENSG00000125482,TTF1,2,-2.6356,15,0.28582,10,-0.3082,10,-0.2448,14,0.25455,13,0.09870,11,-0.1597,15,0.31652,14,0.22700
ENSG00000125484,GTF3C4,2,-3.2280,15,-0.3573,24,0.40486,7,-1.3905,18,-0.0616,27,0.55262,35,1.00549,5,-1.7896,23,0.43786
ENSG00000165698,SPACA9,2,-3.5380,22,-0.0488,40,0.85372,9,-1.3592,20,-0.2119,34,0.59087,32,0.51424,41,0.91640,20,-0.2906
ENSG00000165699,TSC1,2,-3.8640,19,-0.6316,32,0.15059,28,-0.0455,25,-0.2463,30,0.03899,45,0.69850,34,0.24787,34,0.35830
ENSG00000148308,GTF3C5,2,-3.5897,34,0.56460,19,-0.3372,64,1.59437,26,0.10855,22,-0.1495,20,-0.2828,18,-0.4682,21,-0.2960
ENSG00000160271,RALGDS,81,0.67083,131,1.48787,51,-0.0703,1,-5.4784,53,-0.0007,72,0.47336,25,-1.1123,76,0.57398,37,-0.7149
ENSG00000148296,SURF6,2,-4.1882,28,-0.4151,33,-0.1700,27,-0.4675,25,-0.6347,43,0.25509,52,0.56474,64,0.88078,44,0.41929
ENSG00000148297,MED22,2,-3.1099,23,0.42470,7,-1.2697,0,-4.6610,18,0.03618,21,0.28750,34,1.07299,27,0.68670,19,0.18883
ENSG00000148303,RPL7A,766,0.19412,985,0.59780,974,0.57897,481,-0.5271,701,0.05973,487,-0.5056,590,-0.2120,590,-0.2117,630,-0.1457
ENSG00000148290,SURF1,38,-1.2901,115,0.41336,90,0.01410,128,0.58628,122,0.55292,91,0.03392,76,-0.2329,40,-1.2086,83,-0.1349
ENSG00000148291,SURF2,60,0.88568,31,-0.1819,12,-1.5213,5,-2.6813,26,-0.4391,32,-0.1222,32,-0.1021,33,-0.0769,48,0.71894
ENSG00000148248,SURF4,3,-4.3585,87,0.49539,54,-0.2527,97,0.67721,52,-0.3224,81,0.38213,81,0.38924,39,-0.7360,70,0.19308
ENSG00000148300,REXO4,2,-2.4910,21,1.00119,13,0.30237,1,-2.7632,16,0.62866,20,0.90904,11,-0.0368,2,-2.4508,10,-0.1062
ENSG00000160326,SLC2A6,2,-3.8461,9,-1.7445,6,-2.1903,8,-1.8403,27,-0.1354,49,0.82880,71,1.48019,31,0.09046,36,0.51378
ENSG00000197859,ADAMTSL2,2,-2.9293,10,-0.5802,36,1.40863,18,0.30545,12,-0.3689,36,1.40728,20,0.41882,18,0.28652,8,-1.1702
ENSG00000160293,VAV2,2,-2.3219,5,-1.0036,18,0.97575,0,-3.5168,15,0.79050,31,1.85850,2,-2.4137,9,-0.1903,8,-0.4859
ENSG00000235106,BRD3OS,2,-4.5893,15,-1.6926,44,-0.1540,59,0.29803,37,-0.4472,69,0.56239,49,0.02266,58,0.28288,65,0.65362
ENSG00000169925,BRD3,2,-3.7526,51,1.01184,63,1.38189,26,-0.0833,24,-0.1877,18,-0.5829,14,-0.9820,38,0.51926,23,-0.3307
ENSG00000196363,WDR5,2,-3.6069,12,-1.0737,19,-0.3742,71,1.77541,24,-0.0240,27,0.18456,30,0.32371,11,-1.1860,24,-0.0198
ENSG00000186350,RXRA,2,-4.1119,31,-0.1862,68,1.08346,7,-2.3863,46,0.47944,61,0.90655,25,-0.4957,40,0.20662,32,-0.1903
ENSG00000130558,OLFM1,627,-0.6360,115,-3.1405,119,-3.0926,334,-1.5802,617,-0.7067,633,-0.6206,1850,1.08420,879,-0.1169,1632,1.34207
ENSG00000196422,PPP1R26,2,-3.2769,8,-1.2856,11,-0.8306,16,-0.2970,27,0.54979,16,-0.2405,20,0.05979,16,-0.3064,27,0.76917
ENSG00000160345,C9orf116,47,1.53590,5,-1.8628,13,-0.4650,5,-1.9877,20,0.14845,4,-2.2095,30,0.75035,9,-1.1227,22,0.34138
ENSG00000122140,MRPS2,47,0.16729,22,-0.9663,67,0.73134,77,0.95394,28,-0.6777,46,0.11628,46,0.13816,33,-0.3856,39,-0.1632
ENSG00000107147,KCNT1,2,-3.9423,0,-5.9782,3,-3.1213,50,0.77739,30,-0.0648,54,0.89088,36,0.25027,33,0.10497,41,0.61170
ENSG00000130559,CAMSAP1,95,0.64406,26,-1.3288,17,-1.9287,91,0.57240,31,-1.1377,61,-0.0616,51,-0.3261,83,0.43839,84,0.62652
ENSG00000130560,UBAC1,51,-0.0541,58,0.13445,68,0.38481,50,-0.0955,50,-0.1000,46,-0.2322,49,-0.1176,48,-0.1413,55,0.07290
ENSG00000148411,NACC2,2,-4.9137,126,1.18484,112,0.97791,66,0.13571,83,0.55253,25,-1.3396,22,-1.5159,65,0.10831,51,-0.3393
ENSG00000238227,TMEM250,23,-0.6416,17,-1.0809,7,-2.4092,44,0.30887,31,-0.2561,54,0.64858,35,-0.0455,39,0.14932,46,0.55722
ENSG00000165661,QSOX2,2,-2.2387,12,0.38928,12,0.36692,0,-3.7965,8,-0.3093,14,0.61646,4,-1.2045,3,-1.4167,14,1.02462
ENSG00000160360,GPSM1,4,-3.1962,32,-0.2537,51,0.48992,66,0.90477,30,-0.3697,43,0.21400,45,0.28872,34,-0.1472,38,0.02946
ENSG00000165684,SNAPC4,2,-2.7599,6,-1.0730,13,-0.0616,17,0.37688,13,-0.0266,28,1.17450,24,0.88858,4,-1.7079,13,0.01461
ENSG00000165688,PMPCA,2,-4.1077,24,-0.5381,63,0.97139,28,-0.2941,29,-0.2618,43,0.33170,52,0.65044,30,-0.2023,37,0.12883
ENSG00000148384,INPP5E,2,-2.9648,12,-0.3334,18,0.19287,3,-2.4725,12,-0.4182,32,1.15670,17,0.16699,24,0.68275,17,0.24922
ENSG00000148396,SEC16A,5,-2.9088,34,-0.1145,36,-0.0089,19,-0.9380,27,-0.4536,47,0.40502,30,-0.2759,55,0.64658,48,0.60306
ENSG00000148400,NOTCH1,4,-2.1447,45,1.44430,76,2.42705,11,-0.7604,28,0.73137,16,-0.1883,2,-3.3487,6,-1.7012,6,-1.8884
ENSG00000172889,EGFL7,83,-0.1938,12,-2.9884,34,-1.5383,229,1.45201,81,-0.2467,112,0.27237,122,0.40743,86,-0.1353,96,0.04104
ENSG00000165716,DIPK1B,5,-3.7688,11,-2.7381,57,-0.2891,132,1.04955,41,-0.8348,50,-0.4930,87,0.36401,110,0.74946,90,0.59984
ENSG00000233016,SNHG7,57,-0.1646,81,0.38469,162,1.55450,44,-0.5663,43,-0.6450,37,-0.8136,78,0.34132,55,-0.2191,55,-0.2574
ENSG00000244187,TMEM141,198,1.02569,108,0.04354,71,-0.6014,79,-0.4330,69,-0.6913,77,-0.4771,148,0.54827,95,-0.1484,112,0.14442
ENSG00000196642,RABL6,120,0.35892,64,-0.6165,95,-0.0039,56,-0.8046,98,0.04624,53,-0.8911,77,-0.3243,88,-0.1301,123,0.55730
ENSG00000232434,AJM1,2,-3.9630,9,-1.8015,28,-0.1531,63,1.12363,41,0.45326,45,0.56679,41,0.41218,40,0.37955,24,-0.4841
ENSG00000054148,PHPT1,70,-1.6086,275,0.47132,278,0.49257,232,0.20363,226,0.17474,158,-0.3921,136,-0.6197,299,0.60543,188,-0.1685
ENSG00000107223,EDF1,390,0.01492,356,-0.1256,409,0.09238,562,0.59660,358,-0.1257,327,-0.2559,417,0.12254,449,0.23682,348,-0.2127
ENSG00000159069,FBXW5,41,-0.9837,54,-0.5546,66,-0.2707,126,0.75698,86,0.16184,85,0.12720,77,-0.0311,115,0.60449,71,-0.2104
ENSG00000107317,PTGDS,1078,-0.6880,5530,2.01646,5931,2.15311,595,-1.5776,2167,0.43771,695,-1.3474,381,-2.2358,949,-0.8807,609,-1.8302
ENSG00000148362,PAXX,2,-4.9750,92,0.47643,147,1.25163,66,-0.0554,73,0.11554,75,0.16305,68,0.00059,60,-0.1972,57,-0.3463
ENSG00000107331,ABCA2,14,-3.5805,690,2.52879,285,0.89913,71,-1.2510,137,-0.2892,126,-0.3916,122,-0.4515,151,-0.1162,96,-0.9988
ENSG00000107281,NPDC1,262,-0.0793,83,-1.8114,195,-0.5350,315,0.20931,215,-0.4185,368,0.45260,415,0.64926,258,-0.1050,316,0.28842
ENSG00000186193,SAPCD2,2,-2.5451,22,1.00436,29,1.50562,4,-1.5846,9,-0.3138,6,-0.8339,4,-1.3994,3,-1.8851,15,0.58115
ENSG00000177239,MAN1B1,79,0.63984,26,-1.0523,37,-0.5182,88,0.81765,39,-0.4869,70,0.45244,66,0.35346,45,-0.2327,48,-0.1658
ENSG00000176978,DPP7,137,0.79511,83,0.00197,124,0.63476,124,0.63386,72,-0.2367,48,-0.8477,60,-0.4930,57,-0.5669,76,-0.1891
ENSG00000176884,GRIN1,540,0.67212,21,-4.1452,112,-1.7372,332,-0.0993,229,-0.7146,617,0.89213,303,-0.2441,381,0.11245,460,0.58177
ENSG00000176101,SSNA1,163,0.96668,160,0.94273,122,0.48965,77,-0.2349,71,-0.3735,73,-0.3062,78,-0.2034,78,-0.2039,66,-0.5746
ENSG00000176058,TPRN,35,0.11340,101,1.86529,83,1.50622,3,-3.4656,35,0.10244,14,-1.3013,25,-0.4327,15,-1.2117,21,-0.8609
ENSG00000187713,TMEM203,90,0.87395,21,-1.3643,34,-0.6540,50,-0.0606,43,-0.3260,62,0.26525,50,-0.0586,53,0.03647,58,0.22162
ENSG00000212864,RNF208,49,-0.5485,15,-2.2825,47,-0.6287,15,-2.3261,81,0.25292,96,0.49886,102,0.59537,50,-0.5161,94,0.65351
ENSG00000188229,TUBB4B,198,-0.8482,69,-2.4070,188,-0.9228,334,-0.0446,242,-0.5860,385,0.17737,701,1.15430,500,0.59269,404,0.34719
ENSG00000188986,NELFB,2,-4.8276,43,-0.4663,45,-0.3962,141,1.44956,61,0.06805,57,-0.0273,34,-0.7955,77,0.44709,59,0.02726
ENSG00000187609,EXD3,2,-2.4943,5,-1.1471,7,-0.6138,9,-0.2820,14,0.41016,5,-1.1292,19,0.79672,12,0.12044,14,0.54015
ENSG00000188747,NOXA1,2,-2.3695,6,-0.6621,0,-6.7980,0,-3.9267,10,-0.0254,11,0.18789,11,0.16694,1,-3.0601,20,1.72014
ENSG00000165802,NSMF,334,0.66195,64,-1.8520,228,0.05519,172,-0.3792,327,0.70110,294,0.45672,150,-0.5939,218,-0.0167,187,-0.3253
ENSG00000182154,MRPL41,65,-1.5432,172,-0.0757,167,-0.1237,191,0.08859,197,0.14765,156,-0.2254,190,0.07907,187,0.05491,207,0.28773
ENSG00000148399,DPH7,2,-2.5473,11,-0.0246,6,-0.9106,0,-4.0603,11,-0.0153,14,0.30132,12,0.06205,20,0.86654,15,0.61664
ENSG00000165724,ZMYND19,31,0.66464,11,-0.8959,12,-0.8450,31,0.63466,21,0.03471,19,-0.1218,30,0.61264,5,-1.9192,21,0.07476
ENSG00000197070,ARRDC1,2,-2.5513,6,-0.9419,17,0.61122,2,-2.2091,12,0.10857,22,1.04809,16,0.45791,1,-3.4807,15,0.54142
ENSG00000203993,ARRDC1-AS1,2,-2.6437,13,0.08297,9,-0.5019,18,0.59245,12,-0.0762,12,-0.0566,12,-0.0744,13,0.10988,15,0.34867
ENSG00000181090,EHMT1,2,-2.9039,18,0.28682,25,0.84037,14,-0.0331,16,0.11369,22,0.59909,7,-1.0841,18,0.32118,14,-0.1714
ENSG00000148408,CACNA1B,2,-4.6461,4,-3.7444,7,-2.9588,56,0.16280,26,-1.0428,97,1.04813,78,0.70025,54,0.10742,76,0.96676
ENSG00000015171,ZMYND11,56,-0.6331,109,0.41662,154,0.97046,65,-0.3914,68,-0.3530,120,0.55954,69,-0.2927,46,-0.9138,84,0.00720
ENSG00000151240,DIP2C,2,-4.3758,60,0.56795,46,0.16180,25,-0.7810,28,-0.6237,63,0.64246,44,0.08029,43,0.04498,51,0.42515
ENSG00000225140,AL358216.1,2,-2.3494,55,3.04880,31,1.86954,0,-3.9068,15,0.66808,7,-0.4462,4,-1.3763,0,-5.1410,0,-4.3335
ENSG00000107929,LARP4B,2,-4.3157,30,-0.4276,28,-0.5462,51,0.39214,33,-0.2921,52,0.40758,44,0.16367,49,0.30642,49,0.44711
ENSG00000107937,GTPBP4,2,-3.9824,26,-0.2980,41,0.40549,33,0.04353,22,-0.6032,30,-0.1002,40,0.35141,50,0.70612,37,0.32715
ENSG00000067064,IDI1,90,-0.7541,165,0.17595,109,-0.4641,66,-1.2139,137,-0.1344,111,-0.4392,254,0.87053,149,0.01720,176,0.37255
ENSG00000047056,WDR37,2,-3.5353,8,-1.4759,11,-1.1146,8,-1.4723,18,-0.3697,24,0.07355,40,0.86388,19,-0.2682,38,1.15364
ENSG00000185736,ADARB2,38,0.29722,128,2.44774,95,1.85526,2,-3.6834,25,-0.3739,4,-2.8993,0,-9.7038,41,0.44481,12,-1.6990
ENSG00000067057,PFKP,176,-0.7612,44,-2.8055,148,-1.0216,206,-0.5223,171,-0.8585,316,0.14027,678,1.40050,299,0.05338,387,0.65630
ENSG00000107959,PITRM1,2,-4.9240,42,-0.5638,38,-0.7334,81,0.43597,44,-0.5426,63,0.04514,83,0.48691,131,1.24046,67,0.18482
ENSG00000067082,KLF6,2,-3.8537,24,-0.2917,44,0.66038,64,1.27354,24,-0.2783,33,0.22531,36,0.34126,7,-2.0851,29,0.03292
ENSG00000196139,AKR1C3,2,-2.2990,18,0.99222,30,1.83900,0,-3.8569,13,0.45537,6,-0.7953,3,-1.6628,3,-1.8239,10,0.02744
ENSG00000173848,NET1,2,-2.8428,30,1.01774,36,1.33184,17,0.09229,30,1.14664,10,-0.6259,13,-0.2693,6,-1.3054,8,-1.2918
ENSG00000196372,ASB13,2,-2.9966,11,-0.5515,20,0.37377,30,1.03539,16,0.06276,15,-0.1151,19,0.27742,3,-2.2005,18,0.28915
ENSG00000108021,TASOR2,88,1.93808,30,0.13559,28,0.04109,30,0.15493,15,-0.9274,31,0.18641,10,-1.5280,12,-1.2674,25,-0.2300
ENSG00000057608,GDI2,5,-4.5613,153,0.48682,131,0.24037,123,0.14349,86,-0.4482,120,0.11013,187,0.81298,120,0.09931,112,0.00366
ENSG00000134452,FBH1,42,0.28651,26,-0.4476,29,-0.2544,66,1.04729,22,-0.7254,46,0.45394,25,-0.4676,41,0.24881,33,-0.1255
ENSG00000134453,RBM17,3,-4.0834,100,1.10730,97,1.04202,33,-0.6709,53,0.09118,64,0.36261,43,-0.2349,35,-0.5512,44,-0.2816
ENSG00000170525,PFKFB3,2,-4.4689,59,0.43175,150,2.05530,0,-5.9339,44,-0.0329,16,-1.5156,52,0.24986,37,-0.3000,44,-0.0263
ENSG00000237943,PRKCQ-AS1,2,-2.5559,88,3.95673,16,0.53116,0,-4.1113,10,-0.1626,4,-1.4215,9,-0.3042,0,-4.3232,2,-2.5094
ENSG00000198879,SFMBT2,2,-2.5003,16,0.54611,10,-0.1413,0,-4.0562,14,0.35062,24,1.22213,15,0.44855,5,-1.0173,11,0.00987
ENSG00000165629,ATP5F1C,116,-0.9472,104,-1.1075,135,-0.7205,282,0.41980,164,-0.4609,190,-0.1974,304,0.54038,275,0.38413,268,0.47766
ENSG00000165632,TAF3,2,-2.5254,19,0.79163,28,1.43916,1,-3.6051,18,0.81285,16,0.50547,10,-0.1161,9,-0.3442,7,-0.9437
ENSG00000270111,CELF2-DT,2,-2.7031,1,-3.2328,5,-1.2523,0,-4.2572,15,0.26812,5,-1.2271,24,1.00663,12,-0.0861,22,1.22900
ENSG00000048740,CELF2,72,-1.2711,43,-2.0108,103,-0.7315,95,-0.8408,161,-0.0501,300,0.95540,224,0.48125,194,0.25047,200,0.40972
ENSG00000151461,UPF2,2,-3.6769,32,0.33701,30,0.23439,0,-5.0007,30,0.27600,27,0.08305,25,-0.0224,44,0.87896,28,0.18821
ENSG00000181192,DHTKD1,2,-2.2838,28,1.75483,27,1.71616,0,-3.8409,13,0.49404,15,0.70108,1,-2.9748,0,-3.4358,6,-0.8154
ENSG00000065665,SEC61A2,57,-0.1580,39,-0.7055,49,-0.3789,93,0.62933,35,-0.9645,61,-0.0509,87,0.51922,53,-0.2550,77,0.43808
ENSG00000165609,NUDT5,2,-3.1331,45,1.53221,38,1.26387,3,-2.3421,20,0.21918,12,-0.5797,13,-0.4876,13,-0.4385,15,-0.2508
ENSG00000151465,CDC123,2,-4.8678,52,-0.1808,48,-0.3017,99,0.82679,34,-0.8721,72,0.31088,90,0.67521,49,-0.2879,71,0.40945
ENSG00000183049,CAMK1D,4,-3.9974,18,-2.0778,35,-1.1197,36,-1.0431,68,-0.0999,51,-0.5344,88,0.29748,41,-0.8687,134,1.53931
ENSG00000151468,CCDC3,2,-3.4506,3,-2.8727,2,-3.5031,0,-4.9998,20,-0.1138,9,-1.3264,39,0.93667,13,-0.7673,44,1.82158
ENSG00000123240,OPTN,292,0.72591,108,-0.8254,94,-1.0289,154,-0.2832,133,-0.5477,159,-0.2388,267,0.57958,144,-0.3836,231,0.48361
ENSG00000107537,PHYH,2,-3.5591,17,-0.4737,37,0.71345,30,0.36619,26,0.17901,7,-1.8187,30,0.38453,19,-0.2922,28,0.36204
ENSG00000086475,SEPHS1,45,0.89131,22,-0.2083,33,0.38362,15,-0.7775,31,0.32022,21,-0.2874,16,-0.7300,24,-0.1149,24,-0.1484
ENSG00000165630,PRPF18,63,1.96027,14,-0.4696,11,-0.8005,44,1.33168,12,-0.8052,11,-0.8864,16,-0.2852,4,-2.0902,16,-0.3484
ENSG00000151474,FRMD4A,2,-3.7506,8,-1.8306,27,-0.0009,35,0.38857,26,-0.0732,35,0.42101,23,-0.2272,60,1.30287,27,0.02233
ENSG00000065809,FAM107B,46,-0.2158,389,3.92954,109,1.16593,2,-4.4164,24,-1.2411,29,-0.9242,6,-3.1800,29,-0.9260,8,-3.1528
ENSG00000187522,HSPA14,2,-2.6442,9,-0.5289,10,-0.2601,0,-4.1987,7,-0.9547,22,0.87599,18,0.59826,17,0.48743,17,0.74929
ENSG00000176244,ACBD7,49,0.30734,34,-0.2432,89,1.29116,12,-1.7427,89,1.49566,22,-0.9075,11,-1.9011,20,-1.0831,27,-0.7773
ENSG00000152465,NMT2,2,-3.9010,14,-1.1656,33,0.14715,24,-0.3652,31,0.05158,30,-0.0052,50,0.82958,25,-0.2480,37,0.48566
ENSG00000148468,FAM171A1,216,0.68889,192,0.50060,185,0.44430,112,-0.3407,102,-0.5154,181,0.40844,134,-0.0648,110,-0.3713,121,-0.2960
ENSG00000148481,MINDY3,2,-3.7577,41,0.67138,7,-1.9677,4,-2.7308,21,-0.4503,37,0.47846,51,1.00952,40,0.59874,32,0.37893
ENSG00000148484,RSU1,42,0.76550,41,0.72299,18,-0.5504,21,-0.3378,18,-0.5815,27,0.07144,31,0.26151,35,0.45348,22,-0.3601
ENSG00000026025,VIM,119,-0.9665,221,-0.0245,1027,2.69641,50,-2.2541,410,1.09947,68,-1.8062,37,-2.6727,75,-1.6474,126,-1.0867
ENSG00000136738,STAM,100,1.08150,48,-0.0758,27,-0.9634,27,-0.9394,27,-1.0297,48,-0.0821,85,0.81480,46,-0.1425,56,0.22196
ENSG00000148482,SLC39A12,63,1.07646,18,-0.9136,114,2.13461,52,0.74718,40,0.36665,10,-1.6758,6,-2.4962,10,-1.7717,17,-1.1814
ENSG00000165995,CACNB2,89,0.84720,2,-4.6148,9,-2.6107,20,-1.4197,26,-1.1400,89,0.85383,60,0.20585,61,0.23280,75,0.81371
ENSG00000165997,ARL5B,41,1.20957,10,-1.0244,36,1.01228,1,-4.1494,12,-0.7174,28,0.61410,13,-0.5971,11,-0.7741,21,0.20733
ENSG00000120594,PLXDC2,2,-3.6231,62,1.51888,78,1.93122,24,-0.0355,30,0.33099,47,1.03566,2,-3.6869,12,-1.0269,8,-1.9003
ENSG00000078114,NEBL,2,-5.5220,110,0.26737,250,1.64933,18,-2.4302,112,0.33381,37,-1.3642,74,-0.3429,108,0.24599,95,0.05048
ENSG00000078403,MLLT10,9,-0.4681,14,0.21617,25,1.16157,0,-4.1527,10,-0.3289,18,0.64321,16,0.43651,2,-2.3288,13,0.17336
ENSG00000136770,DNAJC1,2,-2.4789,23,1.16757,28,1.52441,11,0.03463,13,0.28631,5,-1.0542,4,-1.3676,2,-2.4583,10,-0.1268
ENSG00000148444,COMMD3,14,-1.1320,63,1.18766,58,1.03404,21,-0.5267,23,-0.4569,33,0.11609,34,0.20818,17,-0.8899,27,-0.2451
ENSG00000168283,BMI1,40,-0.1415,102,1.35645,54,0.31847,21,-1.1525,35,-0.3848,51,0.21736,31,-0.5642,57,0.40834,37,-0.3379
ENSG00000150867,PIP4K2A,19,-2.7294,774,3.47333,224,0.95876,47,-1.4411,91,-0.5111,44,-1.5397,50,-1.3611,67,-0.9258,49,-1.6598
ENSG00000148450,MSRB2,2,-4.9830,85,0.45099,72,0.18255,116,0.96355,101,0.82439,36,-0.8650,25,-1.4167,42,-0.6312,62,-0.0504
ENSG00000165312,OTUD1,2,-2.9271,11,-0.4651,26,0.85845,0,-4.0793,13,-0.2887,31,1.16089,12,-0.2882,28,0.98878,15,-0.0274
ENSG00000120549,KIAA1217,2,-4.2433,0,-7.1278,27,-0.5059,77,1.13828,36,-0.0911,180,2.75576,5,-2.9908,45,0.25643,22,-1.0398
ENSG00000107863,ARHGAP21,7,-4.3306,343,1.45434,176,0.34362,85,-0.7755,148,0.07294,215,0.66379,98,-0.5592,125,-0.1881,124,-0.2718
ENSG00000099256,PRTFDC1,62,1.57548,55,1.37842,74,1.91908,0,-5.1084,18,-0.4739,16,-0.5516,13,-0.8939,12,-0.9414,9,-1.6128
ENSG00000151023,ENKUR,2,-2.5165,19,0.85024,38,2.01238,0,-4.0576,16,0.60616,13,0.26134,4,-1.3782,3,-1.9230,9,-0.5065
ENSG00000185875,THNSL1,2,-2.5211,6,-0.9078,11,0.02687,20,0.91910,10,-0.1836,24,1.21192,19,0.81465,4,-1.5557,10,-0.2388
ENSG00000151025,GPR158,2,-4.8977,5,-3.5911,15,-2.0908,168,1.71057,37,-0.7807,182,1.85929,67,0.16850,82,0.49841,46,-0.5085
ENSG00000136750,GAD2,34,-2.5319,3,-5.8668,163,-0.2160,1349,3.88231,63,-1.7329,10,-4.3139,15,-3.6667,273,0.59118,117,-0.9033
ENSG00000136754,ABI1,2,-5.2868,51,-0.6478,84,0.10888,75,-0.0804,74,-0.1066,84,0.09843,72,-0.1319,93,0.26600,103,0.60735
ENSG00000107890,ANKRD26,7,-1.5588,18,-0.0985,1,-3.5831,53,1.60186,25,0.42885,25,0.38928,23,0.23509,10,-1.0176,17,-0.2825
ENSG00000136758,YME1L1,57,-0.2754,41,-0.7823,96,0.53109,71,0.05549,44,-0.7274,70,0.03892,74,0.12954,55,-0.3199,84,0.45300
ENSG00000107897,ACBD5,28,-0.8092,86,0.94860,78,0.80285,44,-0.1071,44,-0.1293,39,-0.2797,29,-0.7225,48,0.03702,44,-0.1662
ENSG00000099246,RAB18,39,-1.6734,93,-0.3717,120,0.02179,166,0.52640,85,-0.5437,146,0.32060,131,0.15328,128,0.11124,138,0.31674
ENSG00000254635,WAC-AS1,2,-3.3032,17,-0.3735,9,-1.1927,34,0.73118,22,0.08435,33,0.66429,31,0.58568,33,0.68385,18,-0.2870
ENSG00000095787,WAC,123,0.24019,135,0.39057,79,-0.4373,60,-0.8641,105,-0.0058,86,-0.3199,93,-0.2003,124,0.25264,115,0.18925
ENSG00000165757,JCAD,2,-3.6457,6,-1.9612,15,-0.7696,1,-4.2165,19,-0.4098,22,-0.2168,28,0.18915,38,0.66111,44,1.34840
ENSG00000107951,MTPAP,2,-3.0361,14,-0.1966,8,-1.0943,16,0.01325,15,-0.1038,20,0.34233,11,-0.5843,22,0.49308,22,0.63959
ENSG00000148516,ZEB1,4,-3.2781,55,0.55827,28,-0.5137,35,-0.1762,48,0.36754,33,-0.2360,35,-0.1754,57,0.61340,41,0.08561
ENSG00000165322,ARHGAP12,2,-3.9581,33,0.08287,65,1.19356,82,1.58337,23,-0.4934,18,-0.8019,19,-0.7205,39,0.33247,25,-0.4107
ENSG00000170759,KIF5B,40,-1.3773,301,1.84105,145,0.58025,145,0.58225,117,0.25810,90,-0.1690,48,-1.1165,103,0.04154,50,-1.2913
ENSG00000120616,EPC1,2,-2.9917,25,0.71675,19,0.29099,30,1.04175,13,-0.2868,18,0.23522,22,0.49699,7,-1.2616,14,-0.2477
ENSG00000216937,CCDC7,162,3.50231,25,-0.0459,23,-0.1701,0,-5.0901,23,-0.1773,9,-1.5477,0,-4.8959,6,-2.0085,14,-1.0282
ENSG00000150093,ITGB1,125,1.95595,124,1.93362,79,1.13939,0,-5.8327,39,-0.0237,23,-0.7737,4,-3.2498,24,-0.7274,13,-1.9548
ENSG00000099250,NRP1,4,-1.5592,0,-4.3076,4,-1.6983,25,1.05655,21,0.84522,27,1.19660,13,0.06005,2,-2.6016,12,-0.0836
ENSG00000108094,CUL2,7,-2.9455,19,-1.6276,49,-0.1930,48,-0.2184,24,-1.3652,67,0.28814,115,1.17365,50,-0.1687,80,0.83788
ENSG00000095794,CREM,36,-0.3914,25,-0.9295,27,-0.8629,80,0.83814,39,-0.2943,48,0.03235,46,-0.0273,31,-0.6185,60,0.52552
ENSG00000108100,CCNY,2,-5.4301,79,-0.1526,59,-0.5934,42,-1.0854,96,0.16216,108,0.34382,83,-0.0774,84,-0.0501,120,0.73865
ENSG00000177283,FZD8,2,-2.3191,4,-1.7420,39,1.81492,15,0.19006,16,0.37580,22,0.82931,3,-2.0190,4,-1.7876,12,-0.1772
ENSG00000198105,ZNF248,2,-3.4975,7,-1.7372,37,0.68025,30,0.32601,13,-1.0457,35,0.55821,22,-0.1776,41,0.84191,29,0.38405
ENSG00000175395,ZNF25,2,-4.6026,20,-1.4169,45,-0.1882,28,-0.9179,49,-0.0555,58,0.20238,87,0.85418,38,-0.4533,72,0.77053
ENSG00000189180,ZNF33A,2,-4.1224,40,0.21717,28,-0.3157,102,1.78393,35,-0.0102,51,0.60403,25,-0.5320,20,-0.8024,29,-0.3711
ENSG00000075407,ZNF37A,2,-2.9078,21,0.55993,0,-4.1370,1,-3.7046,21,0.62866,37,1.45133,12,-0.3647,23,0.65667,14,-0.1455
ENSG00000185904,LINC00839,2,-3.0471,1,-3.2143,1,-3.2335,24,0.57147,12,-0.5494,15,-0.1756,45,1.65200,24,0.61202,19,0.35493
ENSG00000165733,BMS1,65,1.20002,22,-0.5433,22,-0.4939,12,-1.3883,21,-0.6534,25,-0.3428,29,-0.1192,28,-0.1430,39,0.53552
ENSG00000169826,CSGALNACT2,2,-2.5640,15,0.41082,6,-0.9884,41,2.11158,14,0.24938,8,-0.4626,20,0.81309,2,-2.3761,8,-0.8029
ENSG00000198915,RASGEF1A,2,-3.9007,7,-2.1831,21,-0.5447,1,-4.3453,16,-0.9862,70,1.37864,37,0.32646,28,-0.1051,48,1.11010
ENSG00000169813,HNRNPF,32,-0.1990,93,1.55310,101,1.70808,29,-0.3080,26,-0.5504,16,-1.1968,13,-1.4677,44,0.29834,22,-0.9122
ENSG00000169740,ZNF32,2,-4.4978,48,0.10144,22,-1.1144,3,-3.9930,47,0.05300,59,0.42383,72,0.74204,72,0.72094,55,0.39996
ENSG00000107551,RASSF4,6,-2.1552,78,1.76656,107,2.37600,6,-2.2136,32,0.32162,14,-0.9249,23,-0.2083,5,-2.3516,11,-1.5651
ENSG00000165512,ZNF22,6,-1.0362,32,1.55917,17,0.46905,0,-4.1936,19,0.78715,16,0.36333,4,-1.4942,7,-0.8390,10,-0.4385
ENSG00000165406,MARCH8,8,-0.3416,33,1.98412,20,1.08533,0,-3.8754,10,-0.0393,1,-2.5111,4,-1.4107,5,-0.9158,9,-0.0729
ENSG00000172661,WASHC2C,70,1.90717,17,-0.4112,58,1.57644,29,0.43519,7,-1.6835,17,-0.4424,13,-0.7784,10,-1.2436,15,-0.7337
ENSG00000265354,TIMM23,2,-4.4694,18,-1.3398,40,-0.1716,12,-1.9350,33,-0.4995,68,0.66067,92,1.18036,40,-0.1521,60,0.67575
ENSG00000266412,NCOA4,85,0.20344,119,0.74900,132,0.91787,64,-0.2365,59,-0.3728,59,-0.3656,95,0.38598,73,-0.0261,55,-0.5749
ENSG00000204179,PTPN20,2,-2.6973,1,-3.1194,10,-0.3082,8,-0.6301,8,-0.6812,10,-0.3837,21,0.78923,1,-3.3591,24,1.56391
ENSG00000266524,GDF10,2,-2.4830,12,0.14951,16,0.55737,19,0.82517,8,-0.4934,3,-1.8900,8,-0.4269,3,-1.6973,16,0.83968
ENSG00000265763,ZNF488,2,-3.1057,46,1.61613,6,-1.4938,2,-3.0194,11,-0.7216,43,1.50190,11,-0.7088,14,-0.3394,19,0.26072
ENSG00000170324,FRMPD2,118,1.77593,4,-3.2771,0,-9.1764,4,-3.3636,21,-1.0673,3,-3.5262,116,1.74998,19,-1.1733,55,0.70248
ENSG00000107643,MAPK8,2,-4.5543,15,-1.7272,31,-0.6559,11,-2.0954,30,-0.7218,72,0.66200,77,0.78702,45,-0.0859,75,1.10209
ENSG00000128805,ARHGAP22,2,-2.1321,41,2.52895,19,1.09786,0,-3.8182,11,0.27596,15,0.76568,9,-0.0564,1,-2.6465,3,-1.8837
ENSG00000165633,VSTM4,2,-2.1073,21,1.46179,24,1.65772,1,-2.3115,9,0.13936,7,-0.2772,9,0.04277,1,-2.9073,7,-0.4272
ENSG00000197444,OGDHL,102,0.48658,11,-2.8628,16,-2.2554,69,-0.1278,62,-0.3094,61,-0.3074,91,0.30166,105,0.53416,98,0.61041
ENSG00000227345,PARG,33,1.06914,12,-0.5226,1,-3.3132,4,-2.1562,19,0.17161,29,0.84751,20,0.27195,4,-1.9297,19,0.31776
ENSG00000099290,WASHC2A,42,0.28570,31,-0.1957,33,-0.0933,12,-1.6261,23,-0.7001,48,0.49137,32,-0.1071,40,0.23855,42,0.42912
ENSG00000198964,SGMS1,2,-3.5718,61,1.53867,66,1.68044,14,-0.8063,25,0.08248,25,0.08011,4,-2.3718,23,-0.0209,16,-0.7616
ENSG00000177613,CSTF2T,81,1.18890,58,0.64051,34,-0.2144,33,-0.2663,18,-1.2239,48,0.32228,30,-0.3654,51,0.43299,33,-0.3009
ENSG00000122873,CISD1,93,-1.0338,55,-1.7990,75,-1.3540,281,0.67630,168,-0.1535,225,0.31974,278,0.66091,194,0.08216,213,0.31613
ENSG00000072401,UBE2D1,2,-3.7568,26,-0.0381,26,-0.0843,19,-0.5064,20,-0.4947,43,0.72787,30,0.17732,23,-0.2794,36,0.61249
ENSG00000108064,TFAM,2,-3.0868,21,0.31672,39,1.34337,3,-2.3354,15,-0.1449,19,0.21854,13,-0.3652,18,0.10857,18,0.16553
ENSG00000237949,LINC00844,34,-3.0305,1433,3.12230,894,2.09400,118,-1.2088,237,-0.1703,89,-1.6316,28,-3.3005,127,-1.1055,52,-2.7684
ENSG00000165443,PHYHIPL,290,0.35217,237,0.03716,366,0.73265,343,0.62416,131,-0.9335,286,0.33200,201,-0.2176,302,0.41766,181,-0.4872
ENSG00000148541,FAM13C,62,0.54399,114,1.56520,35,-0.3434,46,0.05653,28,-0.7423,40,-0.1560,41,-0.0989,34,-0.3956,36,-0.3914
ENSG00000108091,CCDC6,2,-4.6654,33,-0.6862,33,-0.6642,11,-2.2850,64,0.36673,51,0.00323,94,0.96849,44,-0.2516,68,0.63347
ENSG00000151150,ANK3,85,-0.6977,185,0.50839,128,-0.0726,101,-0.4301,114,-0.2645,150,0.17353,104,-0.3962,166,0.33625,149,0.22183
ENSG00000150347,ARID5B,2,-3.5642,54,1.33526,28,0.29053,29,0.32531,20,-0.2413,12,-0.9647,24,0.01485,39,0.80568,19,-0.3907
ENSG00000138311,ZNF365,2,-5.2656,81,0.06649,38,-1.0699,69,-0.1737,52,-0.6525,96,0.33449,112,0.57643,75,-0.0599,108,0.74735
ENSG00000181915,ADO,55,0.27417,72,0.69457,17,-1.4950,57,0.30888,25,-0.9971,37,-0.3652,56,0.29791,53,0.20715,52,0.22834
ENSG00000148572,NRBF2,2,-3.7911,21,-0.4311,17,-0.7668,17,-0.7102,18,-0.7331,33,0.25778,38,0.50300,21,-0.4229,44,1.09666
ENSG00000171988,JMJD1C,2,-4.0279,47,0.54558,28,-0.2347,18,-0.8875,42,0.39132,49,0.62206,34,0.05829,36,0.11929,33,0.00317
ENSG00000165476,REEP3,2,-3.9783,208,3.58771,78,1.48286,0,-5.5249,27,-0.2641,9,-1.8423,6,-2.2874,19,-0.7626,8,-2.2446
ENSG00000198739,LRRTM3,2,-4.2871,2,-4.0707,33,-0.2734,80,1.14291,23,-0.8482,109,1.69097,32,-0.2928,60,0.67480,36,-0.1496
ENSG00000108176,DNAJC12,53,-0.3047,49,-0.4389,28,-1.2527,40,-0.7222,46,-0.5637,75,0.23591,132,1.15424,67,0.04190,77,0.35638
ENSG00000096717,SIRT1,2,-2.6693,27,1.20423,29,1.32642,9,-0.5642,9,-0.5033,18,0.52399,6,-1.1120,8,-0.5828,12,-0.1270
ENSG00000148634,HERC4,2,-3.7315,22,-0.2854,27,0.04836,20,-0.4288,21,-0.4045,27,0.05279,40,0.62579,24,-0.1268,35,0.62663
ENSG00000096746,HNRNPH3,49,-0.8725,159,0.97478,88,0.03583,12,-2.8428,88,0.03239,101,0.24170,79,-0.1402,81,-0.0918,95,0.18877
ENSG00000204130,RUFY2,2,-3.8707,56,0.70632,25,-0.5239,20,-0.8560,31,-0.2126,62,0.87689,55,0.68904,17,-1.1235,41,0.29090
ENSG00000122912,SLC25A16,3,-2.3436,6,-1.5163,40,1.35947,3,-2.2310,19,0.19147,18,0.11370,17,0.01440,7,-1.2885,22,0.56498
ENSG00000060339,CCAR1,2,-4.3233,49,0.31083,33,-0.2975,17,-1.3200,52,0.44863,56,0.50934,34,-0.2576,22,-0.8774,51,0.54261
ENSG00000165730,STOX1,55,1.82977,14,-0.4186,40,1.24908,0,-4.3499,26,0.60721,15,-0.3242,5,-1.8949,13,-0.5322,11,-0.9438
ENSG00000107625,DDX50,129,2.38560,22,-0.6092,13,-1.3350,14,-1.2768,22,-0.6638,39,0.30113,19,-0.7719,29,-0.1717,28,-0.2786
ENSG00000165732,DDX21,39,0.75705,39,0.76122,30,0.35322,1,-4.4375,25,0.05804,40,0.77853,19,-0.3807,15,-0.6691,20,-0.3498
ENSG00000198954,KIF1BP,2,-5.1043,68,-0.0203,47,-0.5893,106,0.68035,50,-0.5470,98,0.54506,107,0.68490,74,0.09495,75,0.16401
ENSG00000122862,SRGN,79,1.95331,27,0.16914,53,1.24146,16,-0.6000,48,1.23725,7,-1.8181,3,-3.1362,2,-3.1621,9,-1.8185
ENSG00000122958,VPS26A,114,0.86211,69,0.06665,39,-0.8071,92,0.51711,45,-0.6455,54,-0.3228,83,0.35258,68,0.04526,64,-0.0923
ENSG00000156502,SUPV3L1,2,-3.2155,12,-0.6425,5,-1.8377,3,-2.4913,13,-0.5939,28,0.64398,25,0.47798,27,0.61888,28,0.95526
ENSG00000156515,HK1,202,-0.2095,18,-3.7510,87,-1.4723,308,0.45413,157,-0.6322,329,0.55983,385,0.81926,319,0.51068,260,0.25328
ENSG00000099282,TSPAN15,2,-3.4430,183,4.38914,39,0.93055,0,-4.9923,13,-0.7724,8,-1.3780,5,-2.0863,1,-4.0103,4,-2.6714
ENSG00000171224,FAM241B,23,-0.9115,5,-3.1210,6,-2.8216,37,-0.2252,31,-0.5135,27,-0.7149,104,1.45159,44,0.03464,62,0.84738
ENSG00000099284,H2AFY2,2,-2.6649,6,-1.0564,13,0.03167,27,1.22589,8,-0.6648,12,-0.0650,9,-0.5486,25,1.10190,13,0.11283
ENSG00000079332,SAR1A,2,-5.2371,97,0.32676,57,-0.4821,141,0.93303,78,-0.0048,81,0.04296,80,0.03595,102,0.40816,76,-0.0604
ENSG00000180817,PPA1,46,-2.3702,253,0.17823,162,-0.5140,309,0.49567,181,-0.3703,250,0.15781,318,0.54400,217,-0.0598,255,0.25747
ENSG00000172731,LRRC20,5,-1.9579,4,-2.5217,33,0.67206,2,-3.3921,22,0.03293,33,0.65504,31,0.59821,19,-0.1531,27,0.49437
ENSG00000148730,EIF4EBP2,95,1.06114,46,-0.1147,121,1.48339,16,-1.6360,61,0.38840,45,-0.1443,19,-1.4317,24,-1.0456,37,-0.5392
ENSG00000166224,SGPL1,2,-2.5634,28,1.42505,32,1.63621,3,-2.0152,12,0.01422,12,-0.0007,4,-1.4032,13,0.17483,9,-0.5834
ENSG00000166228,PCBD1,38,-0.7487,33,-0.9806,139,1.30105,129,1.16791,65,0.05250,70,0.17285,38,-0.7478,112,0.93244,31,-1.2750
ENSG00000107731,UNC5B,2,-2.4861,79,3.76658,11,-0.0397,0,-4.0421,15,0.54336,3,-1.6196,1,-3.1670,6,-0.8652,3,-2.2567
ENSG00000107738,VSIR,2,-4.4091,30,-0.5215,207,2.81388,67,0.71553,62,0.64654,15,-1.5975,11,-2.0284,19,-1.2005,20,-1.3551
ENSG00000197746,PSAP,945,-0.3960,1212,-0.0114,1922,0.72464,1472,0.29446,854,-0.5930,1493,0.31672,1392,0.20548,1387,0.19981,1086,-0.2380
ENSG00000107742,SPOCK2,59,-1.9234,27,-3.0357,233,0.13929,407,1.04380,205,-0.0711,265,0.34360,182,-0.2484,354,0.81213,209,-0.0428
ENSG00000138303,ASCC1,2,-3.4976,47,1.17690,51,1.33002,1,-4.4949,17,-0.4584,13,-0.7883,20,-0.2171,51,1.32715,19,-0.3804
ENSG00000166295,ANAPC16,95,0.44301,72,0.02115,92,0.39041,138,1.05854,69,-0.0598,49,-0.5745,57,-0.3570,49,-0.5823,60,-0.3497
ENSG00000168209,DDIT4,2,-4.5089,83,0.94142,187,2.43212,71,0.69371,40,-0.2412,37,-0.3387,6,-2.8516,39,-0.2340,23,-1.2582
ENSG00000148719,DNAJB12,41,0.64181,44,0.74845,22,-0.3299,27,-0.0074,22,-0.3503,35,0.35846,26,-0.1089,16,-0.8364,26,-0.1517
ENSG00000107745,MICU1,148,1.03209,55,-0.5270,34,-1.2403,77,-0.0086,42,-1.0087,70,-0.1709,98,0.36038,55,-0.5251,98,0.50024
ENSG00000156026,MCU,2,-2.3587,7,-0.5058,0,-6.4944,8,-0.2536,6,-0.7971,11,0.07719,18,0.92121,8,-0.2990,16,1.09523
ENSG00000122884,P4HA1,2,-3.0929,38,1.30383,59,2.08690,13,-0.4176,18,0.07960,5,-1.6309,5,-1.6441,13,-0.3627,12,-0.6117
ENSG00000122882,ECD,2,-3.0609,26,0.72666,29,0.85729,5,-1.7759,11,-0.6266,18,0.11636,19,0.22319,7,-1.2927,22,0.61047
ENSG00000138286,FAM149B1,2,-3.0238,24,0.64230,27,0.82954,57,2.13152,14,-0.2111,10,-0.6463,16,-0.0403,7,-1.2814,9,-0.9799
ENSG00000213551,DNAJC9,2,-3.1379,17,-0.0679,14,-0.3582,1,-4.0577,15,-0.2022,21,0.24973,8,-1.1262,41,1.39323,23,0.63278
ENSG00000182180,MRPS16,43,-0.0597,54,0.30329,52,0.24885,21,-1.1339,44,-0.0050,41,-0.1237,64,0.57164,35,-0.3593,45,0.01831
ENSG00000156042,CFAP70,55,0.05012,43,-0.3337,44,-0.3009,33,-0.7425,53,-0.0061,55,0.03890,73,0.49187,51,-0.0853,59,0.19930
ENSG00000138279,ANXA7,84,-0.8582,117,-0.3605,83,-0.8748,185,0.36083,94,-0.7416,178,0.29668,167,0.19207,305,1.18117,152,0.07038
ENSG00000107758,PPP3CB,123,-1.2604,47,-2.6647,156,-0.9009,283,0.00965,180,-0.7399,581,1.17589,485,0.87038,383,0.48590,311,0.21272
ENSG00000166348,USP54,2,-3.5064,131,3.05958,37,0.68430,3,-2.8068,34,0.62263,6,-1.9379,10,-1.2953,11,-1.1701,11,-1.3974
ENSG00000176986,SEC24C,26,-0.1771,38,0.39936,18,-0.7084,10,-1.6447,26,-0.2138,30,0.03687,37,0.36573,24,-0.2950,36,0.48199
ENSG00000196968,FUT11,2,-2.3529,15,0.60761,4,-1.3655,0,-3.9103,14,0.60286,4,-1.1819,10,-0.0477,6,-0.6765,15,0.92967
ENSG00000172586,CHCHD1,55,-0.6302,45,-0.9226,101,0.31288,50,-0.7721,81,-0.0310,75,-0.1512,102,0.33445,98,0.26918,97,0.33523
ENSG00000214655,ZSWIM8,2,-3.7422,31,0.23964,14,-0.9647,57,1.22902,22,-0.3030,35,0.40579,24,-0.1744,25,-0.0773,29,0.14846
ENSG00000166507,NDST2,80,1.82303,13,-1.0332,27,-0.0017,24,-0.1665,26,-0.0201,23,-0.2353,17,-0.6925,4,-2.7789,27,0.00233
ENSG00000148660,CAMK2G,2,-6.2796,56,-1.5521,160,0.02199,206,0.41340,144,-0.1632,398,1.52141,185,0.24381,201,0.37419,140,-0.2404
ENSG00000035403,VCL,2,-3.0418,13,-0.3166,31,1.01308,24,0.59685,15,-0.1175,15,-0.1159,18,0.13750,4,-2.1079,19,0.29892
ENSG00000185009,AP3M1,2,-3.0126,30,1.01889,11,-0.5457,20,0.35874,16,0.02037,18,0.18306,28,0.90432,6,-1.3401,15,-0.1510
ENSG00000156110,ADK,2,-3.7554,24,-0.1809,44,0.76863,15,-0.9381,23,-0.3144,37,0.49408,23,-0.2420,27,0.00955,34,0.48547
ENSG00000156650,KAT6B,2,-3.4958,40,0.90600,29,0.38616,31,0.51684,42,1.12422,38,0.83722,14,-0.7602,7,-1.6803,12,-1.1465
ENSG00000156671,SAMD8,38,-0.1757,72,0.82079,37,-0.2053,21,-1.0843,40,-0.1239,48,0.19186,44,0.03646,47,0.14333,42,-0.0193
ENSG00000165637,VDAC2,19,-3.3637,117,-0.7018,167,-0.1543,158,-0.2417,142,-0.4301,225,0.31279,309,0.82731,168,-0.1465,238,0.56214
ENSG00000165655,ZNF503,2,-2.9883,3,-2.3057,36,1.34407,0,-4.3530,23,0.69604,74,2.72677,12,-0.3790,4,-2.0554,6,-1.5544
ENSG00000156113,KCNMA1,154,0.66431,17,-2.6478,51,-1.0390,89,-0.1996,84,-0.3134,131,0.41188,117,0.22572,112,0.15956,119,0.35362
ENSG00000151208,DLG5,42,1.71667,14,-0.0424,19,0.43563,0,-4.4426,10,-0.6481,40,1.61882,9,-0.6707,7,-1.1396,10,-0.7320
ENSG00000148606,POLR3A,2,-3.9883,11,-1.5671,11,-1.6261,85,1.61581,20,-0.7825,65,1.15168,46,0.56506,18,-0.8573,34,0.16222
ENSG00000138326,RPS24,1155,0.14700,1724,0.79202,1520,0.58511,893,-0.2533,1309,0.38083,763,-0.4957,616,-0.8213,1103,0.07488,820,-0.4929
ENSG00000108175,ZMIZ1,52,-0.4076,54,-0.3375,58,-0.2394,43,-0.6918,66,-0.0507,162,1.43736,56,-0.2778,70,0.05828,63,-0.1469
ENSG00000108179,PPIF,61,0.27819,115,1.31848,78,0.66995,17,-1.6261,44,-0.2675,43,-0.2621,70,0.50468,32,-0.7297,40,-0.4692
ENSG00000165424,ZCCHC24,2,-5.1530,342,2.78974,180,1.51976,42,-0.8135,81,0.20801,33,-1.1911,11,-2.7850,28,-1.4185,33,-1.4134
ENSG00000225484,NUTM2B-AS1,7,-0.6831,11,0.09303,14,0.40485,0,-3.9938,8,-0.3913,13,0.28443,22,1.12012,4,-1.2761,13,0.36455
ENSG00000133678,TMEM254,2,-3.1564,22,0.36090,12,-0.5377,4,-2.2393,13,-0.5556,35,1.07575,15,-0.2138,32,0.94335,21,0.32599
ENSG00000189129,PLAC9,2,-2.7407,3,-1.8686,28,1.17130,0,-4.2007,26,1.24781,22,0.79659,0,-4.4984,11,-0.2663,13,-0.0090
ENSG00000122359,ANXA11,55,-0.7471,16,-2.5205,37,-1.3524,40,-1.2355,65,-0.5245,97,0.11970,159,0.91601,86,-0.0619,137,0.98244
ENSG00000122378,PRXL2A,23,-3.2648,146,-0.5327,348,0.83563,211,0.03491,241,0.26520,322,0.70908,242,0.24747,236,0.20705,169,-0.4010
ENSG00000108219,TSPAN14,2,-3.9954,30,-0.0737,47,0.60501,39,0.32042,31,-0.0461,40,0.36237,35,0.15529,28,-0.1750,33,0.04604
ENSG00000185737,NRG3,2,-3.7939,4,-2.6563,9,-1.5919,12,-1.2467,20,-0.5375,55,1.10667,41,0.59944,51,0.97627,37,0.60731
ENSG00000165678,GHITM,359,-0.4559,132,-1.9552,219,-1.2010,730,0.65827,306,-0.7470,564,0.24567,818,0.84666,742,0.68529,524,0.17633
ENSG00000107771,CCSER2,56,-0.4602,82,0.12802,91,0.28993,53,-0.5424,72,-0.0930,84,0.15429,92,0.31169,83,0.14894,75,-0.0249
ENSG00000182771,GRID1,8,-1.3497,28,0.50263,22,0.13189,1,-3.9792,21,0.03473,21,0.01854,16,-0.3136,35,0.84505,23,0.25093
ENSG00000062650,WAPL,2,-3.2932,30,0.67515,40,1.14049,32,0.79009,19,-0.0319,16,-0.3097,18,-0.0968,19,-0.0753,15,-0.5455
ENSG00000122367,LDB3,2,-3.1281,109,3.42747,40,1.32526,0,-4.6647,19,0.15159,30,0.88083,4,-2.1092,0,-5.4547,1,-4.4526
ENSG00000107779,BMPR1A,32,0.48127,22,-0.1253,21,-0.1400,88,2.24963,14,-0.8320,25,0.09375,7,-1.6836,14,-0.7272,17,-0.6297
ENSG00000173267,SNCG,308,-0.7021,35,-3.8773,111,-2.2220,448,-0.1273,428,-0.2131,254,-0.9919,1217,1.51591,531,0.13734,640,0.61491
ENSG00000148671,ADIRF,101,-0.2586,107,-0.1720,410,2.10328,55,-1.1864,253,1.41248,42,-1.5567,40,-1.6539,55,-1.1723,59,-1.3114
ENSG00000148672,GLUD1,3,-6.1883,162,-0.4125,698,2.02537,147,-0.5642,322,0.75029,216,0.03416,160,-0.4263,116,-0.9191,151,-0.6573
ENSG00000223482,NUTM2A-AS1,85,2.36381,21,-0.0435,31,0.57913,9,-1.2584,11,-1.0704,32,0.63658,11,-0.9338,16,-0.4367,13,-0.9553
ENSG00000138138,ATAD1,79,0.10124,36,-1.0991,97,0.40961,72,-0.0438,41,-0.9485,90,0.28996,75,0.00195,119,0.75159,79,0.13136
ENSG00000171862,PTEN,205,1.14236,43,-1.2799,59,-0.8129,87,-0.2237,74,-0.5122,108,0.11058,91,-0.1619,127,0.35970,111,0.20024
ENSG00000138134,STAMBPL1,90,2.23840,2,-3.4151,12,-0.9918,43,0.93112,17,-0.5866,34,0.55518,24,-0.0363,6,-2.0492,17,-0.6501
ENSG00000107798,LIPA,68,0.06216,320,2.85609,140,1.24865,11,-2.5687,44,-0.6369,43,-0.6213,74,0.20650,22,-1.5937,19,-2.1015
ENSG00000119922,IFIT2,36,1.52618,44,1.88015,40,1.69281,0,-4.3015,8,-0.8865,9,-0.6433,11,-0.4248,11,-0.4178,4,-2.0340
ENSG00000119917,IFIT3,2,-3.4565,28,0.37254,53,1.44625,32,0.60387,25,0.25384,9,-1.3006,23,0.10970,47,1.23171,10,-1.4424
ENSG00000185745,IFIT1,2,-4.9462,44,-0.5417,61,-0.0247,125,1.12750,43,-0.5907,97,0.71354,92,0.62753,70,0.19838,57,-0.1631
ENSG00000152778,IFIT5,39,0.70475,36,0.57573,46,0.96281,36,0.54546,18,-0.5659,12,-1.1244,21,-0.2644,18,-0.4955,21,-0.3776
ENSG00000148688,RPP30,131,2.19165,27,-0.4314,17,-1.1366,55,0.65470,18,-1.0758,31,-0.2595,36,0.00757,20,-0.8953,29,-0.4233
ENSG00000180628,PCGF5,49,-0.6154,80,0.14861,117,0.75506,109,0.63178,69,-0.1015,49,-0.6037,42,-0.8471,95,0.41418,68,-0.1564
ENSG00000165338,HECTD2,2,-3.5039,5,-2.2651,0,-8.3484,67,1.78854,11,-1.1949,47,1.18235,36,0.74692,10,-1.2377,27,0.35506
ENSG00000119938,PPP1R3C,14,-0.7521,10,-1.2526,85,2.17976,26,0.16520,39,0.89031,4,-2.4599,10,-1.2505,13,-0.8321,16,-0.7071
ENSG00000107854,TNKS2,124,1.12264,55,-0.1647,95,0.68980,73,0.26682,33,-1.0250,73,0.25874,59,-0.0636,37,-0.7666,55,-0.2331
ENSG00000107864,CPEB3,4,-3.5189,12,-2.0060,22,-1.1166,67,0.59688,32,-0.5845,49,0.08902,40,-0.2141,58,0.37042,70,0.99481
ENSG00000198060,MARCH5,54,0.72835,30,-0.2053,25,-0.4559,21,-0.7108,28,-0.3207,53,0.70151,39,0.22706,34,0.01642,32,-0.1041
ENSG00000138190,EXOC6,53,0.79080,4,-2.8752,21,-0.6774,48,0.63763,18,-0.9640,57,0.89544,41,0.38384,16,-1.0709,36,0.23085
ENSG00000138207,RBP4,44,-1.3262,6,-4.1723,7,-4.0163,591,3.14272,28,-2.0879,21,-2.4290,72,-0.6039,53,-1.0765,135,0.51190
ENSG00000148690,FRA10AC1,12,-2.3985,90,0.64741,91,0.66776,35,-0.8008,67,0.19434,57,-0.0772,48,-0.3520,66,0.14451,61,0.05169
ENSG00000108231,LGI1,57,-0.1714,10,-2.7219,95,0.61588,32,-1.0551,44,-0.6180,122,1.03097,72,0.18542,90,0.52841,67,0.09268
ENSG00000108239,TBC1D12,2,-3.1486,112,3.33836,26,0.51664,1,-3.9540,15,-0.3601,12,-0.6889,10,-0.8375,3,-2.3674,11,-0.9429
ENSG00000095637,SORBS1,5,-3.7574,74,0.18098,149,1.32524,69,0.07784,64,-0.0527,110,0.81674,63,-0.0616,35,-0.9779,56,-0.3219
ENSG00000059573,ALDH18A1,2,-3.0450,9,-0.8156,22,0.45902,40,1.45270,15,-0.1739,16,-0.0082,27,0.80262,1,-3.6566,16,-0.0013
ENSG00000119977,TCTN3,2,-2.9259,16,0.08554,14,-0.0623,0,-4.4765,19,0.41336,20,0.41205,18,0.23244,5,-1.4773,21,0.68818
ENSG00000177853,ZNF518A,70,2.23494,25,0.42708,17,-0.1036,47,1.51736,13,-0.6122,20,0.07394,5,-1.9516,8,-1.2906,6,-1.8181
ENSG00000197430,OPALIN,34,-1.5600,595,3.45306,220,1.36424,49,-1.0235,80,-0.3005,53,-0.8861,18,-2.4975,37,-1.4341,19,-2.7223
ENSG00000077147,TM9SF3,2,-5.7470,133,0.31677,150,0.51025,33,-1.7959,86,-0.3910,114,0.08344,101,-0.1147,211,1.07290,124,0.28546
ENSG00000196233,LCOR,19,-0.3978,39,0.70872,13,-0.9220,84,2.04998,16,-0.7124,29,0.22214,9,-1.4834,15,-0.7270,21,-0.3645
ENSG00000187122,SLIT1,100,-0.6083,11,-3.7554,30,-2.3814,154,0.05369,102,-0.6231,433,1.78001,173,0.23085,129,-0.2269,176,0.35886
ENSG00000052749,RRP12,22,0.32035,7,-1.4204,11,-0.7624,0,-4.7319,14,-0.4004,19,0.06606,34,0.99061,20,0.17405,23,0.56265
ENSG00000171314,PGAM1,566,-0.1254,201,-1.6861,398,-0.6654,758,0.33253,431,-0.5873,652,0.09436,1035,0.83761,537,-0.2084,743,0.41667
ENSG00000171311,EXOSC1,2,-3.6782,23,-0.1682,18,-0.5526,75,1.78823,18,-0.5891,21,-0.2840,33,0.38606,4,-2.7213,30,0.36895
ENSG00000171307,ZDHHC16,48,1.05597,12,-1.0309,24,-0.0158,9,-1.4635,11,-1.3133,32,0.41809,45,0.98181,17,-0.5427,27,0.23783
ENSG00000155229,MMS19,92,1.18130,25,-0.8469,20,-1.2113,117,1.61032,25,-0.8891,36,-0.3033,50,0.18872,33,-0.4410,37,-0.3242
ENSG00000171160,MORN4,23,-0.6564,10,-1.8130,24,-0.6161,89,1.48353,27,-0.4784,39,0.12045,20,-0.8899,21,-0.8324,47,0.58390
ENSG00000155252,PI4K2A,2,-4.0807,13,-1.4335,19,-0.8874,44,0.41682,23,-0.6012,44,0.40183,31,-0.1383,43,0.38851,49,0.86297
ENSG00000119986,AVPI1,2,-3.3814,21,-0.0171,23,0.12478,43,1.17028,17,-0.3398,18,-0.1865,19,-0.1723,18,-0.2455,23,0.25385
ENSG00000155256,ZFYVE27,14,-1.3478,12,-1.4782,25,-0.4547,22,-0.6244,26,-0.4531,47,0.53355,36,0.12521,62,0.98172,42,0.47066
ENSG00000155265,GOLGA7B,2,-4.6261,8,-2.6747,59,0.25774,6,-3.1323,34,-0.5980,73,0.61932,43,-0.2328,83,0.82065,76,0.98786
ENSG00000095713,CRTAC1,2,-4.0304,12,-1.5115,19,-0.7858,155,2.75473,18,-0.9828,44,0.45258,8,-2.0839,48,0.61126,26,-0.4801
ENSG00000107521,HPS1,2,-3.4564,23,0.10548,17,-0.3781,1,-4.5734,25,0.25088,22,-0.0057,17,-0.4207,27,0.31762,31,0.81757
ENSG00000119946,CNNM1,2,-3.5978,2,-3.3103,11,-1.1180,1,-4.6187,19,-0.4349,48,1.10942,26,0.13238,51,1.20421,34,0.75596
ENSG00000120053,GOT1,205,-0.4664,58,-2.3370,190,-0.5780,140,-1.0436,163,-0.8611,351,0.37434,494,0.93340,244,-0.1960,397,0.83127
ENSG00000155287,SLC25A28,64,0.91262,40,0.16681,26,-0.5084,57,0.72393,21,-0.8444,53,0.60387,22,-0.7277,24,-0.6420,35,-0.0554
ENSG00000119929,CUTC,2,-2.8671,35,1.40194,24,0.77261,0,-4.4199,17,0.24952,10,-0.6092,17,0.27341,6,-1.1680,15,0.10191
ENSG00000014919,COX15,2,-3.0862,16,-0.1215,22,0.37972,2,-2.7768,17,0.04955,12,-0.4975,15,-0.1475,19,0.19413,24,0.81136
ENSG00000107566,ERLIN1,2,-2.4853,9,-0.2317,15,0.50090,0,-4.0341,4,-1.4701,25,1.32993,14,0.36332,10,-0.1274,15,0.62114
ENSG00000213341,CHUK,129,3.16089,17,-0.4520,40,0.89389,0,-5.0658,7,-1.8175,17,-0.4773,25,0.15711,1,-3.9706,13,-0.9872
ENSG00000095485,CWF19L1,2,-2.7740,15,-0.0606,13,-0.2624,7,-1.1775,10,-0.7236,11,-0.4539,5,-1.6039,29,0.95497,25,1.11907
ENSG00000196072,BLOC1S2,2,-5.1724,60,-0.3019,50,-0.5806,65,-0.1752,71,-0.0271,67,-0.1249,138,1.02735,54,-0.4583,92,0.51295
ENSG00000099194,SCD,187,-1.5347,2379,2.71763,1102,1.23525,234,-1.2049,596,0.24847,366,-0.5293,164,-1.7274,284,-0.9169,201,-1.7039
ENSG00000235823,OLMALINC,2,-3.6400,125,2.84906,65,1.54819,13,-1.0348,28,0.18273,13,-1.0239,12,-1.1123,2,-3.6841,10,-1.5833
ENSG00000166136,NDUFB8,555,0.41479,323,-0.4283,280,-0.6475,451,0.08560,469,0.16084,348,-0.3144,586,0.50326,372,-0.2144,424,-0.0144
ENSG00000166135,HIF1AN,2,-3.0200,13,-0.3330,7,-1.1477,28,0.89258,17,0.08769,23,0.54466,23,0.56714,7,-1.3087,18,0.24378
ENSG00000119906,SLF2,2,-3.6465,73,1.76186,37,0.63070,10,-1.3626,29,0.23209,41,0.78340,14,-0.8722,19,-0.4495,18,-0.6151
ENSG00000055950,MRPL43,18,-1.8158,133,1.27714,70,0.21454,41,-0.6069,58,-0.0691,62,0.02992,54,-0.1895,32,-0.9867,66,0.17578
ENSG00000107816,LZTS2,2,-3.8723,110,2.26316,52,0.90206,7,-2.0406,30,0.01510,22,-0.4067,25,-0.2712,40,0.46813,16,-1.1003
ENSG00000186862,PDZD7,2,-2.7092,3,-1.9614,0,-7.5603,16,0.37407,13,0.00247,11,-0.2654,27,1.17107,6,-1.0833,19,0.90261
ENSG00000107819,SFXN3,2,-4.3071,34,-0.2381,15,-1.4157,18,-1.1791,26,-0.6756,65,0.77857,46,0.21701,46,0.24376,59,0.93074
ENSG00000166167,BTRC,2,-4.8262,16,-1.8497,10,-2.5224,70,0.32823,43,-0.4603,85,0.63618,75,0.43707,77,0.47782,80,0.75565
ENSG00000166171,DPCD,2,-4.1171,12,-1.5537,20,-0.8166,6,-2.6290,33,-0.0995,49,0.52215,56,0.74712,32,-0.1090,53,0.95459
ENSG00000166169,POLL,2,-2.9002,11,-0.5026,16,0.14892,50,2.02780,11,-0.4163,14,-0.0375,26,0.89542,4,-1.9361,12,-0.4563
ENSG00000107829,FBXW4,2,-4.2034,60,0.76191,33,-0.1762,51,0.51224,50,0.53790,27,-0.5026,18,-1.1145,77,1.18152,28,-0.5221
ENSG00000107833,NPM3,2,-2.8456,5,-1.5040,7,-0.9601,5,-1.6169,20,0.62637,40,1.70242,17,0.24747,4,-1.6619,16,0.24048
ENSG00000198408,OGA,46,-1.5866,68,-1.0196,111,-0.2815,121,-0.1440,101,-0.4548,185,0.51984,181,0.48026,135,0.02452,170,0.54340
ENSG00000120049,KCNIP2,2,-3.9813,5,-2.7252,11,-1.5306,35,0.15969,34,0.13726,21,-0.6382,26,-0.3101,35,0.13589,52,1.19751
ENSG00000120029,ARMH3,2,-3.0242,16,0.00455,7,-1.2251,39,1.40720,12,-0.4300,13,-0.3354,21,0.40006,10,-0.7229,19,0.39775
ENSG00000166189,HPS6,2,-2.5337,9,-0.3612,1,-3.3269,1,-2.8921,9,-0.4339,21,0.95350,23,1.11763,12,0.09192,15,0.66430
ENSG00000148840,PPRC1,2,-2.4401,6,-0.7499,0,-6.1754,18,0.78583,7,-0.6058,11,0.00195,17,0.71167,12,0.18528,15,0.70729
ENSG00000166197,NOLC1,2,-4.8341,40,-0.5469,66,0.23030,34,-0.7831,51,-0.2044,70,0.32092,82,0.56902,103,0.93090,62,0.14954
ENSG00000107862,GBF1,4,-3.5584,17,-1.4539,37,-0.2656,24,-0.8919,37,-0.2845,52,0.25084,58,0.42700,63,0.56410,61,0.73449
ENSG00000059915,PSD,127,-0.6967,20,-3.4217,125,-0.7235,73,-1.5212,261,0.46616,324,0.77248,198,-0.0127,169,-0.2574,260,0.58677
ENSG00000107872,FBXL15,2,-5.1139,23,-1.6424,50,-0.5035,80,0.22376,80,0.22974,75,0.11225,72,0.05252,71,0.01923,93,0.65439
ENSG00000107874,CUEDC2,44,-1.3413,121,0.19721,79,-0.4591,98,-0.1271,92,-0.2585,89,-0.2877,122,0.20274,181,0.84215,118,0.21025
ENSG00000269609,RPARP-AS1,2,-3.0532,7,-1.1574,16,-0.0511,24,0.56522,15,-0.1624,19,0.20175,16,-0.0775,12,-0.4447,22,0.65519
ENSG00000138111,MFSD13A,2,-3.1173,7,-1.3702,7,-1.3578,4,-2.2069,18,0.10735,16,-0.0746,33,1.02178,8,-1.0440,28,1.10855
ENSG00000138107,ACTR1A,163,0.23496,91,-0.6703,143,0.02993,143,0.03529,93,-0.6843,152,0.12523,204,0.59710,168,0.28031,144,0.04939
ENSG00000171206,TRIM8,44,-0.6744,65,-0.0868,184,1.62658,24,-1.5777,77,0.19014,59,-0.2328,53,-0.4096,115,0.81642,49,-0.6494
ENSG00000138175,ARL3,13,-3.0335,67,-0.6724,142,0.48122,118,0.18315,112,0.10958,114,0.13347,143,0.49491,52,-1.0643,122,0.33000
ENSG00000166272,WBP1L,2,-3.7283,27,0.02134,49,0.98447,35,0.41264,23,-0.2452,9,-1.5769,27,0.01219,21,-0.3383,32,0.43203
ENSG00000166275,BORCS7,38,-0.9788,69,-0.0839,85,0.23879,95,0.41074,55,-0.4670,68,-0.1102,74,0.01097,68,-0.1160,86,0.34297
ENSG00000148842,CNNM2,2,-3.3597,15,-0.4437,13,-0.7213,37,0.93944,22,0.14428,34,0.82226,25,0.33744,10,-1.0447,21,0.07233
ENSG00000076685,NT5C2,40,0.28105,33,-0.0397,32,-0.0974,63,0.98761,33,-0.0379,40,0.27205,41,0.29293,33,-0.0522,23,-0.7408
ENSG00000148798,INA,51,-1.7714,12,-3.8662,47,-1.8887,199,0.28190,118,-0.5639,128,-0.4041,293,0.90988,139,-0.2747,264,1.10008
ENSG00000173915,ATP5MD,587,-0.7295,482,-1.0264,533,-0.8770,900,-0.0750,1005,0.10759,826,-0.2083,1426,0.65757,1379,0.60212,1033,0.19091
ENSG00000148843,PDCD11,2,-2.8330,8,-0.8811,24,0.83057,28,1.10841,11,-0.3685,18,0.39652,20,0.56015,16,0.16494,11,-0.4412
ENSG00000107954,NEURL1,2,-4.7914,5,-3.3537,4,-3.8159,48,-0.2238,57,0.02840,67,0.30003,59,0.08922,78,0.52079,87,1.04708
ENSG00000107957,SH3PXD2A,2,-4.1145,58,0.75807,30,-0.2790,41,0.22056,33,-0.1179,53,0.60033,44,0.32690,13,-1.4981,40,0.21272
ENSG00000065613,SLK,2,-4.1718,48,0.44376,75,1.17701,9,-1.9751,27,-0.4807,39,0.12339,22,-0.7438,16,-1.2066,51,0.78414
ENSG00000148834,GSTO1,100,-0.5844,139,-0.0827,160,0.12976,45,-1.7883,125,-0.2665,84,-0.8461,201,0.49500,165,0.18208,191,0.58622
ENSG00000156395,SORCS3,2,-3.8429,1,-4.0751,12,-1.2753,0,-5.1930,14,-1.1014,90,1.91391,34,0.28239,64,1.29163,35,0.43415
ENSG00000108018,SORCS1,45,1.07928,0,-10.137,0,-8.3774,0,-5.0820,12,-1.0801,6,-2.0030,53,1.34085,39,0.82898,34,0.84953
ENSG00000108039,XPNPEP1,13,-1.2341,25,-0.2357,15,-0.9503,27,-0.1322,26,-0.1956,37,0.36366,45,0.69154,25,-0.2140,35,0.39091
ENSG00000148700,ADD3,3,-5.6882,474,1.83177,497,1.92040,106,-0.6170,182,0.23682,125,-0.3753,26,-2.6604,115,-0.5011,89,-1.0887
ENSG00000119950,MXI1,2,-4.9838,185,1.77946,153,1.43506,29,-1.1622,69,0.12271,44,-0.5501,23,-1.5121,49,-0.3993,51,-0.4287
ENSG00000119953,SMNDC1,2,-3.1783,19,0.10426,28,0.68076,15,-0.2288,19,0.13270,24,0.42354,17,-0.0591,23,0.35685,17,-0.1414
ENSG00000108055,SMC3,2,-3.6820,67,1.57994,43,0.83166,14,-0.8842,29,0.21187,34,0.43709,15,-0.7576,18,-0.5353,20,-0.4531
ENSG00000150593,PDCD4,104,1.63379,60,0.70005,18,-1.1697,5,-2.9211,37,-0.0734,32,-0.2848,15,-1.3917,32,-0.2684,40,0.09469
ENSG00000214413,BBIP1,2,-3.8858,70,1.38831,54,0.95412,9,-1.7678,31,0.05925,31,0.07100,23,-0.4110,22,-0.4297,28,-0.0840
ENSG00000108061,SHOC2,72,0.10084,23,-1.6359,51,-0.4311,67,0.00355,49,-0.5219,104,0.68867,58,-0.2197,50,-0.4449,88,0.59263
ENSG00000150594,ADRA2A,2,-2.4901,0,-5.0308,0,-7.3448,0,-3.8986,5,-1.3157,14,0.40272,2,-2.2320,1,-2.9573,29,3.00791
ENSG00000119927,GPAM,39,1.04949,16,-0.3091,36,0.93217,16,-0.3048,29,0.60366,9,-1.2023,6,-1.7864,12,-0.7973,18,-0.2744
ENSG00000023041,ZDHHC6,2,-3.5730,17,-0.4828,15,-0.7161,32,0.45302,14,-0.7927,28,0.24592,24,0.02765,49,1.17291,28,0.36931
ENSG00000260917,AL158212.3,2,-2.2738,10,0.12246,13,0.47637,3,-1.7056,16,0.90547,17,0.88211,8,-0.2630,2,-2.1846,9,-0.0459
ENSG00000148737,TCF7L2,101,3.07563,12,-0.6228,48,1.55022,4,-2.0493,12,-0.6213,6,-1.6109,8,-1.2361,3,-2.6969,8,-1.4371
ENSG00000196865,NHLRC2,2,-2.2555,24,1.49563,17,0.95793,4,-1.1056,7,-0.5480,7,-0.3363,19,1.11775,1,-2.5566,8,-0.2189
ENSG00000043591,ADRB1,2,-2.8884,1,-3.2575,11,-0.4285,1,-3.1202,15,-0.0049,6,-1.1778,28,1.03187,9,-0.6719,26,1.33295
ENSG00000165813,CCDC186,2,-3.6502,20,-0.3642,29,0.21124,42,0.81444,23,-0.1362,38,0.62350,26,0.05926,16,-0.7286,27,0.16970
ENSG00000169129,AFAP1L2,11,-0.2805,8,-0.7700,9,-0.6016,8,-0.7420,16,0.25092,4,-1.6932,24,0.88546,4,-1.7314,19,0.75625
ENSG00000099204,ABLIM1,82,0.27277,60,-0.2196,169,1.47691,29,-1.2759,82,0.30544,27,-1.3993,19,-1.9110,72,0.08397,68,-0.0301
ENSG00000151553,FAM160B1,137,2.35783,12,-1.6246,25,-0.4923,3,-3.6478,15,-1.2958,45,0.39528,35,0.02033,19,-0.8812,37,0.10171
ENSG00000165832,TRUB1,2,-4.0403,16,-1.1235,12,-1.4896,14,-1.3038,31,-0.0950,50,0.65141,61,0.98130,36,0.13360,44,0.64726
ENSG00000107518,ATRNL1,204,1.33174,5,-4.0307,5,-4.0502,40,-1.2159,47,-1.0645,37,-1.3596,174,1.05534,82,-0.1544,133,0.89904
ENSG00000151892,GFRA1,34,1.06946,8,-1.1900,30,0.85986,17,-0.0420,38,1.40421,55,1.89884,0,-4.9293,3,-2.2846,1,-3.9398
ENSG00000165868,HSPA12A,160,-0.0523,37,-2.2426,66,-1.3815,139,-0.2678,109,-0.6893,240,0.58710,259,0.70998,183,0.15726,213,0.55486
ENSG00000187164,SHTN1,16,-3.1484,477,2.10735,165,0.27648,195,0.53677,97,-0.5912,102,-0.4745,100,-0.4953,117,-0.2660,109,-0.4769
ENSG00000165650,PDZD8,22,-0.9569,60,0.57107,74,0.90589,67,0.74160,34,-0.3323,40,-0.0733,31,-0.4876,32,-0.4117,38,-0.2163
ENSG00000229847,EMX2OS,2,-2.6599,17,0.49577,17,0.48268,0,-4.1949,34,1.93586,2,-2.5569,1,-3.4138,13,0.04593,11,-0.3255
ENSG00000170370,EMX2,2,-3.6591,44,0.78026,98,2.19754,11,-1.2760,41,0.75618,12,-1.2347,2,-3.5894,12,-1.1877,22,-0.4371
ENSG00000107560,RAB11FIP2,2,-4.7989,38,-0.6040,52,-0.1142,33,-0.7875,45,-0.3516,81,0.58895,51,-0.1316,58,0.06559,80,0.82494
ENSG00000165669,FAM204A,69,0.09817,51,-0.3850,90,0.50842,9,-2.9059,55,-0.2866,56,-0.2408,41,-0.7104,105,0.75940,79,0.42351
ENSG00000151893,CACUL1,50,0.47039,24,-0.6757,25,-0.5800,53,0.57912,39,0.08414,46,0.35290,35,-0.0916,21,-0.8331,37,0.00479
ENSG00000107581,EIF3A,108,0.17496,113,0.24971,103,0.10088,58,-0.7746,89,-0.1255,100,0.06332,104,0.12405,106,0.15265,95,-0.0224
ENSG00000119979,DENND10,38,-0.3859,34,-0.5857,56,0.19847,63,0.37531,56,0.22423,52,0.07094,36,-0.4943,42,-0.2293,52,0.11365
ENSG00000183605,SFXN4,2,-2.6276,18,0.63287,6,-1.0895,9,-0.4632,13,0.07993,15,0.34212,13,0.09482,6,-1.0573,16,0.58866
ENSG00000165672,PRDX3,3,-5.1316,96,-0.4437,96,-0.4419,236,0.97903,108,-0.2856,131,0.03088,180,0.53907,152,0.26876,139,0.17104
ENSG00000148908,RGS10,63,1.47571,53,1.17142,32,0.36224,0,-5.2136,40,0.81891,9,-1.4667,1,-4.5366,45,0.89798,12,-1.3934
ENSG00000151923,TIAL1,12,-1.9569,70,0.65932,68,0.60339,28,-0.7665,37,-0.3697,50,0.10617,52,0.19281,45,-0.0296,50,0.18394
ENSG00000151929,BAG3,2,-3.4279,20,-0.0851,105,2.80919,2,-3.4553,36,0.92568,15,-0.5009,6,-1.7522,17,-0.3535,10,-1.3838
ENSG00000198825,INPP5F,30,-2.8173,25,-3.0827,69,-1.6187,665,2.02694,162,-0.3678,269,0.45493,176,-0.2113,204,0.01753,215,0.13313
ENSG00000197771,MCMBP,2,-2.6662,28,1.27334,33,1.56907,0,-4.2206,13,0.06732,7,-0.7768,7,-0.7994,7,-0.7629,13,0.06774
ENSG00000107651,SEC23IP,31,0.56455,12,-0.8436,10,-1.1576,53,1.50142,16,-0.4203,27,0.39985,23,0.12541,16,-0.4502,18,-0.3427
ENSG00000120008,WDR11,8,-1.8732,26,-0.1429,63,1.28294,63,1.27475,19,-0.6168,23,-0.3044,29,0.00376,22,-0.4084,25,-0.2959
ENSG00000066468,FGFR2,2,-5.0275,378,3.23070,214,1.99412,14,-2.2351,52,-0.3806,23,-1.5573,10,-2.7951,29,-1.2589,20,-2.0600
ENSG00000107669,ATE1,2,-3.9960,36,0.18631,19,-0.8165,14,-1.2275,36,0.19795,66,1.15853,49,0.67806,28,-0.1996,33,0.04206
ENSG00000107672,NSMCE4A,2,-2.4579,35,1.96128,6,-0.7680,1,-2.7156,12,0.19823,15,0.49965,12,0.15552,3,-1.7720,10,-0.0930
ENSG00000138162,TACC2,2,-4.4322,4,-3.3228,13,-1.7564,68,0.70269,26,-0.8182,66,0.67484,73,0.82073,70,0.74929,54,0.47788
ENSG00000107679,PLEKHA1,2,-5.2000,95,0.39882,38,-1.0228,39,-0.9553,52,-0.5703,128,0.87129,109,0.61840,96,0.40254,88,0.36567
ENSG00000166033,HTRA1,114,-1.7653,659,0.93794,1290,2.14608,219,-0.7944,522,0.61773,200,-0.9312,80,-2.2811,324,-0.1963,213,-1.0330
ENSG00000119965,C10orf88,2,-3.0075,14,-0.1706,2,-2.5617,20,0.37175,10,-0.7190,23,0.59885,17,0.12553,6,-1.4981,25,1.08934
ENSG00000179988,PSTK,2,-3.0071,19,0.29307,5,-1.6714,13,-0.2693,11,-0.6414,31,1.04672,30,0.99520,19,0.25884,17,0.09933
ENSG00000095574,IKZF5,2,-3.5153,58,1.53040,31,0.46042,48,1.18568,19,-0.3225,31,0.46746,12,-0.9656,14,-0.6847,16,-0.6894
ENSG00000196177,ACADSB,49,0.64679,16,-1.0537,38,0.23103,65,1.11435,31,-0.0871,36,0.18047,34,0.06397,22,-0.5944,25,-0.4994
ENSG00000154473,BUB3,49,0.16965,64,0.57749,35,-0.3620,8,-2.4953,35,-0.3972,48,0.11836,58,0.43852,60,0.47198,46,0.07513
ENSG00000154478,GPR26,2,-3.0323,0,-4.8414,0,-7.4309,3,-2.4461,21,0.45481,85,2.96786,12,-0.4037,9,-0.9026,14,-0.2258
ENSG00000182022,CHST15,2,-4.1425,6,-2.4755,8,-2.1621,25,-0.5305,31,-0.2282,91,1.55054,45,0.35924,37,0.07498,46,0.58429
ENSG00000065154,OAT,96,-1.1389,153,-0.4326,189,-0.1125,294,0.58507,109,-1.0058,135,-0.6298,314,0.69499,303,0.63698,234,0.30836
ENSG00000107902,LHPP,171,0.38990,648,2.83613,271,1.15106,7,-4.2024,110,-0.3256,65,-1.0797,32,-2.1296,133,-0.0050,46,-1.8787
ENSG00000189319,FAM53B,2,-2.5546,37,1.90126,20,0.83088,7,-0.6747,16,0.53489,8,-0.6135,8,-0.4537,1,-2.9431,9,-0.4797
ENSG00000203791,EEF1AKMT2,2,-3.1716,17,-0.0795,5,-1.7464,50,1.69681,22,0.37720,28,0.71331,21,0.26125,4,-2.1555,15,-0.3360
ENSG00000165660,ABRAXAS2,2,-2.6169,5,-1.2697,2,-2.4906,21,0.82073,12,-0.0109,10,-0.2629,17,0.48652,7,-0.8685,18,0.84701
ENSG00000019995,ZRANB1,2,-4.4457,36,-0.3150,41,-0.1158,4,-3.3337,35,-0.3716,60,0.48776,69,0.73026,62,0.55964,56,0.55554
ENSG00000175029,CTBP2,2,-3.9467,30,-0.0487,38,0.33762,25,-0.3341,30,-0.0588,21,-0.5942,46,0.61208,42,0.46996,35,0.24759
ENSG00000107938,EDRF1,2,-2.6375,13,0.04066,5,-1.3259,0,-4.1922,6,-1.0715,13,0.05532,12,-0.0004,29,1.34844,19,0.93779
ENSG00000188690,UROS,80,-0.8506,55,-1.4149,79,-0.8699,118,-0.2675,134,-0.0693,111,-0.3616,197,0.53900,177,0.36771,184,0.60582
ENSG00000107949,BCCIP,59,1.10314,42,0.53965,15,-0.9807,5,-2.6780,28,-0.0736,24,-0.3006,30,0.03794,23,-0.3660,32,0.19056
ENSG00000089876,DHX32,2,-2.2367,9,0.02365,9,-0.0021,1,-2.8429,13,0.60138,7,-0.3966,6,-0.5587,13,0.48913,12,0.47728
ENSG00000150760,DOCK1,4,-2.6572,88,2.10172,62,1.44950,9,-1.5779,31,0.36267,10,-1.4380,3,-2.8694,44,0.85335,12,-1.3382
ENSG00000132334,PTPRE,43,0.57487,29,-0.0302,24,-0.3481,15,-1.0629,14,-1.1636,25,-0.2472,35,0.24537,30,0.00892,39,0.62325
ENSG00000170430,MGMT,2,-3.2721,36,0.98875,32,0.80106,8,-1.3434,22,0.20283,22,0.22054,21,0.15976,10,-1.0024,19,-0.0230
ENSG00000108010,GLRX3,2,-4.4039,34,-0.3790,32,-0.4389,27,-0.7348,45,0.07500,52,0.28191,64,0.61777,45,0.04348,54,0.49456
ENSG00000176769,TCERG1L,2,-2.2815,0,-7.3536,0,-7.1394,0,-3.8397,6,-0.7917,18,1.02357,7,-0.4449,2,-2.3545,21,2.14380
ENSG00000175470,PPP2R2D,137,1.61568,17,-1.6141,27,-0.9837,45,-0.1907,31,-0.8382,45,-0.2199,72,0.52674,55,0.11488,52,0.03276
ENSG00000176171,BNIP3,32,-3.3487,185,-0.7646,315,0.05534,313,0.04429,230,-0.4653,329,0.12247,507,0.81801,393,0.40236,356,0.33650
ENSG00000188385,JAKMIP3,2,-2.5228,28,1.43101,14,0.29775,3,-1.9189,7,-0.6667,10,-0.1938,12,0.05701,13,0.22437,13,0.26789
ENSG00000151640,DPYSL4,2,-4.5156,24,-1.0223,16,-1.5901,84,0.90526,37,-0.4196,65,0.49019,53,0.16541,51,0.10177,63,0.60310
ENSG00000165752,STK32C,19,-1.6816,15,-2.0837,19,-1.7077,7,-3.1595,49,-0.3479,105,0.90152,95,0.73026,100,0.82523,80,0.65363
ENSG00000148814,LRRC27,2,-2.7597,6,-1.1912,14,0.03471,22,0.77294,11,-0.3241,23,0.87611,13,-0.0308,12,-0.1897,15,0.25368
ENSG00000171813,PWWP2B,2,-3.6087,2,-3.6050,14,-0.8424,65,1.62226,15,-0.7740,34,0.51244,21,-0.2103,40,0.76554,27,0.23997
ENSG00000068383,INPP5A,78,0.65215,21,-1.3154,51,-0.0040,48,-0.1029,34,-0.6801,50,-0.0408,56,0.13688,61,0.27014,59,0.28304
ENSG00000148826,NKX6-2,2,-4.9734,527,4.39152,115,0.96433,11,-2.5794,39,-0.8016,20,-1.7387,14,-2.2408,19,-1.7698,9,-3.1552
ENSG00000197177,ADGRA1,38,-0.3789,7,-2.7599,24,-1.0672,58,0.27347,28,-0.8950,94,1.03930,59,0.28651,54,0.13445,62,0.50339
ENSG00000171798,KNDC1,50,-0.5412,17,-2.1255,62,-0.2189,24,-1.6120,52,-0.5159,43,-0.7880,125,0.89258,95,0.43617,103,0.81961
ENSG00000130640,TUBGCP2,2,-4.9260,39,-0.6868,59,-0.0830,131,1.21489,44,-0.5690,78,0.35553,89,0.56956,55,-0.1822,66,0.14187
ENSG00000198546,ZNF511,2,-3.3396,21,0.06980,21,0.03681,0,-4.8786,18,-0.1639,30,0.63229,16,-0.3455,34,0.80308,25,0.50826
ENSG00000130643,CALY,266,-0.6249,23,-4.1871,139,-1.5917,1005,1.52355,242,-0.8210,300,-0.4410,406,0.02601,611,0.67637,490,0.44595
ENSG00000127884,ECHS1,125,-0.2646,136,-0.1360,162,0.13391,97,-0.6568,134,-0.1805,188,0.36539,222,0.63798,170,0.20532,142,-0.1007
ENSG00000148824,MTG1,2,-3.5619,25,0.09054,55,1.36445,56,1.39082,19,-0.3152,13,-0.8459,26,0.15818,29,0.32078,15,-0.7912
ENSG00000203772,SPRN,2,-4.0198,5,-2.8033,7,-2.2000,16,-1.0398,25,-0.4071,76,1.37751,55,0.83671,34,0.05198,44,0.69652
ENSG00000177951,BET1L,2,-2.7709,19,0.54716,12,-0.2084,9,-0.6210,14,0.07214,15,0.15354,15,0.19918,26,1.06478,12,-0.1950
ENSG00000177963,RIC8A,6,-3.0675,34,-0.7053,37,-0.5575,60,0.15563,35,-0.7155,54,0.01345,60,0.16174,91,0.82377,72,0.65625
ENSG00000142082,SIRT3,2,-3.8730,21,-0.4841,13,-1.1600,34,0.22870,36,0.37029,28,-0.0703,37,0.38314,44,0.63386,32,0.19267
ENSG00000185627,PSMD13,70,-0.2619,46,-0.8929,73,-0.1815,61,-0.4500,61,-0.5035,91,0.15936,143,0.88261,98,0.26494,92,0.23295
ENSG00000185201,IFITM2,364,4.01550,34,-0.5199,121,1.51030,0,-6.1340,44,-0.1756,1,-4.7922,2,-4.2026,1,-4.8437,4,-3.8989
ENSG00000142089,IFITM3,190,0.54459,212,0.71745,746,3.13982,2,-6.1087,192,0.61981,43,-1.7084,20,-2.8482,44,-1.6838,29,-2.6419
ENSG00000182272,B4GALNT4,2,-4.8500,36,-0.8012,46,-0.4401,35,-0.8557,66,0.13882,50,-0.2977,51,-0.2765,91,0.64105,87,0.82160
ENSG00000185187,SIGIRR,2,-4.2705,54,0.51555,79,1.15313,15,-1.4369,46,0.27682,14,-1.5168,64,0.80935,37,-0.0831,37,-0.0948
ENSG00000174915,PTDSS2,2,-3.8405,52,0.94166,43,0.65200,15,-0.9903,21,-0.5101,39,0.46580,21,-0.4927,17,-0.8056,36,0.47805
ENSG00000023191,RNH1,31,-1.5862,307,2.11550,164,0.99262,55,-0.7246,80,-0.1657,72,-0.3275,62,-0.5398,63,-0.5171,59,-0.7725
ENSG00000174775,HRAS,135,0.19814,84,-0.5264,73,-0.7425,102,-0.2386,123,0.06434,95,-0.3492,157,0.44261,150,0.36893,125,0.11284
ENSG00000099849,RASSF7,47,1.38302,1,-3.6618,10,-1.0665,17,-0.2640,15,-0.4953,33,0.79721,22,0.15634,32,0.75758,17,-0.3199
ENSG00000070047,PHRF1,2,-2.5151,19,0.79287,8,-0.4914,0,-4.0227,9,-0.3781,25,1.25719,10,-0.1685,6,-0.9429,15,0.57898
ENSG00000177030,DEAF1,95,0.01863,40,-1.2946,59,-0.7084,61,-0.6727,129,0.55777,139,0.61906,89,-0.0858,75,-0.3578,102,0.16545
ENSG00000177106,EPS8L2,41,1.54301,5,-1.6775,2,-2.9950,40,1.52912,13,-0.2844,8,-0.9861,20,0.39697,7,-1.2768,14,-0.2459
ENSG00000177042,TMEM80,2,-2.6298,9,-0.4189,7,-0.8756,22,0.92064,11,-0.0967,17,0.46411,13,0.04884,5,-1.3929,16,0.52340
ENSG00000177156,TALDO1,84,-0.7318,350,1.55729,159,0.24082,197,0.58833,97,-0.5537,140,0.04474,132,-0.0484,137,0.00972,94,-0.7160
ENSG00000177225,GATD1,24,-0.0613,33,0.39371,68,1.60479,4,-2.6244,32,0.37522,33,0.39791,15,-0.7932,15,-0.7910,19,-0.5714
ENSG00000184524,CEND1,73,-1.7503,56,-2.1290,175,-0.4474,196,-0.2742,234,0.00522,227,-0.0432,432,0.98937,296,0.37129,279,0.38148
ENSG00000177542,SLC25A22,118,-0.1861,9,-3.8912,31,-2.1823,119,-0.1713,101,-0.4527,309,1.37936,266,1.12413,100,-0.4407,144,0.16281
ENSG00000177600,RPLP2,1107,0.37268,1443,0.80222,1428,0.78485,539,-0.7444,1048,0.31292,542,-0.7352,618,-0.5361,1025,0.24995,643,-0.6030
ENSG00000177666,PNPLA2,2,-3.8416,45,0.71288,51,0.92368,1,-4.9207,23,-0.3772,22,-0.3692,40,0.51794,54,1.00800,28,-0.0438
ENSG00000177697,CD151,2,-4.2152,34,-0.1279,98,1.59292,44,0.25729,30,-0.3820,53,0.54941,34,-0.1205,19,-1.0114,35,-0.1135
ENSG00000177700,POLR2L,262,-0.4652,304,-0.2402,341,-0.0591,277,-0.3830,399,0.20238,390,0.15007,501,0.55103,549,0.69796,296,-0.3578
ENSG00000177830,CHID1,50,-0.4190,54,-0.2898,76,0.22382,85,0.40705,62,-0.1045,92,0.53404,97,0.62872,46,-0.5520,57,-0.2717
ENSG00000183020,AP2A2,86,-0.7574,39,-1.9193,53,-1.4649,128,-0.1426,98,-0.6004,217,0.68816,271,1.06107,182,0.40160,164,0.33504
ENSG00000078902,TOLLIP,341,0.17078,61,-2.4185,162,-0.9742,239,-0.3807,199,-0.7119,381,0.34448,543,0.92190,365,0.27876,372,0.42854
ENSG00000174672,BRSK2,76,0.25534,23,-1.5501,9,-2.8469,63,-0.0392,53,-0.3347,92,0.57007,101,0.72230,69,0.09928,75,0.31775
ENSG00000182208,MOB2,2,-3.8800,30,0.00396,40,0.46840,5,-2.5439,25,-0.2771,39,0.45821,31,0.08830,36,0.30394,38,0.53631
ENSG00000184545,DUSP8,2,-4.5507,16,-1.5634,30,-0.6964,63,0.46633,56,0.30181,65,0.50851,58,0.33845,52,0.14836,53,0.26371
ENSG00000244242,IFITM10,2,-4.5924,9,-2.4116,24,-1.0704,56,0.23503,36,-0.5013,49,0.02420,94,1.06015,75,0.68882,62,0.55630
ENSG00000117984,CTSD,158,-1.3435,402,0.07222,591,0.68895,388,0.01998,328,-0.2628,386,0.01123,599,0.71160,398,0.05762,352,-0.1758
ENSG00000214026,MRPL23,57,0.20596,61,0.30404,35,-0.5482,5,-3.3239,65,0.45510,48,-0.0712,60,0.29203,37,-0.4705,54,0.17771
ENSG00000110651,CD81,68,-2.9613,871,0.89878,1378,1.69737,519,0.06328,493,-0.0176,440,-0.1941,343,-0.5755,530,0.09736,335,-0.7667
ENSG00000184281,TSSC4,2,-3.5287,26,0.17131,40,0.89186,14,-0.7799,18,-0.4136,20,-0.1806,28,0.27564,20,-0.2015,28,0.45773
ENSG00000129757,CDKN1C,2,-4.9898,435,3.69928,65,0.03315,14,-2.2764,35,-0.9851,61,-0.0678,81,0.37704,23,-1.5127,20,-2.0274
ENSG00000205531,NAP1L4,88,-0.1145,107,0.18112,80,-0.2734,120,0.36653,88,-0.1348,97,0.02973,89,-0.0980,112,0.25260,92,-0.0684
ENSG00000110619,CARS,3,-3.6096,28,-0.3961,24,-0.6328,5,-2.7589,37,0.02068,44,0.28573,64,0.89325,34,-0.1270,50,0.69022
ENSG00000021762,OSBPL5,2,-2.4531,11,-0.0299,7,-0.6068,18,0.79283,8,-0.4709,16,0.65232,10,-0.0800,7,-0.5650,13,0.42271
ENSG00000005801,ZNF195,2,-2.7274,16,0.26238,11,-0.2269,18,0.47713,13,0.03251,12,-0.0906,7,-0.9373,8,-0.7774,18,0.63795
ENSG00000110713,NUP98,2,-2.4784,13,0.23809,18,0.79808,7,-0.6309,10,-0.1232,7,-0.6474,14,0.39706,5,-1.0083,14,0.49981
ENSG00000148985,PGAP2,2,-2.4774,20,0.94015,6,-0.8779,17,0.68389,8,-0.4185,13,0.22675,13,0.24330,12,0.14804,11,-0.0316
ENSG00000177105,RHOG,47,0.17588,254,3.33424,93,1.27475,7,-2.5512,34,-0.3850,28,-0.6510,4,-3.5273,20,-1.1459,8,-2.8148
ENSG00000167323,STIM1,44,-0.1982,15,-1.8038,44,-0.1905,108,1.23907,35,-0.5710,131,1.57485,58,0.22228,34,-0.5919,37,-0.5926
ENSG00000167325,RRM1,11,-1.2926,33,0.40249,53,1.18888,9,-1.5373,21,-0.2899,28,0.13649,35,0.48067,28,0.13175,23,-0.1990
ENSG00000244734,HBB,115048,12.6262,19,-8.9273,12,-9.5972,0,-13.639,41,-7.9712,0,-17.766,1,-13.185,0,-14.869,25,-8.9903
ENSG00000051009,FAM160A2,2,-2.9435,5,-1.4978,3,-2.2352,37,1.45224,12,-0.4138,14,-0.1594,16,0.06996,4,-2.0148,23,0.98142
ENSG00000110148,CCKBR,2,-3.5685,0,-6.1534,5,-2.1566,27,0.18689,21,-0.1890,34,0.55669,36,0.66563,20,-0.2332,35,0.92217
ENSG00000166311,SMPD1,24,-1.2843,85,0.66007,80,0.55476,65,0.21931,36,-0.7112,73,0.41438,77,0.49136,72,0.39826,45,-0.4202
ENSG00000166313,APBB1,375,-0.1772,365,-0.2202,337,-0.3438,430,0.03344,280,-0.6691,553,0.43371,574,0.49118,433,0.04659,460,0.19057
ENSG00000110171,TRIM3,2,-3.6411,12,-1.0518,24,-0.0545,5,-2.2997,20,-0.3371,28,0.17745,44,0.88997,27,0.13811,35,0.78728
ENSG00000132254,ARFIP2,2,-4.7383,38,-0.5365,23,-1.2760,86,0.74503,40,-0.4874,60,0.16896,71,0.43068,88,0.78250,63,0.33938
ENSG00000132286,TIMM10B,2,-3.8814,30,0.00801,35,0.25507,11,-1.4941,21,-0.5166,21,-0.4999,33,0.17614,48,0.78344,40,0.69222
ENSG00000166333,ILK,2,-4.5167,65,0.53638,104,1.32731,24,-0.9671,51,0.16736,24,-0.9522,36,-0.3898,71,0.69496,43,-0.1556
ENSG00000166337,TAF10,145,0.42307,177,0.74692,110,-0.0070,75,-0.5936,106,-0.0727,103,-0.1090,113,0.03721,139,0.35829,91,-0.3883
ENSG00000166340,TPP1,2,-5.3149,154,1.03065,217,1.62793,3,-4.7560,94,0.26057,56,-0.5710,57,-0.5422,90,0.16772,72,-0.2441
ENSG00000166341,DCHS1,2,-2.4601,8,-0.3567,19,0.86989,0,-3.9770,18,0.86814,22,1.09243,8,-0.3983,12,0.14334,8,-0.4714
ENSG00000158042,MRPL17,2,-4.3126,32,-0.6214,59,0.30613,157,1.97186,32,-0.6777,33,-0.5792,48,-0.0205,46,-0.0664,47,-0.0514
ENSG00000166394,CYB5R2,2,-2.9179,102,3.63713,51,2.04092,0,-4.4703,9,-0.7887,7,-1.1521,5,-1.6786,0,-4.7561,3,-2.7707
ENSG00000175390,EIF3F,7,-3.6299,151,0.93317,115,0.48044,115,0.48451,85,-0.0001,74,-0.2108,68,-0.3355,57,-0.6006,86,0.03189
ENSG00000166402,TUB,18,-1.3683,6,-2.8361,14,-1.6910,88,1.05743,37,-0.3417,46,0.01995,34,-0.4386,64,0.53756,61,0.67473
ENSG00000166405,RIC3,2,-3.3992,7,-1.5291,6,-1.7956,0,-4.9200,21,0.00227,36,0.86521,44,1.18742,6,-1.7292,32,0.98521
ENSG00000166441,RPL27A,316,-0.4157,695,0.83118,804,1.07531,217,-0.9882,584,0.60882,440,0.09718,263,-0.6946,505,0.31380,243,-1.0114
ENSG00000166444,ST5,33,0.83898,16,-0.2955,33,0.81005,15,-0.4259,26,0.45140,21,0.07250,12,-0.7937,14,-0.4918,15,-0.4984
ENSG00000166452,AKIP1,2,-3.5925,28,0.22233,24,-0.0158,7,-1.7299,30,0.38555,27,0.16150,22,-0.1149,27,0.17345,29,0.39796
ENSG00000175348,TMEM9B,2,-5.2480,122,0.73922,121,0.72752,60,-0.3853,50,-0.6861,110,0.57381,67,-0.2139,94,0.32779,80,0.08821
ENSG00000175352,NRIP3,93,0.52422,6,-3.5368,35,-0.9571,123,0.99007,53,-0.3780,97,0.58784,59,-0.1861,92,0.50244,64,-0.0883
ENSG00000184014,DENND5A,39,-1.0277,213,1.67917,126,0.77664,124,0.75647,73,-0.1048,37,-1.0997,48,-0.7143,55,-0.5125,54,-0.6884
ENSG00000166471,TMEM41B,2,-4.4416,56,0.39382,78,0.91994,44,0.02286,31,-0.5459,42,-0.0625,45,0.03317,44,0.02327,49,0.22552
ENSG00000205339,IPO7,149,0.81232,64,-0.5103,90,0.00712,58,-0.6716,54,-0.8330,99,0.15723,96,0.09702,107,0.27704,99,0.20590
ENSG00000133789,SWAP70,2,-3.0818,30,0.92481,21,0.31903,4,-1.9117,23,0.57483,24,0.57437,19,0.19387,9,-0.9009,15,-0.1600
ENSG00000133812,SBF2,40,1.15147,31,0.72539,55,1.71608,1,-4.2567,16,-0.3101,23,0.25913,3,-2.7166,16,-0.3254,13,-0.7418
ENSG00000133805,AMPD3,2,-2.5070,46,2.41227,21,0.98864,0,-4.0628,5,-1.1182,0,-3.6818,7,-0.7688,6,-0.8244,13,0.31540
ENSG00000255823,MTRNR2L8,641,-0.1309,717,0.04437,684,-0.0296,662,-0.0815,1490,1.42860,466,-0.6202,229,-1.6802,758,0.13101,482,-0.7184
ENSG00000110315,RNF141,3,-4.7756,258,1.87391,110,0.42148,45,-0.9693,94,0.18847,52,-0.7503,82,-0.0541,77,-0.1486,71,-0.3487
ENSG00000072952,MRVI1,54,1.03663,53,1.01749,74,1.59699,39,0.51249,35,0.36476,6,-2.2100,3,-3.0290,8,-1.9107,15,-1.1916
ENSG00000198730,CTR9,6,-2.3094,30,0.05027,15,-1.0049,17,-0.8170,20,-0.6495,55,0.98606,32,0.15197,26,-0.2100,41,0.71318
ENSG00000110321,EIF4G2,84,-2.1352,322,-0.1255,328,-0.0979,269,-0.4023,275,-0.3977,268,-0.4068,479,0.50306,450,0.40167,446,0.54672
ENSG00000236287,ZBED5,2,-3.8383,22,-0.3893,21,-0.4726,37,0.38277,25,-0.2275,30,0.07130,35,0.30928,21,-0.4503,39,0.66707
ENSG00000110328,GALNT18,88,1.54188,5,-2.8243,0,-6.5307,1,-4.4531,17,-1.1398,12,-1.5792,56,0.75604,22,-0.6785,58,1.24033
ENSG00000170242,USP47,49,0.18966,76,0.91129,47,0.13289,7,-2.5625,41,-0.0904,33,-0.4230,46,0.11854,36,-0.2675,46,0.13512
ENSG00000050165,DKK3,419,-1.0223,187,-2.2171,589,-0.5058,1050,0.39521,539,-0.6874,1577,1.06249,996,0.30990,1229,0.64900,877,0.14752
ENSG00000133816,MICAL2,2,-5.4673,7,-3.7258,6,-3.7999,57,-0.6765,64,-0.5409,132,0.62504,142,0.73955,81,-0.1507,151,1.28206
ENSG00000197702,PARVA,2,-4.1099,8,-2.1144,38,0.14265,72,1.17327,40,0.26606,35,0.00157,36,0.07137,70,1.13659,27,-0.4765
ENSG00000187079,TEAD1,77,2.06850,32,0.52766,46,1.15236,8,-1.5581,26,0.20617,8,-1.5386,16,-0.4938,16,-0.5519,10,-1.4607
ENSG00000133794,ARNTL,2,-3.2216,5,-1.8633,2,-3.2736,8,-1.2392,14,-0.4571,10,-0.8622,22,0.25081,11,-0.7970,38,1.93376
ENSG00000148925,BTBD10,94,0.16251,14,-2.6545,48,-0.8538,82,-0.0587,55,-0.7055,137,0.75594,124,0.59589,62,-0.4926,108,0.53683
ENSG00000197601,FAR1,40,-0.4801,149,1.65668,43,-0.3795,45,-0.3007,32,-0.8831,70,0.38500,51,-0.1127,46,-0.2655,51,-0.1377
ENSG00000262655,SPON1,2,-3.7278,25,-0.1144,169,3.49411,37,0.52629,27,0.04572,7,-1.9692,1,-4.0175,2,-3.4567,12,-1.4568
ENSG00000129083,COPB1,2,-4.3776,55,0.42054,57,0.49823,48,0.22850,28,-0.6548,64,0.67109,54,0.39305,45,0.11361,41,-0.0566
ENSG00000129084,PSMA1,2,-6.2005,68,-1.1924,146,-0.0312,215,0.58566,103,-0.6084,173,0.23960,192,0.40637,165,0.16568,191,0.56124
ENSG00000110696,C11orf58,86,-0.8247,190,0.39430,187,0.36970,140,-0.0917,123,-0.3175,149,0.01138,141,-0.0833,196,0.43914,148,-0.0021
ENSG00000110700,RPS13,945,0.56943,1444,1.27902,1150,0.89317,525,-0.3538,811,0.35885,319,-1.1089,354,-0.9515,491,-0.4570,432,-0.8150
ENSG00000011405,PIK3C2A,2,-4.0967,42,0.30922,70,1.15171,2,-3.6801,61,1.03303,28,-0.2929,6,-2.4822,38,0.16540,34,-0.0260
ENSG00000070081,NUCB2,2,-4.0352,34,0.03916,32,-0.0319,39,0.28013,35,0.08977,34,0.04775,36,0.13319,30,-0.1239,38,0.29332
ENSG00000006071,ABCC8,2,-2.7654,3,-2.0177,9,-0.6282,1,-3.4896,11,-0.2859,36,1.58317,14,0.00886,8,-0.7482,20,0.90957
ENSG00000006611,USH1C,2,-1.5593,66,4.37601,29,2.22449,0,-3.5339,2,-2.1501,0,-3.7575,0,-7.7401,0,-4.7695,0,-7.5223
ENSG00000129159,KCNC1,51,0.07498,1,-4.9168,5,-3.2357,93,1.06282,29,-0.8047,33,-0.5884,40,-0.2678,47,-0.0414,74,1.01447
ENSG00000129158,SERGEF,105,0.81601,21,-1.6524,48,-0.4201,98,0.71369,62,-0.0104,60,-0.0607,52,-0.2878,38,-0.7563,67,0.14543
ENSG00000110768,GTF2H1,2,-4.0401,23,-0.5345,8,-2.0830,39,0.27565,23,-0.6014,49,0.63287,43,0.43196,27,-0.3017,48,0.84426
ENSG00000134333,LDHA,401,-0.1673,102,-2.2157,257,-0.8471,504,0.19046,270,-0.8206,454,0.02644,753,0.84010,452,0.02063,584,0.60211
ENSG00000074319,TSG101,2,-4.6613,54,0.08374,52,0.04848,13,-2.0308,39,-0.4378,44,-0.2131,64,0.37141,71,0.53077,71,0.74013
ENSG00000151116,UEVLD,2,-2.4904,29,1.57509,9,-0.2346,6,-0.7811,12,0.10644,10,-0.0956,10,-0.0765,1,-3.3642,13,0.31966
ENSG00000179119,SPTY2D1,60,2.52787,10,-0.4604,12,-0.2429,0,-4.3573,9,-0.6001,13,-0.0390,11,-0.2843,5,-1.4324,12,-0.2478
ENSG00000110786,PTPN5,135,0.64905,4,-4.5926,18,-2.4101,90,0.01667,47,-1.0528,83,-0.1081,115,0.40085,97,0.11853,132,0.90005
ENSG00000177054,ZDHHC13,2,-2.7986,7,-0.9847,9,-0.6824,19,0.45732,7,-1.1138,8,-0.7378,13,-0.0448,43,1.87437,16,0.35151
ENSG00000166833,NAV2,2,-2.7857,19,0.54794,72,2.98020,0,-4.3391,10,-0.5062,9,-0.6641,9,-0.5500,13,-0.0978,8,-0.9303
ENSG00000270607,AC009549.1,2,-2.8056,1,-3.7387,5,-1.3342,0,-3.9620,12,-0.2253,19,0.45283,21,0.62357,22,0.71715,22,1.01664
ENSG00000109854,HTATIP2,57,1.19976,55,1.15259,48,0.90647,0,-5.2972,16,-0.8574,9,-1.6092,23,-0.2178,14,-0.9549,28,0.08211
ENSG00000165973,NELL1,2,-4.9928,2,-4.6072,18,-1.9181,109,0.84137,35,-0.9971,29,-1.2179,194,1.83615,63,-0.0278,88,0.70154
ENSG00000171714,ANO5,98,2.01434,10,-1.5453,10,-1.6083,60,1.14532,16,-1.0148,6,-2.2438,23,-0.3780,16,-0.8802,32,0.17890
ENSG00000091664,SLC17A6,2,-3.7218,0,-8.7155,0,-8.5648,0,-5.2698,5,-2.4507,0,-9.3821,25,-0.0881,12,-1.2181,74,3.69016
ENSG00000198168,SVIP,42,-1.3837,287,1.68462,100,-0.0609,120,0.21872,72,-0.5974,89,-0.2468,72,-0.5665,54,-0.9966,111,0.14254
ENSG00000187398,LUZP2,99,1.71671,13,-1.5084,10,-1.8630,13,-1.4333,30,-0.2347,37,0.06967,27,-0.3842,18,-0.9640,44,0.51828
ENSG00000134343,ANO3,10,-1.9991,0,-5.4546,1,-4.7556,0,-5.7809,30,-0.4013,65,0.85804,41,0.10797,31,-0.2861,71,1.60299
ENSG00000176971,FIBIN,37,0.96619,20,-0.0061,79,2.31918,0,-4.9033,19,-0.0984,3,-2.7518,3,-2.6239,2,-3.0461,20,-0.0104
ENSG00000129151,BBOX1,2,-3.2613,27,0.52044,119,3.41359,0,-4.8116,22,0.27216,4,-2.3276,4,-2.1952,7,-1.5389,10,-1.1258
ENSG00000109881,CCDC34,2,-3.8599,2,-3.5223,4,-2.6788,3,-3.2476,34,0.24386,49,0.83477,39,0.47725,35,0.30929,44,0.94700
ENSG00000205213,LGR4,2,-2.5928,19,0.74143,10,-0.2261,15,0.30836,18,0.67068,12,-0.0146,11,-0.1139,4,-1.4807,12,-0.0326
ENSG00000148943,LIN7C,2,-4.6607,38,-0.4502,59,0.22647,43,-0.2496,50,-0.0190,76,0.63386,45,-0.2018,52,0.02383,62,0.41811
ENSG00000176697,BDNF,2,-3.3069,0,-9.9126,0,-8.1529,0,-4.8569,9,-1.2593,5,-1.9294,45,1.34472,9,-1.1275,44,2.29055
ENSG00000169519,METTL15,2,-2.3454,7,-0.4544,4,-1.4190,0,-3.8346,9,-0.0948,19,0.97853,8,-0.4049,7,-0.4222,16,1.09041
ENSG00000152219,ARL14EP,2,-3.1081,17,-0.0132,26,0.68145,0,-4.6592,16,-0.1034,21,0.28213,15,-0.1780,10,-0.7768,25,0.82924
ENSG00000066382,MPPED2,2,-3.3935,1,-4.0448,3,-2.7364,92,2.56841,9,-1.2706,26,0.33724,19,-0.1651,34,0.75924,19,-0.1510
ENSG00000170946,DNAJC24,2,-3.2547,23,0.28831,29,0.66736,11,-0.7799,19,0.00254,34,0.92770,14,-0.4311,8,-1.1909,22,0.28623
ENSG00000148950,IMMP1L,19,-1.3611,31,-0.6172,38,-0.3116,52,0.17502,42,-0.1692,55,0.24274,44,-0.0976,51,0.12242,58,0.48677
ENSG00000109911,ELP4,2,-2.6708,23,0.98010,17,0.42096,5,-1.2596,17,0.51349,12,-0.0313,15,0.22319,6,-1.0766,12,-0.0265
ENSG00000007372,PAX6,2,-3.1897,29,0.70823,94,2.94128,17,-0.0702,22,0.33386,14,-0.3450,5,-1.9795,9,-1.0729,6,-1.9918
ENSG00000049449,RCN1,2,-4.3476,30,-0.4542,105,1.55210,99,1.45490,30,-0.5094,8,-2.3155,4,-3.1711,10,-2.0720,53,0.57241
ENSG00000149100,EIF3M,42,-1.1586,78,-0.2249,91,0.01740,22,-2.0853,85,-0.0979,99,0.14726,121,0.46541,54,-0.7886,124,0.71315
ENSG00000060749,QSER1,2,-2.6912,23,0.94673,40,1.88716,0,-4.2040,17,0.48595,11,-0.2845,8,-0.6995,5,-1.3321,11,-0.3323
ENSG00000280798,LINC00294,37,0.14242,25,-0.5049,25,-0.4533,44,0.40310,34,-0.0261,52,0.67292,31,-0.1305,39,0.20586,31,-0.2180
ENSG00000176102,CSTF3,2,-4.2394,21,-0.8658,33,-0.2223,37,-0.0306,31,-0.3104,54,0.56461,45,0.25985,55,0.57823,46,0.40712
ENSG00000110422,HIPK3,2,-4.0583,39,0.24243,42,0.35049,33,-0.0129,26,-0.4280,44,0.42707,40,0.28975,41,0.31626,35,0.12660
ENSG00000110427,KIAA1549L,2,-5.5512,3,-5.2237,38,-1.5776,60,-0.9275,73,-0.6603,234,1.23474,172,0.72144,99,-0.1525,167,0.99190
ENSG00000085063,CD59,3,-5.7285,91,-1.0835,295,0.72911,281,0.64995,188,0.01426,160,-0.2358,277,0.62871,102,-0.9240,210,0.25235
ENSG00000110429,FBXO3,24,-1.7724,34,-1.2719,43,-0.9348,130,0.80003,38,-1.1699,115,0.60597,103,0.42506,44,-0.8818,114,0.84034
ENSG00000135363,LMO2,27,0.05184,15,-0.7977,65,1.48831,1,-4.4698,40,0.73236,10,-1.4640,6,-2.2249,34,0.42117,26,-0.0367
ENSG00000135387,CAPRIN1,46,-1.4053,96,-0.3036,116,-0.0072,203,0.88714,94,-0.3636,135,0.23166,143,0.31619,104,-0.1739,122,0.08518
ENSG00000135372,NAT10,2,-2.9420,14,-0.1724,26,0.86192,1,-3.5032,9,-0.8044,16,0.12109,16,0.08154,7,-1.1441,24,1.09390
ENSG00000121691,CAT,2,-3.7741,109,1.97236,137,2.42593,24,-0.5292,36,0.11342,10,-1.8074,8,-2.1068,19,-0.8861,14,-1.5235
ENSG00000149089,APIP,36,0.66917,69,1.80224,23,-0.0340,5,-2.1160,15,-0.7181,32,0.51618,13,-0.8679,15,-0.6728,20,-0.3068
ENSG00000110435,PDHX,4,-3.7919,25,-1.1263,32,-0.7189,102,1.08145,38,-0.5009,61,0.23584,79,0.64824,45,-0.2282,64,0.42680
ENSG00000026508,CD44,2,-2.8900,99,3.60337,71,2.75603,11,-0.3717,5,-1.6005,1,-3.9629,0,-8.6442,0,-5.6755,0,-8.4279
ENSG00000110436,SLC1A2,536,-1.2190,180,-2.8249,3097,1.57953,986,-0.2968,2195,1.11607,1274,0.10091,359,-1.8138,830,-0.5620,969,-0.4182
ENSG00000149090,PAMR1,2,-3.5920,5,-2.1824,110,2.65905,43,0.90373,26,0.12943,6,-1.9583,3,-2.9632,10,-1.2369,21,-0.3108
ENSG00000179431,FJX1,2,-3.5995,5,-2.2836,15,-0.6686,18,-0.4318,23,-0.0779,27,0.16049,47,1.07393,37,0.65509,29,0.40799
ENSG00000166326,TRIM44,2,-5.5790,90,-0.1025,101,0.07414,83,-0.2313,119,0.36027,125,0.40396,103,0.10183,81,-0.2737,108,0.23981
ENSG00000110442,COMMD9,2,-4.7430,48,-0.1725,47,-0.1956,106,1.09783,51,-0.0848,67,0.34165,68,0.35497,52,-0.0430,52,-0.0810
ENSG00000175104,TRAF6,45,2.06603,16,0.29201,13,-0.0116,12,-0.1503,6,-1.2560,12,-0.1168,5,-1.3997,0,-4.2410,14,0.11833
ENSG00000166352,C11orf74,2,-3.6356,17,-0.5348,14,-0.8989,4,-2.6203,21,-0.2783,26,0.07545,60,1.43789,32,0.40616,31,0.51290
ENSG00000148948,LRRC4C,76,1.18021,15,-1.3025,3,-3.6546,7,-2.3265,21,-0.9200,61,0.79715,37,-0.0030,53,0.59277,46,0.48191
ENSG00000166181,API5,2,-4.8133,74,0.41344,65,0.21754,14,-2.0861,37,-0.6789,94,0.81694,90,0.74552,28,-1.0394,73,0.57298
ENSG00000052841,TTC17,2,-2.8512,19,0.42581,18,0.34467,0,-4.1233,15,0.12169,15,0.12163,16,0.13762,22,0.68098,16,0.19588
ENSG00000149084,HSD17B12,108,0.01269,168,0.72088,219,1.16287,95,-0.1762,84,-0.3999,102,-0.0671,102,-0.0695,58,-0.9243,92,-0.2993
ENSG00000166199,ALKBH3,2,-2.3396,14,0.57792,14,0.51158,0,-3.8971,8,-0.4361,7,-0.5275,20,1.09069,6,-0.6902,13,0.51528
ENSG00000187479,C11orf96,89,1.86812,20,-0.5454,16,-0.8882,13,-1.1419,21,-0.5091,2,-3.4157,12,-1.3196,11,-1.3717,42,0.87301
ENSG00000151348,EXT2,2,-3.7530,27,-0.0037,34,0.34620,17,-0.6557,21,-0.4403,38,0.52215,22,-0.3022,26,-0.0639,36,0.63836
ENSG00000085117,CD82,2,-3.0371,65,2.35104,59,2.18201,0,-4.5887,28,0.95965,3,-2.2191,5,-1.7852,4,-1.8942,4,-2.1779
ENSG00000175274,TP53I11,2,-3.3243,5,-1.9708,4,-2.3371,13,-0.5987,18,-0.2101,5,-1.9853,24,0.28161,28,0.52150,36,1.44370
ENSG00000019505,SYT13,78,-0.7990,10,-3.7651,31,-2.1567,354,1.63748,66,-1.1163,106,-0.3403,247,1.00985,99,-0.4389,164,0.48339
ENSG00000254427,LINC02696,2,-1.9669,20,1.51593,9,0.33474,0,-3.5228,12,0.81578,3,-1.5019,2,-1.6308,1,-2.2677,9,0.40290
ENSG00000175264,CHST1,16,-3.0430,15,-3.1031,64,-1.0340,113,-0.1685,111,-0.2157,357,1.73050,123,-0.0430,93,-0.4659,160,0.51564
ENSG00000181830,SLC35C1,2,-2.1690,13,0.55583,10,0.17671,1,-2.9124,6,-0.5750,11,0.27665,9,-0.0441,3,-1.6051,14,1.01823
ENSG00000121671,CRY2,31,-0.9189,16,-1.8989,38,-0.6332,4,-3.7153,57,-0.0098,74,0.39461,82,0.54707,96,0.80718,74,0.53150
ENSG00000121653,MAPK8IP1,45,-2.0366,313,0.93400,149,-0.2485,163,-0.1053,193,0.17206,205,0.24718,168,-0.0616,141,-0.3302,176,0.01002
ENSG00000121680,PEX16,48,0.17400,50,0.26827,51,0.28507,27,-0.6882,31,-0.4955,50,0.24206,54,0.38210,47,0.15204,41,-0.0880
ENSG00000135365,PHF21A,2,-2.8793,19,0.43083,15,0.04805,5,-1.5157,17,0.27921,14,-0.0956,3,-2.2875,36,1.45401,15,0.11162
ENSG00000149091,DGKZ,24,-3.5135,37,-2.8581,88,-1.6086,266,0.07059,287,0.20560,554,1.27000,321,0.36369,220,-0.2252,307,0.40379
ENSG00000110492,MDK,2,-2.4429,24,1.26463,5,-1.0168,54,2.86570,17,0.83085,0,-4.2447,8,-0.4654,0,-4.1371,3,-2.1632
ENSG00000110497,AMBRA1,2,-3.1798,15,-0.3163,9,-0.9901,21,0.21522,14,-0.4085,14,-0.3333,31,0.83703,37,1.13860,19,0.16496
ENSG00000175224,ATG13,86,0.63935,82,0.56650,47,-0.3121,32,-0.8627,47,-0.3381,83,0.59425,74,0.40487,52,-0.1448,49,-0.3271
ENSG00000175220,ARHGAP1,41,-0.1998,99,1.23344,65,0.53652,7,-2.7025,41,-0.2187,45,-0.0409,46,-0.0245,34,-0.4763,46,-0.0132
ENSG00000175216,CKAP5,2,-5.1999,68,-0.1259,41,-0.8964,71,-0.0572,49,-0.6608,134,0.95613,105,0.54497,95,0.39141,87,0.34317
ENSG00000134569,LRP4,67,0.84446,30,-0.4251,136,2.11901,53,0.47523,60,0.75476,12,-1.7730,3,-3.5944,14,-1.5227,19,-1.3530
ENSG00000149179,C11orf49,2,-5.4562,38,-1.2871,69,-0.3749,105,0.26355,79,-0.1898,95,0.10480,116,0.43039,85,-0.0623,121,0.69934
ENSG00000149182,ARFGAP2,2,-5.3748,67,-0.3449,94,0.18616,109,0.42209,72,-0.2525,116,0.51857,89,0.09416,117,0.53281,87,0.08941
ENSG00000165912,PACSIN3,2,-2.7218,55,2.48337,33,1.49095,31,1.36497,10,-0.4370,1,-3.5534,4,-1.6064,2,-2.3315,5,-1.5124
ENSG00000134575,ACP2,2,-4.1924,16,-1.2405,31,-0.2959,53,0.53358,24,-0.7395,68,0.95890,64,0.83946,21,-0.8589,46,0.45688
ENSG00000110514,MADD,58,-1.1263,31,-2.0511,71,-0.8138,159,0.43394,83,-0.6233,203,0.82682,147,0.30564,94,-0.3813,161,0.64015
ENSG00000165915,SLC39A13,53,1.41311,30,0.46413,13,-0.7546,32,0.58052,19,-0.2434,7,-1.6215,17,-0.4108,8,-1.4179,22,0.00662
ENSG00000165916,PSMC3,141,0.07122,101,-0.4436,76,-0.8695,79,-0.8111,125,-0.1243,123,-0.1439,197,0.60707,154,0.21075,157,0.33431
ENSG00000149187,CELF1,38,-0.8343,38,-0.8261,38,-0.8411,70,0.09346,63,-0.0758,138,1.19040,62,-0.0959,42,-0.6853,77,0.31371
ENSG00000213619,NDUFS3,37,-1.9616,87,-0.6885,119,-0.2072,133,-0.0373,125,-0.1437,134,-0.0200,175,0.39996,133,-0.0332,175,0.55983
ENSG00000110536,PTPMT1,2,-4.4245,48,0.17583,106,1.47643,21,-1.0844,41,-0.0674,37,-0.2446,48,0.17151,44,0.04641,43,-0.0152
ENSG00000123444,KBTBD4,2,-3.2618,14,-0.4220,9,-1.0693,1,-4.0036,15,-0.3492,33,0.87081,21,0.14650,38,1.08545,25,0.57060
ENSG00000172247,C1QTNF4,92,-1.2413,21,-3.3845,129,-0.7336,92,-1.2388,219,0.07999,391,1.01351,244,0.24504,231,0.16200,269,0.55983
ENSG00000109919,MTCH2,2,-4.7807,60,0.11548,47,-0.2407,48,-0.2264,54,-0.0525,78,0.54812,83,0.65154,64,0.23469,57,0.07564
ENSG00000109920,FNBP4,2,-2.9483,24,0.72265,11,-0.4755,2,-2.5006,17,0.16356,16,0.04057,10,-0.5891,18,0.26159,20,0.62048
ENSG00000149177,PTPRJ,2,-4.0133,36,0.15914,36,0.18469,45,0.52433,39,0.33326,35,0.10434,25,-0.4049,32,-0.0293,33,0.03504
ENSG00000086205,FOLH1,2,-3.6547,223,4.61457,48,1.04198,0,-5.2029,13,-1.0121,6,-2.1048,4,-2.6584,11,-1.2563,2,-4.1113
ENSG00000134817,APLNR,41,0.56557,164,3.21094,112,2.35245,15,-0.9891,17,-0.8475,0,-5.5805,0,-9.0153,0,-6.6130,2,-4.3502
ENSG00000149115,TNKS1BP1,2,-2.4466,6,-0.9344,5,-0.9958,8,-0.3626,10,-0.0824,12,0.16265,21,1.04820,4,-1.3503,15,0.77312
ENSG00000149136,SSRP1,6,-2.9626,40,-0.2267,62,0.44471,68,0.58946,29,-0.7547,72,0.68946,75,0.75337,38,-0.3140,47,0.00151
ENSG00000186907,RTN4RL2,2,-4.4973,1,-4.9418,0,-5.7323,1,-4.6480,31,-0.6208,25,-0.9039,133,1.78618,35,-0.3891,83,1.50202
ENSG00000134809,TIMM10,34,-0.8617,66,0.15185,69,0.23451,32,-0.9257,60,0.00540,46,-0.3858,71,0.28227,65,0.13902,68,0.27524
ENSG00000156587,UBE2L6,2,-4.4750,34,-0.4365,43,-0.0673,148,2.02878,43,-0.0605,14,-1.7357,51,0.19610,37,-0.3005,42,-0.1398
ENSG00000149131,SERPING1,2,-3.6612,20,-0.3944,59,1.35630,27,0.09815,36,0.59030,10,-1.3759,11,-1.2792,41,0.75809,23,-0.2405
ENSG00000166793,YPEL4,2,-3.6568,13,-0.9307,4,-2.7588,2,-3.2081,23,-0.1576,25,-0.0004,61,1.43802,40,0.72318,34,0.63449
ENSG00000156599,ZDHHC5,2,-3.0889,9,-0.9270,6,-1.5481,3,-2.5257,21,0.36496,14,-0.2477,22,0.42127,14,-0.2995,27,1.09622
ENSG00000156603,MED19,2,-3.9259,17,-0.8328,16,-0.9795,46,0.64124,28,-0.1477,45,0.62484,50,0.77076,30,-0.0157,34,0.20527
ENSG00000213593,TMX2,66,-0.6889,121,0.24555,119,0.21727,131,0.37066,65,-0.7620,89,-0.2390,96,-0.1149,161,0.70481,108,0.09260
ENSG00000211450,SELENOH,63,-1.9875,88,-1.4960,82,-1.5894,163,-0.5726,220,-0.1252,193,-0.3168,418,0.91438,323,0.49553,326,0.72941
ENSG00000198561,CTNND1,41,0.10730,43,0.18712,57,0.64111,22,-0.8122,35,-0.1410,19,-1.0463,30,-0.3805,33,-0.1927,45,0.35366
ENSG00000186660,ZFP91,65,0.50647,79,0.81865,54,0.19732,37,-0.3815,44,-0.1084,57,0.29608,30,-0.6998,35,-0.4487,42,-0.2272
ENSG00000110042,DTX4,2,-2.8191,46,1.40709,18,-0.1298,14,-0.4178,16,-0.2778,17,-0.1592,25,0.38486,24,0.36288,18,-0.1707
ENSG00000110048,OSBP,2,-4.2896,27,-0.5755,45,0.21199,67,0.84310,27,-0.6076,47,0.26873,52,0.43448,72,0.97464,36,-0.1574
ENSG00000166900,STX3,2,-3.1411,9,-0.9346,8,-1.0942,19,0.08859,10,-0.9285,20,0.17014,28,0.74810,26,0.61631,24,0.70971
ENSG00000166902,MRPL16,2,-4.2367,23,-0.7698,61,0.74955,49,0.40990,38,-0.0023,35,-0.1360,56,0.61667,55,0.59014,34,-0.2102
ENSG00000110104,CCDC86,2,-2.3626,16,0.67542,5,-1.0796,8,-0.3018,11,0.19469,12,0.29801,14,0.48481,10,0.05444,10,0.05641
ENSG00000110107,PRPF19,2,-5.6727,54,-0.9748,54,-0.9714,160,0.69901,79,-0.4304,152,0.62217,179,0.88774,113,0.14237,116,0.26024
ENSG00000110108,TMEM109,2,-3.5249,33,0.58122,23,0.01550,2,-3.5089,23,-0.0121,27,0.23635,27,0.26879,26,0.20326,28,0.43958
ENSG00000006118,TMEM132A,75,-0.7651,62,-1.0622,115,-0.1171,86,-0.5550,116,-0.1128,105,-0.2526,164,0.43919,127,0.04430,161,0.58433
ENSG00000167987,VPS37C,2,-3.0570,21,0.33722,11,-0.5917,26,0.69949,12,-0.4662,16,-0.0539,24,0.60293,20,0.31329,18,0.12504
ENSG00000167986,DDB1,2,-6.1659,105,-0.4977,146,0.01224,172,0.27344,94,-0.7050,136,-0.0998,176,0.30305,261,0.94845,174,0.40097
ENSG00000149476,TKFC,2,-4.5816,19,-1.3908,25,-0.9617,89,0.98613,44,-0.1400,164,2.07745,73,0.64970,31,-0.6547,34,-0.6958
ENSG00000162144,CYB561A3,2,-2.4295,18,0.86247,21,1.11473,3,-1.6170,12,0.18467,9,-0.1788,19,0.92345,1,-2.7884,10,-0.1525
ENSG00000149532,CPSF7,2,-4.1408,40,0.20208,45,0.38195,36,0.02129,26,-0.5115,43,0.29632,41,0.22214,53,0.63214,37,0.10205
ENSG00000167985,SDHAF2,2,-3.7949,31,0.16251,30,0.14102,8,-1.8705,30,0.14324,22,-0.3313,34,0.32734,50,0.94513,31,0.21310
ENSG00000011347,SYT7,36,-1.9966,3,-5.5135,30,-2.2366,116,-0.2327,100,-0.4933,287,1.22273,229,0.84087,187,0.51378,167,0.46803
ENSG00000134780,DAGLA,20,-1.0406,3,-3.6226,36,-0.1419,18,-1.1752,30,-0.4163,54,0.49804,55,0.52390,71,0.93823,48,0.45534
ENSG00000124920,MYRF,40,-0.6956,452,3.81456,119,1.00154,8,-2.9513,59,-0.1286,17,-1.9302,7,-3.1974,21,-1.6651,12,-2.8223
ENSG00000134825,TMEM258,145,-0.3842,429,1.36959,300,0.76181,91,-1.0851,190,0.03295,179,-0.0584,176,-0.0896,100,-0.9408,155,-0.3689
ENSG00000168496,FEN1,2,-2.8808,14,-0.0383,2,-2.9479,0,-4.3773,12,-0.3673,26,0.87850,34,1.34537,21,0.57311,17,0.32507
ENSG00000134824,FADS2,2,-5.2836,152,1.02465,234,1.77655,52,-0.6714,114,0.61147,43,-0.9475,49,-0.7466,50,-0.7396,59,-0.5943
ENSG00000149485,FADS1,19,-1.5556,158,1.76827,171,1.91156,27,-1.0719,63,0.24124,27,-1.0426,23,-1.3208,45,-0.2961,29,-1.1914
ENSG00000221968,FADS3,55,0.18008,23,-1.1179,48,-0.0363,20,-1.3176,29,-0.8486,55,0.17822,76,0.68823,47,-0.0694,64,0.58152
ENSG00000167995,BEST1,70,2.22669,66,2.12512,52,1.67451,0,-4.7857,18,-0.0296,2,-2.9912,2,-3.3338,1,-4.2542,4,-2.6634
ENSG00000167996,FTH1,2730,-0.2424,10048,1.93941,3608,0.19299,1946,-0.7590,3699,0.25539,1798,-0.8791,2252,-0.5378,3434,0.11502,2067,-0.8359
ENSG00000162174,ASRGL1,63,0.12790,66,0.19403,84,0.59083,98,0.84262,63,0.14658,57,-0.0272,40,-0.5520,38,-0.6455,45,-0.4891
ENSG00000124942,AHNAK,41,-0.4723,120,1.26050,276,2.88633,20,-1.5520,72,0.44697,11,-2.4091,10,-2.5049,18,-1.6508,20,-1.7934
ENSG00000254772,EEF1G,305,0.22694,389,0.61688,469,0.92384,305,0.22461,301,0.22518,214,-0.3270,155,-0.8117,222,-0.2708,193,-0.6137
ENSG00000149499,EML3,2,-2.2741,26,1.60742,29,1.83177,1,-3.2686,13,0.57036,3,-1.5016,0,-6.2397,10,0.06117,7,-0.6481
ENSG00000149489,ROM1,2,-2.4903,38,2.05935,35,1.88583,2,-2.1062,18,0.79863,3,-1.8159,1,-3.1325,0,-5.2611,7,-0.8465
ENSG00000149541,B3GAT3,94,0.47220,52,-0.4591,58,-0.2680,71,0.02513,55,-0.3957,87,0.34948,71,0.02250,57,-0.3107,76,0.19969
ENSG00000089597,GANAB,2,-4.5969,66,0.20055,86,0.62466,64,0.14613,47,-0.3366,66,0.19483,66,0.20886,62,0.10482,62,0.13423
ENSG00000185085,INTS5,29,0.64602,10,-1.0129,11,-0.8441,1,-3.5625,11,-0.8980,21,0.17457,24,0.36316,13,-0.6119,29,0.99799
ENSG00000214756,CSKMT,2,-3.6409,44,0.90002,53,1.20199,23,-0.1378,30,0.30394,16,-0.6426,13,-0.9360,51,1.15775,16,-0.8755
ENSG00000204922,UQCC3,2,-4.3408,41,0.01988,14,-1.5477,20,-1.0909,38,-0.1331,60,0.61316,40,-0.0296,79,1.06181,49,0.42496
ENSG00000162191,UBXN1,2,-4.7942,139,1.21894,71,0.11937,36,-0.9192,61,-0.1400,74,0.18624,59,-0.1660,100,0.66447,63,-0.0850
ENSG00000168000,BSCL2,198,-1.1758,87,-2.3888,210,-1.0869,770,0.93944,271,-0.7582,444,0.05263,567,0.44068,397,-0.1239,592,0.72767
ENSG00000162188,GNG3,395,-0.3986,38,-3.8458,234,-1.1899,544,0.09854,445,-0.2327,693,0.48283,796,0.70801,677,0.44518,594,0.32486
ENSG00000214753,HNRNPUL2,75,-0.0467,59,-0.4009,90,0.23516,46,-0.7995,94,0.34201,105,0.48972,89,0.21803,59,-0.4030,73,-0.1130
ENSG00000162222,TTC9C,39,0.64095,13,-1.0580,5,-2.4908,33,0.35981,19,-0.4970,35,0.47203,57,1.24616,20,-0.4332,25,-0.0912
ENSG00000168002,POLR2G,2,-5.1517,149,1.19077,161,1.32571,74,0.04808,73,0.04457,53,-0.4518,66,-0.1324,62,-0.2190,54,-0.5495
ENSG00000162227,TAF6L,3,-1.5064,9,0.13284,11,0.39140,0,-3.7113,15,0.88724,6,-0.6293,12,0.43766,13,0.58471,7,-0.2824
ENSG00000168569,TMEM223,2,-2.7158,14,0.12829,20,0.66513,0,-4.2698,14,0.07094,11,-0.1834,15,0.23487,15,0.18771,16,0.45298
ENSG00000185475,TMEM179B,2,-3.0789,68,2.20803,41,1.27021,1,-4.3281,28,0.75513,13,-0.5033,17,-0.1369,10,-0.9301,8,-1.4723
ENSG00000162231,NXF1,2,-3.3075,25,0.35624,19,-0.0704,16,-0.3034,21,0.10942,23,0.25093,24,0.32009,8,-1.2947,24,0.44649
ENSG00000162236,STX5,34,0.58242,29,0.30070,21,-0.1724,0,-5.1121,29,0.36804,32,0.49011,28,0.27781,6,-1.9310,24,0.06071
ENSG00000133316,WDR74,2,-3.8311,19,-0.6245,6,-2.3207,85,1.80780,30,0.09555,20,-0.5136,38,0.43126,18,-0.6838,31,0.16435
ENSG00000255717,SNHG1,2,-2.1473,31,2.13366,3,-1.4610,0,-3.3317,10,0.19654,13,0.67894,0,-5.0823,12,0.52658,8,-0.2184
ENSG00000168003,SLC3A2,2,-5.5942,51,-0.9909,381,2.36161,41,-1.2898,106,0.14145,99,0.02499,65,-0.6109,58,-0.7986,89,-0.1744
ENSG00000168539,CHRM1,6,-3.3221,1,-5.4123,27,-1.2863,20,-1.7083,35,-0.9879,146,1.34213,102,0.74300,71,0.16211,97,0.97224
ENSG00000133321,PLAAT4,2,-2.8120,75,3.02163,17,0.27698,1,-3.2350,18,0.41233,13,-0.1268,3,-2.3030,8,-0.8049,7,-1.2623
ENSG00000176485,PLAAT3,24,-2.6360,868,3.43411,337,1.44034,66,-1.1377,113,-0.3651,57,-1.3700,32,-2.2166,51,-1.5396,41,-2.1409
ENSG00000184743,ATL3,2,-3.3373,66,1.99738,36,0.93342,30,0.63581,18,-0.1666,10,-1.0131,7,-1.5027,10,-0.9620,16,-0.4806
ENSG00000133318,RTN3,934,-0.6198,777,-0.8990,652,-1.1628,1289,-0.1250,750,-1.0132,1404,0.00781,2380,0.85538,1469,0.07792,1940,0.74627
ENSG00000188070,C11orf95,2,-3.1158,4,-2.1463,17,0.00216,4,-2.0688,24,0.60073,29,0.81419,25,0.57822,32,0.97937,16,-0.1940
ENSG00000072518,MARK2,2,-3.8204,31,0.16732,33,0.22806,0,-5.2778,27,-0.0624,52,0.96896,44,0.71060,34,0.29517,29,0.05707
ENSG00000176340,COX8A,453,-0.3281,401,-0.5158,591,0.08318,485,-0.2252,627,0.19345,376,-0.6149,713,0.37975,600,0.10701,603,0.15547
ENSG00000167770,OTUB1,23,-3.0476,87,-1.1050,62,-1.6104,182,0.01014,166,-0.1382,352,1.08002,362,1.12440,159,-0.2003,197,0.18588
ENSG00000133315,MACROD1,2,-2.4746,9,-0.2977,20,0.97916,5,-1.0428,11,0.05890,11,-0.0007,9,-0.2328,32,1.74909,8,-0.6510
ENSG00000126500,FLRT1,2,-2.7459,4,-1.7660,8,-0.8213,11,-0.2617,10,-0.4613,36,1.63172,12,-0.1457,34,1.51837,12,-0.2713
ENSG00000168439,STIP1,251,1.68034,80,-0.2032,94,0.05232,24,-1.9936,53,-0.8866,74,-0.3283,97,0.09236,60,-0.6484,100,0.19900
ENSG00000149743,TRPT1,71,1.42446,42,0.54476,34,0.21837,10,-1.5915,24,-0.3569,11,-1.3977,22,-0.4533,19,-0.6562,32,0.15446
ENSG00000149761,NUDT22,38,0.29380,25,-0.3553,31,-0.0165,10,-1.6864,25,-0.3784,9,-1.7425,47,0.64365,38,0.30815,39,0.51903
ENSG00000110011,DNAJC4,2,-3.8567,42,0.57376,27,-0.0940,32,0.14319,39,0.50015,11,-1.3916,32,0.15787,18,-0.6906,34,0.32569
ENSG00000173511,VEGFB,2,-5.2913,102,0.39743,111,0.54538,70,-0.1863,129,0.87623,42,-0.9467,48,-0.7590,74,-0.0937,80,0.02413
ENSG00000173486,FKBP2,2,-3.6152,47,1.02580,44,0.92375,0,-5.1634,36,0.66895,12,-1.0108,23,-0.0944,13,-0.9967,27,0.16715
ENSG00000173457,PPP1R14B,40,-0.0142,42,0.06972,73,0.95487,18,-1.1597,66,0.87899,17,-1.2721,32,-0.3508,26,-0.6375,35,-0.2489
ENSG00000002330,BAD,92,-0.4478,101,-0.3082,179,0.59417,42,-1.6308,119,-0.0544,153,0.34132,172,0.53263,128,0.05920,124,0.01195
ENSG00000173264,GPR137,2,-4.2028,32,-0.2343,42,0.21436,47,0.37952,31,-0.2693,33,-0.1533,36,-0.0265,42,0.20819,46,0.45843
ENSG00000182450,KCNK4,2,-3.0686,3,-2.5540,0,-4.5716,11,-0.6023,16,-0.0541,26,0.71971,32,1.03484,43,1.54184,17,0.01457
ENSG00000173153,ESRRA,46,0.63988,22,-0.5191,39,0.35702,15,-1.0712,25,-0.3361,5,-2.5305,21,-0.5393,50,0.75577,38,0.45040
ENSG00000173113,TRMT112,222,0.55654,198,0.37821,118,-0.4303,160,0.04154,126,-0.3561,111,-0.5186,181,0.23746,159,0.03139,156,0.00600
ENSG00000126432,PRDX5,564,0.39014,308,-0.5489,290,-0.6416,348,-0.3654,469,0.10921,291,-0.6368,583,0.44462,443,0.00913,490,0.22665
ENSG00000162302,RPS6KA4,101,1.36718,16,-1.4738,21,-1.1306,90,1.16509,36,-0.3011,50,0.22919,24,-0.8959,30,-0.5849,41,-0.1446
ENSG00000110076,NRXN2,228,0.65695,45,-1.8001,75,-1.0623,120,-0.3571,122,-0.3520,248,0.79618,139,-0.1319,137,-0.1526,181,0.39913
ENSG00000068831,RASGRP2,2,-3.4632,10,-1.0941,1,-3.7212,4,-2.5698,19,-0.2469,7,-1.6708,31,0.51278,12,-0.9091,45,1.92352
ENSG00000068976,PYGM,2,-2.9930,21,0.46775,57,2.14728,6,-1.4002,28,0.99282,14,-0.2298,4,-2.1125,7,-1.1697,10,-0.8354
ENSG00000168066,SF1,48,-1.0216,112,0.27269,143,0.65818,81,-0.2295,97,0.05173,93,-0.0252,97,0.04605,105,0.15967,88,-0.1366
ENSG00000168067,MAP4K2,2,-3.5599,13,-0.8639,10,-1.2976,29,0.34024,29,0.36469,23,-0.0448,36,0.66235,33,0.51932,26,0.16983
ENSG00000133895,MEN1,2,-3.4415,11,-1.0482,14,-0.6169,16,-0.4215,16,-0.5249,30,0.49378,27,0.36905,23,0.11839,32,0.85831
ENSG00000110047,EHD1,2,-3.4843,40,0.90638,58,1.56630,36,0.75374,21,-0.1137,28,0.37832,7,-1.7638,17,-0.3762,15,-0.7372
ENSG00000110046,ATG2A,2,-3.3274,16,-0.3800,15,-0.4366,12,-0.8137,21,0.09211,45,1.32401,23,0.24437,26,0.41662,20,-0.0290
ENSG00000068971,PPP2R5B,2,-5.1905,36,-1.0682,26,-1.5755,108,0.60436,51,-0.6002,110,0.63940,66,-0.1745,99,0.46412,102,0.73975
ENSG00000213465,ARL2,92,-0.7496,243,0.76757,206,0.49621,81,-0.9487,159,0.08928,159,0.08689,197,0.42311,187,0.34081,119,-0.4724
ENSG00000110025,SNX15,2,-3.9797,31,-0.0369,41,0.41912,55,0.88241,28,-0.1961,47,0.62650,24,-0.4411,45,0.57001,27,-0.2846
ENSG00000168061,SAC3D1,2,-3.3580,23,0.15508,33,0.76031,33,0.75412,15,-0.5349,20,-0.0123,25,0.34162,37,0.93023,16,-0.4951
ENSG00000162300,ZFPL1,41,0.51450,60,1.16315,26,-0.1937,22,-0.4368,26,-0.2093,11,-1.4810,20,-0.5622,32,0.15664,29,-0.0036
ENSG00000149823,VPS51,105,0.19898,71,-0.4095,74,-0.3543,51,-0.9237,88,-0.0861,155,0.82328,100,0.11777,92,-0.0201,96,0.06113
ENSG00000149809,TM7SF2,88,-0.3521,106,-0.0663,153,0.51923,166,0.64600,63,-0.9154,87,-0.3630,127,0.21572,84,-0.4147,125,0.25847
ENSG00000174276,ZNHIT2,13,0.54508,8,-0.2334,6,-0.7040,2,-2.3940,9,-0.1332,16,0.81416,8,-0.1830,8,-0.1552,11,0.29663
ENSG00000149806,FAU,876,0.16640,1602,1.15238,1067,0.47976,588,-0.4514,887,0.20341,548,-0.5591,525,-0.6242,842,0.10368,606,-0.5206
ENSG00000162298,SYVN1,2,-4.2151,75,1.12252,48,0.40762,20,-0.9436,32,-0.2288,47,0.36145,48,0.40620,28,-0.4452,38,0.03410
ENSG00000149792,MRPL49,10,-1.5621,25,-0.2857,30,-0.0035,106,2.13412,16,-1.0152,45,0.63874,34,0.20297,7,-2.0407,25,-0.3448
ENSG00000014216,CAPN1,2,-4.3328,15,-1.4408,61,0.65167,11,-1.8764,37,-0.1537,51,0.37265,80,1.09724,42,0.06876,47,0.33104
ENSG00000149798,CDC42EP2,2,-2.7025,72,3.10962,12,-0.0523,18,0.49087,8,-0.7621,23,0.91152,2,-2.2448,0,-4.0391,5,-1.5082
ENSG00000133884,DPF2,4,-2.8654,65,1.43846,52,1.06361,17,-0.7153,23,-0.2487,27,-0.0060,22,-0.2747,18,-0.6023,25,-0.1784
ENSG00000245532,NEAT1,15,-1.7783,185,2.19291,226,2.60403,6,-3.0557,79,0.76045,6,-3.1756,7,-2.9468,23,-1.2269,10,-2.6884
ENSG00000251562,MALAT1,1156,0.40810,1966,1.29027,1628,0.96864,275,-1.7788,2005,1.53640,425,-1.1333,359,-1.3854,378,-1.3076,353,-1.6796
ENSG00000142186,SCYL1,58,-0.2803,34,-1.0928,47,-0.6095,11,-2.7613,52,-0.4908,63,-0.1633,84,0.28857,88,0.37411,105,0.94197
ENSG00000168056,LTBP3,21,-1.5798,109,0.97313,186,1.91080,22,-1.4843,56,-0.1117,39,-0.6556,49,-0.2863,20,-1.6535,54,-0.1873
ENSG00000173465,ZNRD2,48,1.27464,20,-0.1259,19,-0.2383,8,-1.4896,23,0.07190,24,0.17756,31,0.55099,8,-1.5444,20,-0.1690
ENSG00000176973,FAM89B,2,-4.3768,38,-0.5161,30,-0.8660,46,-0.2388,52,-0.0509,66,0.32661,56,0.08387,65,0.31683,72,0.65765
ENSG00000173442,EHBP1L1,4,-3.2042,5,-2.6349,19,-0.8640,4,-2.9402,46,0.50125,51,0.62137,35,0.03842,20,-0.8044,54,1.05789
ENSG00000173327,MAP3K11,40,0.74447,80,1.94053,90,2.18185,0,-5.1928,22,-0.2356,14,-0.8965,11,-1.1836,12,-1.1211,9,-1.8522
ENSG00000197136,PCNX3,2,-3.3457,19,-0.0978,17,-0.2679,7,-1.4915,15,-0.4829,40,1.07427,11,-0.9540,41,1.10898,24,0.39042
ENSG00000213445,SIPA1,7,-0.5072,24,1.50312,30,1.89313,17,0.91404,9,-0.0377,13,0.44059,7,-0.5395,0,-4.8709,2,-2.5114
ENSG00000173039,RELA,53,1.72886,36,1.03569,33,0.91000,0,-4.7201,19,0.01823,15,-0.3542,11,-0.7542,8,-1.2418,12,-0.8184
ENSG00000172977,KAT5,11,-1.5582,30,-0.0790,56,0.92269,20,-0.7129,24,-0.4517,16,-0.9889,43,0.50897,43,0.48726,35,0.25339
ENSG00000172922,RNASEH2C,2,-4.6172,96,1.07600,51,0.04814,109,1.28049,58,0.27236,46,-0.1208,35,-0.5347,36,-0.4930,38,-0.5091
ENSG00000172757,CFL1,697,-0.6181,950,-0.1429,905,-0.2171,969,-0.1114,882,-0.2777,1221,0.25110,1426,0.49942,847,-0.3199,1188,0.28445
ENSG00000172803,SNX32,60,1.17079,2,-3.5496,3,-3.2956,27,-0.1339,13,-1.2571,55,1.01066,39,0.43510,20,-0.5852,37,0.51015
ENSG00000172732,MUS81,2,-3.0667,27,0.74419,9,-0.9135,14,-0.2086,18,0.13239,13,-0.3953,20,0.29381,28,0.83987,17,0.01419
ENSG00000172638,EFEMP2,107,2.65329,26,0.11924,68,1.74046,6,-1.9038,21,-0.1720,9,-1.4492,7,-1.7675,11,-1.0846,8,-1.9493
ENSG00000172500,FIBP,12,-3.1156,63,-0.6774,48,-1.0942,101,0.04320,85,-0.2534,120,0.31092,138,0.53735,121,0.32480,127,0.56012
ENSG00000175602,CCDC85B,330,-0.3753,160,-1.4664,169,-1.3877,399,-0.0838,530,0.40112,519,0.32856,441,0.07134,308,-0.4804,522,0.47214
ENSG00000175573,C11orf68,57,-0.2620,50,-0.4569,56,-0.2837,78,0.22312,52,-0.4322,78,0.22434,82,0.30921,109,0.76788,65,-0.0541
ENSG00000175550,DRAP1,251,1.01661,176,0.43550,78,-0.8272,149,0.16761,124,-0.1306,98,-0.4754,123,-0.1342,116,-0.2223,125,-0.1373
ENSG00000175467,SART1,2,-3.4794,40,0.93314,20,-0.1791,0,-4.7822,21,-0.0972,24,0.12691,15,-0.5700,29,0.43279,29,0.58971
ENSG00000175376,EIF1AD,2,-2.6714,12,-0.0480,0,-4.3449,2,-2.2487,13,0.01489,31,1.43642,20,0.73717,12,-0.0870,15,0.32255
ENSG00000175334,BANF1,43,-1.3708,189,0.90017,153,0.55338,106,-0.0196,97,-0.1814,78,-0.5015,94,-0.2122,98,-0.1412,111,0.07008
ENSG00000175229,GAL3ST3,2,-2.9730,1,-3.7211,11,-0.5407,7,-1.2613,13,-0.2740,29,0.98089,27,0.86611,13,-0.2465,22,0.73967
ENSG00000087365,SF3B2,94,-0.1937,98,-0.1385,123,0.21717,116,0.12785,101,-0.0992,96,-0.1715,117,0.14225,141,0.43309,101,-0.1176
ENSG00000175115,PACS1,2,-4.2798,14,-1.5480,19,-1.0511,62,0.74124,39,-0.0143,54,0.52600,39,0.00611,38,-0.0219,50,0.55075
ENSG00000174996,KLC2,65,-0.5626,22,-2.1605,33,-1.5526,63,-0.6165,77,-0.3383,107,0.19799,129,0.50093,109,0.23594,135,0.82954
ENSG00000174903,RAB1B,73,-0.3576,88,-0.0669,128,0.52241,126,0.49065,83,-0.1734,108,0.25584,102,0.16141,55,-0.7976,88,-0.0995
ENSG00000174871,CNIH2,97,-0.8535,18,-3.2795,65,-1.4411,98,-0.8347,170,0.00932,233,0.50798,217,0.39307,205,0.30392,231,0.70682
ENSG00000174851,YIF1A,2,-4.1337,77,1.26070,73,1.18298,44,0.34531,33,-0.0973,33,-0.0792,24,-0.6046,31,-0.2072,27,-0.5221
ENSG00000179292,TMEM151A,188,0.87659,222,1.15221,113,0.05265,120,0.15165,44,-1.4586,111,0.02202,109,-0.0038,84,-0.3956,96,-0.2622
ENSG00000174791,RIN1,19,0.54404,0,-5.0806,4,-1.8312,7,-0.9176,12,-0.1638,15,0.20272,17,0.35955,6,-1.0426,20,0.94702
ENSG00000174744,BRMS1,2,-2.8386,30,1.21041,2,-2.7078,1,-3.0978,16,0.18731,17,0.31847,11,-0.3929,27,1.04588,15,0.16425
ENSG00000174684,B4GAT1,152,-1.6257,86,-2.4654,312,-0.5450,504,0.19538,240,-1.0027,611,0.50372,626,0.54071,1096,1.48633,479,0.15764
ENSG00000174547,MRPL11,2,-3.6202,26,0.09433,30,0.31647,15,-0.7143,30,0.35089,16,-0.6245,21,-0.2604,40,0.75746,27,0.22061
ENSG00000174516,PELI3,103,1.47571,10,-2.1462,13,-1.6791,20,-1.1233,35,-0.2893,53,0.36529,56,0.45953,31,-0.4568,47,0.24285
ENSG00000254986,DPP3,2,-2.1054,20,1.37295,7,-0.3548,0,-3.6657,9,0.04301,11,0.37070,14,0.78227,3,-1.5180,9,0.12941
ENSG00000174483,BBS1,2,-3.0650,10,-0.7155,24,0.58556,0,-4.6163,16,-0.0409,25,0.62779,27,0.76819,22,0.43792,18,0.19569
ENSG00000174165,ZDHHC24,140,2.30756,28,-0.3777,22,-0.7569,19,-1.0015,26,-0.5417,43,0.24124,47,0.38567,12,-1.6791,28,-0.5210
ENSG00000174080,CTSF,105,-0.6176,140,-0.1733,170,0.12382,193,0.32768,114,-0.5351,172,0.14426,171,0.13107,195,0.33904,167,0.12828
ENSG00000173992,CCS,2,-3.9971,38,0.26624,44,0.49201,35,0.13706,32,-0.0074,52,0.76193,23,-0.5029,49,0.66429,28,-0.2968
ENSG00000239306,RBM14,2,-4.0837,30,-0.1707,55,0.77118,80,1.40128,29,-0.2439,43,0.35964,28,-0.2705,24,-0.5577,30,-0.2404
ENSG00000173933,RBM4,2,-5.0466,65,-0.0452,70,0.06712,40,-0.7660,55,-0.3082,84,0.36945,80,0.28609,89,0.45973,81,0.43577
ENSG00000173914,RBM4B,2,-3.0321,23,0.56580,18,0.20029,12,-0.4074,17,0.10951,10,-0.6742,7,-1.1928,26,0.76440,19,0.34499
ENSG00000173898,SPTBN2,2,-5.4820,4,-4.5682,28,-1.7414,52,-0.8322,108,0.30733,114,0.37358,124,0.49691,97,0.11432,134,0.91847
ENSG00000173599,PC,2,-4.3134,52,0.40827,71,0.93027,40,0.01871,52,0.47074,27,-0.5687,37,-0.0993,46,0.22325,34,-0.2938
ENSG00000173621,LRFN4,67,1.02875,15,-1.2652,29,-0.3021,6,-2.5254,21,-0.8509,46,0.41352,46,0.41433,34,-0.0406,43,0.44661
ENSG00000173227,SYT12,2,-3.8146,3,-2.9896,16,-0.8805,8,-1.7927,24,-0.2302,37,0.40752,69,1.46416,24,-0.2730,40,0.77362
ENSG00000173120,KDM2A,2,-3.4919,18,-0.3086,19,-0.2633,4,-2.4713,19,-0.2829,48,1.22148,33,0.59255,13,-0.8560,29,0.59407
ENSG00000173020,GRK2,3,-4.8043,33,-1.4470,51,-0.8135,63,-0.4954,87,0.01292,177,1.16010,82,-0.0882,98,0.19078,111,0.55322
ENSG00000172932,ANKRD13D,57,0.50629,21,-1.0163,9,-2.1576,46,0.16916,36,-0.2490,54,0.41360,36,-0.2118,59,0.56601,46,0.21967
ENSG00000175482,POLD4,2,-3.8810,56,1.03102,49,0.80597,0,-5.4266,41,0.56758,30,0.03378,34,0.20209,19,-0.6863,28,-0.1065
ENSG00000172531,PPP1CA,204,1.09908,71,-0.5670,143,0.50748,131,0.36980,70,-0.6348,110,0.09057,102,-0.0134,79,-0.4144,91,-0.2597
ENSG00000172508,CARNS1,2,-5.3652,657,4.15478,187,1.30636,5,-3.9321,59,-0.5854,32,-1.4731,6,-3.9102,36,-1.2652,13,-3.1413
ENSG00000175634,RPS6KB2,47,1.59054,25,0.56643,15,-0.2595,10,-0.7878,18,0.02876,14,-0.2897,17,-0.0898,6,-1.6431,15,-0.3426
ENSG00000172725,CORO1B,2,-3.2859,46,1.40676,16,-0.2535,14,-0.5082,19,-0.0728,1,-3.4307,12,-0.7608,24,0.35940,25,0.53287
ENSG00000172663,TMEM134,2,-3.9023,61,1.15423,29,-0.0574,74,1.47386,27,-0.1702,29,-0.0570,15,-1.0018,18,-0.7558,27,-0.2239
ENSG00000110711,AIP,94,0.72480,91,0.66432,53,-0.2005,110,0.96941,39,-0.7081,65,0.12413,37,-0.7234,70,0.25337,45,-0.5523
ENSG00000110697,PITPNM1,71,0.78217,9,-2.3102,33,-0.4038,1,-4.8583,52,0.30510,58,0.45752,43,-0.0200,59,0.46344,47,0.15407
ENSG00000167797,CDK2AP2,2,-4.5558,127,1.62865,107,1.33658,15,-1.6597,46,-0.0540,38,-0.3378,38,-0.3175,68,0.57176,32,-0.7569
ENSG00000084207,GSTP1,6,-5.0399,446,1.39682,442,1.38093,224,0.25637,208,0.15421,147,-0.4011,99,-0.9912,166,-0.2149,132,-0.7086
ENSG00000167792,NDUFV1,84,-1.3729,156,-0.4407,111,-0.9597,189,-0.1510,193,-0.1252,218,0.07505,260,0.35193,301,0.58463,250,0.39769
ENSG00000110717,NDUFS8,60,-1.6158,130,-0.4685,188,0.10501,148,-0.2667,204,0.25374,151,-0.2400,196,0.16503,183,0.05780,206,0.34212
ENSG00000110721,CHKA,2,-3.7779,59,1.23155,32,0.23116,30,0.12290,26,-0.1086,37,0.45563,14,-0.9672,20,-0.4711,28,0.03955
ENSG00000110066,KMT5B,2,-3.4644,41,0.98369,35,0.72749,12,-0.9573,22,0.00379,22,0.00068,28,0.37083,17,-0.4152,22,-0.0429
ENSG00000171067,C11orf24,2,-3.2325,29,0.68354,38,1.15293,15,-0.3350,12,-0.6484,19,-0.0078,27,0.54375,14,-0.3991,19,-0.0071
ENSG00000110075,PPP6R3,38,0.14768,36,0.02812,57,0.77541,68,1.07519,25,-0.5738,24,-0.5825,17,-1.0877,34,-0.0317,33,-0.1337
ENSG00000110090,CPT1A,2,-2.8765,7,-0.9686,62,2.50712,19,0.43462,20,0.57562,4,-1.6679,2,-2.9416,7,-1.1121,11,-0.5037
ENSG00000197345,MRPL21,26,-1.6032,57,-0.4250,75,-0.0084,73,-0.0587,67,-0.2007,76,-0.0001,137,0.95158,80,0.08483,81,0.15325
ENSG00000110092,CCND1,2,-2.5650,34,1.76423,30,1.52859,24,1.14894,20,0.95678,0,-8.2535,2,-2.5157,2,-2.3939,4,-1.6426
ENSG00000149716,LTO1,3,-1.5221,15,0.74260,4,-1.1583,0,-3.8055,9,-0.0743,11,0.21938,7,-0.4889,13,0.55227,12,0.62616
ENSG00000131626,PPFIA1,2,-3.4236,35,0.78829,49,1.34640,27,0.38147,28,0.44267,22,0.06161,12,-0.8361,12,-0.8269,16,-0.6054
ENSG00000085733,CTTN,9,-2.9834,92,0.50386,96,0.56809,52,-0.3803,57,-0.2660,72,0.10402,71,0.10225,81,0.30769,71,0.11294
ENSG00000162105,SHANK2,2,-4.5780,1,-4.7972,18,-1.4480,31,-0.6611,46,-0.0572,74,0.68149,49,0.02296,35,-0.4730,80,1.24205
ENSG00000172893,DHCR7,41,-0.2098,78,0.81318,80,0.85927,33,-0.5370,37,-0.3739,23,-1.0542,52,0.17019,18,-1.4018,52,0.22269
ENSG00000254682,AP002387.2,2,-2.4812,26,1.36467,30,1.63261,0,-4.0373,9,-0.4037,9,-0.2786,14,0.41591,2,-2.3632,11,-0.0722
ENSG00000172890,NADSYN1,50,2.26236,15,0.16077,22,0.83712,0,-4.2857,12,-0.1397,2,-2.7348,7,-0.9138,10,-0.4730,10,-0.4747
ENSG00000137522,RNF121,2,-3.4130,11,-0.9509,27,0.39076,24,0.16973,15,-0.5577,26,0.28859,29,0.48029,13,-0.7072,29,0.65484
ENSG00000137497,NUMA1,90,0.39770,114,0.79404,105,0.65528,46,-0.6431,60,-0.2343,71,0.02522,34,-1.0977,70,0.01455,63,-0.1855
ENSG00000184154,LRTOMT,2,-2.3586,16,0.68281,17,0.84019,0,-3.9159,14,0.59949,8,-0.2527,14,0.46057,5,-0.8675,10,-0.0332
ENSG00000149357,LAMTOR1,40,-1.9037,199,0.53050,130,-0.1459,93,-0.6462,147,0.05505,173,0.30158,181,0.37559,155,0.13135,147,0.06223
ENSG00000110200,ANAPC15,2,-4.6679,50,-0.0385,48,-0.1109,27,-0.9421,55,0.12917,74,0.57620,60,0.23851,43,-0.2815,63,0.45401
ENSG00000165458,INPPL1,2,-2.4548,24,1.24210,24,1.27478,0,-4.0111,17,0.79994,10,-0.1373,2,-2.1235,6,-0.9317,10,-0.2218
ENSG00000162129,CLPB,2,-3.8197,23,-0.3033,19,-0.5808,49,0.87578,32,0.23886,24,-0.2317,23,-0.3214,39,0.52060,31,0.16935
ENSG00000186642,PDE2A,106,-0.6226,15,-3.4849,46,-1.8614,143,-0.1735,123,-0.4286,326,1.15828,176,0.15478,164,0.04244,213,0.64652
ENSG00000186635,ARAP1,2,-3.4854,35,0.71121,43,1.05757,20,-0.1467,30,0.51181,53,1.39957,3,-2.6762,30,0.45393,11,-1.2953
ENSG00000214530,STARD10,140,1.84572,32,-0.5612,36,-0.3881,40,-0.2233,46,-0.0077,84,0.94928,42,-0.1524,23,-1.0652,28,-0.9241
ENSG00000285693,AP002381.2,2,-2.4338,8,-0.4267,12,0.15964,29,1.61242,15,0.56431,14,0.43321,0,-8.1666,6,-0.8153,10,-0.1948
ENSG00000168010,ATG16L2,2,-2.1885,3,-1.4675,3,-1.4582,1,-3.2985,10,0.15752,5,-0.8321,21,1.36536,8,-0.2359,14,0.93169
ENSG00000137478,FCHSD2,2,-3.3407,48,1.38930,22,0.13843,3,-2.5276,24,0.31319,32,0.73838,11,-0.9476,30,0.59513,17,-0.3780
ENSG00000110237,ARHGEF17,2,-4.3385,8,-2.3761,71,0.90017,61,0.63053,32,-0.3763,79,1.05827,55,0.47556,43,0.07611,36,-0.2220
ENSG00000054965,FAM168A,74,-0.3514,96,0.04752,78,-0.2776,111,0.27978,89,-0.0744,75,-0.3316,76,-0.3071,89,-0.0740,108,0.32343
ENSG00000021300,PLEKHB1,53,-2.4320,1243,2.70913,703,1.58159,110,-1.3693,327,0.32913,130,-1.1101,61,-2.2362,176,-0.6594,97,-1.8376
ENSG00000175582,RAB6A,2,-6.8917,122,-1.0366,117,-1.0912,198,-0.2979,183,-0.4474,260,0.12267,427,0.92579,249,0.05918,345,0.83221
ENSG00000175581,MRPL48,38,0.09517,84,1.39727,40,0.18707,15,-1.2403,28,-0.3903,33,-0.1053,47,0.43922,35,-0.0021,28,-0.4499
ENSG00000181924,COA4,2,-4.1598,95,1.58315,54,0.62505,3,-3.3121,31,-0.2456,15,-1.2897,23,-0.6840,119,1.98386,25,-0.7397
ENSG00000175575,PAAF1,126,2.12218,49,0.48236,45,0.35454,25,-0.5433,25,-0.6293,22,-0.7576,12,-1.6428,35,-0.0520,27,-0.6012
ENSG00000214517,PPME1,2,-5.4291,29,-1.8570,51,-1.0487,211,1.19699,66,-0.6999,160,0.73821,172,0.85698,123,0.31825,108,0.13832
ENSG00000165434,PGM2L1,251,-0.1375,13,-4.4463,59,-2.3071,425,0.70161,159,-0.8891,485,0.91890,342,0.34944,370,0.47661,324,0.36774
ENSG00000166439,RNF169,2,-2.1573,18,1.13125,4,-1.0308,0,-3.7169,9,0.10051,20,1.28551,3,-1.3978,2,-1.8063,11,0.56032
ENSG00000118363,SPCS2,148,0.04737,232,0.76573,210,0.60306,161,0.17625,109,-0.4657,127,-0.1962,83,-0.8460,139,-0.0514,138,-0.0847
ENSG00000137491,SLCO2B1,2,-3.5214,35,0.60722,87,2.19971,11,-1.1037,51,1.40866,9,-1.3677,6,-2.0687,17,-0.4850,10,-1.5288
ENSG00000137486,ARRB1,45,-0.9882,30,-1.5725,131,0.68404,94,0.14190,107,0.39229,123,0.57925,51,-0.7765,101,0.25828,80,-0.1236
ENSG00000149273,RPS3,338,-0.2457,1032,1.58808,654,0.80483,287,-0.4946,442,0.18874,241,-0.7618,262,-0.6367,288,-0.4921,290,-0.6080
ENSG00000149243,KLHL35,2,-2.5762,6,-1.0684,3,-1.7833,0,-4.1285,13,0.16037,21,0.87824,10,-0.1781,7,-0.7988,20,1.19070
ENSG00000158555,GDPD5,2,-3.2930,4,-2.3998,2,-3.0827,52,1.60403,15,-0.3898,69,2.14420,10,-0.9939,14,-0.4823,17,-0.2167
ENSG00000171533,MAP6,2,-5.4255,27,-1.7341,35,-1.3813,107,0.33806,83,-0.0691,141,0.78085,146,0.82944,83,-0.0672,105,0.41271
ENSG00000062282,DGAT2,2,-2.4590,0,-6.9115,2,-2.5677,9,-0.2374,7,-0.6596,34,1.87352,22,1.10474,7,-0.6508,13,0.37089
ENSG00000198382,UVRAG,2,-3.4028,31,0.57779,15,-0.5568,93,2.59212,11,-1.0101,29,0.47906,13,-0.7425,6,-1.8497,16,-0.5199
ENSG00000137492,THAP12,2,-3.4922,22,-0.2716,21,-0.3738,1,-4.2253,18,-0.5697,28,0.11239,29,0.16200,29,0.15320,43,1.17770
ENSG00000255135,AP002360.1,2,-2.9589,19,0.35793,23,0.62900,1,-3.5047,14,-0.1311,18,0.25304,20,0.42953,19,0.29004,17,0.24731
ENSG00000158636,EMSY,2,-2.1247,18,1.12808,3,-1.4364,0,-3.6848,10,0.20649,9,0.09055,16,1.02561,9,0.10358,9,0.00699
ENSG00000078124,ACER3,2,-4.3949,140,2.01754,72,0.85887,24,-0.8577,35,-0.3321,57,0.46122,15,-1.5246,82,1.06368,22,-1.1915
ENSG00000149260,CAPN5,25,0.42099,7,-1.4563,18,-0.1478,20,0.06645,9,-1.1788,10,-0.9517,36,0.96247,13,-0.6361,26,0.66690
ENSG00000149269,PAK1,41,-2.4703,20,-3.5330,28,-3.0249,130,-0.7717,112,-1.0681,224,0.06236,532,1.48895,235,0.13275,343,1.10203
ENSG00000074201,CLNS1A,60,-0.3401,93,0.33345,86,0.21223,115,0.66493,67,-0.2066,86,0.21223,77,0.03025,59,-0.3830,67,-0.2226
ENSG00000048649,RSF1,2,-4.8251,74,0.40401,63,0.16440,78,0.49448,80,0.59649,64,0.16867,42,-0.4633,61,0.10311,49,-0.2882
ENSG00000087884,AAMDC,2,-2.7735,58,2.49262,42,1.86977,0,-4.3270,19,0.62716,9,-0.5951,5,-1.4040,2,-2.6618,5,-1.7594
ENSG00000151366,NDUFC2,136,-1.5410,293,-0.3897,372,-0.0247,440,0.24173,268,-0.5706,445,0.25922,580,0.68556,413,0.13889,423,0.24477
ENSG00000159063,ALG8,38,1.31266,17,-0.0017,23,0.47524,0,-4.5949,17,-0.0081,14,-0.3008,16,-0.0938,5,-1.6043,18,0.14057
ENSG00000188997,KCTD21,2,-2.9367,10,-0.6666,10,-0.6279,34,1.29732,17,0.20363,22,0.60400,21,0.52658,13,-0.2855,13,-0.3280
ENSG00000033327,GAB2,38,1.34889,50,1.84906,21,0.39758,14,-0.2395,15,-0.1496,36,1.27007,7,-1.2987,6,-1.4336,3,-2.8437
ENSG00000149256,TENM4,2,-3.4759,13,-0.8177,2,-3.1297,13,-0.7854,12,-0.9402,11,-1.0491,41,0.96707,13,-0.7825,42,1.63748
ENSG00000182103,FAM181B,8,-2.3021,100,1.48201,185,2.68403,26,-0.6630,44,0.16322,16,-1.4232,13,-1.7329,29,-0.4912,15,-1.7589
ENSG00000137509,PRCP,42,-0.2927,43,-0.2476,177,2.13731,47,-0.1072,55,0.16005,53,0.08290,31,-0.7569,26,-1.0087,32,-0.8854
ENSG00000137502,RAB30,2,-4.0560,59,0.92056,58,0.89409,29,-0.2133,39,0.29026,30,-0.1363,18,-0.9374,39,0.24578,30,-0.2386
ENSG00000246067,RAB30-DT,2,-2.2629,24,1.50879,1,-2.8075,0,-3.8211,11,0.26022,8,-0.2030,12,0.40099,19,1.06620,8,-0.1954
ENSG00000165494,PCF11,2,-3.4940,37,0.80351,27,0.26446,29,0.39295,18,-0.3616,36,0.72174,21,-0.0789,32,0.57444,18,-0.4323
ENSG00000137494,ANKRD42,2,-3.2449,5,-1.8682,16,-0.2082,25,0.40599,15,-0.3873,9,-1.0863,18,-0.1068,31,0.76453,28,0.86063
ENSG00000137500,CCDC90B,65,0.62427,53,0.27440,67,0.65650,10,-2.2329,31,-0.5979,41,-0.1283,76,0.87414,34,-0.3764,42,-0.1206
ENSG00000150672,DLG2,2,-5.3433,76,-0.2746,70,-0.3895,100,0.15046,99,0.15117,137,0.65203,92,0.02879,84,-0.1097,105,0.30978
ENSG00000171204,TMEM126B,128,0.47936,58,-0.7291,63,-0.6228,165,0.89834,68,-0.5398,55,-0.8151,109,0.22292,72,-0.4049,110,0.32755
ENSG00000171202,TMEM126A,145,1.43319,29,-1.1034,55,-0.1522,40,-0.6212,48,-0.3878,52,-0.2306,71,0.24821,46,-0.4083,63,0.08483
ENSG00000137504,CREBZF,36,0.38790,34,0.30494,24,-0.2630,33,0.22639,22,-0.4289,34,0.31158,27,-0.0828,29,0.06955,26,-0.1323
ENSG00000137501,SYTL2,2,-4.0229,43,0.42625,23,-0.5347,45,0.49158,35,0.12088,42,0.39207,58,0.91645,20,-0.7512,30,-0.1345
ENSG00000073921,PICALM,42,-0.9736,222,1.68576,127,0.72711,38,-1.1362,70,-0.2370,88,0.13689,80,-0.0160,40,-1.0735,68,-0.3517
ENSG00000074266,EED,2,-3.0424,18,0.13285,16,-0.0133,0,-4.5701,13,-0.3540,27,0.77481,12,-0.4940,15,-0.1731,24,0.89493
ENSG00000149196,HIKESHI,2,-4.9370,72,0.23904,49,-0.3532,20,-1.6910,49,-0.3813,73,0.25539,93,0.65726,51,-0.2805,86,0.75163
ENSG00000151376,ME3,37,-0.6508,0,-7.2545,37,-0.6132,52,-0.1088,32,-0.8888,85,0.66731,81,0.57302,61,0.12232,78,0.73921
ENSG00000150687,PRSS23,2,-2.8958,2,-3.0252,51,2.07390,0,-4.4488,9,-0.8092,17,0.24371,12,-0.3119,23,0.68624,17,0.27880
ENSG00000166575,TMEM135,33,0.63295,15,-0.5916,17,-0.3681,22,-0.0128,15,-0.6353,31,0.53818,17,-0.3485,43,1.09533,19,-0.2583
ENSG00000109861,CTSC,2,-2.5081,14,0.33006,5,-1.2414,29,1.52649,22,1.21474,0,-4.7835,8,-0.4882,1,-3.0041,11,-0.0734
ENSG00000168959,GRM5,44,-1.0031,5,-4.0389,30,-1.5519,209,1.46357,45,-1.0505,147,0.86266,98,0.20425,118,0.51089,93,0.17749
ENSG00000110172,CHORDC1,2,-4.2370,51,0.46675,23,-0.7741,50,0.43547,28,-0.5205,45,0.26523,57,0.65386,37,-0.0228,43,0.27262
ENSG00000165323,FAT3,2,-3.9797,3,-3.1367,12,-1.4717,55,0.87743,24,-0.4407,21,-0.6002,38,0.30530,27,-0.2320,51,1.13284
ENSG00000180773,SLC36A4,2,-3.4088,18,-0.2364,10,-1.1416,59,1.69747,15,-0.5373,14,-0.6168,18,-0.2863,17,-0.2968,27,0.50411
ENSG00000166012,TAF1D,148,0.93146,79,-0.0793,60,-0.4985,102,0.32598,87,0.08420,63,-0.4316,72,-0.2198,98,0.26727,70,-0.3259
ENSG00000182919,C11orf54,2,-2.9464,35,1.35441,32,1.17309,32,1.18216,9,-0.8907,14,-0.0805,14,-0.1240,8,-1.0014,11,-0.6302
ENSG00000042429,MED17,2,-2.7266,18,0.45413,26,1.10918,13,-0.0388,12,-0.1596,19,0.54179,15,0.24187,16,0.34336,9,-0.6210
ENSG00000166025,AMOTL1,2,-3.9177,7,-2.1042,50,0.81079,113,2.25447,25,-0.3191,98,1.96922,13,-1.2480,8,-1.8717,13,-1.5212
ENSG00000150316,CWC15,41,-1.1939,135,0.63561,89,-0.0232,84,-0.1139,75,-0.3104,96,0.09131,92,0.02954,102,0.19030,96,0.13723
ENSG00000263465,SRSF8,23,-1.4969,49,-0.3747,50,-0.3462,130,1.18228,54,-0.2288,82,0.43556,56,-0.1729,74,0.26275,60,-0.0865
ENSG00000149218,ENDOD1,2,-4.9183,171,1.72249,114,1.00345,63,0.05635,53,-0.2293,80,0.43728,45,-0.4752,31,-1.0197,45,-0.5981
ENSG00000149212,SESN3,20,-2.2697,51,-0.9268,107,0.21037,117,0.34529,79,-0.2913,171,0.96761,100,0.09048,98,0.06007,100,0.12490
ENSG00000166037,CEP57,3,-2.5765,20,0.07837,38,1.12195,19,0.00100,10,-0.9628,11,-0.7561,26,0.50238,19,0.00099,22,0.33961
ENSG00000087053,MTMR2,2,-3.8723,58,1.09856,16,-0.8934,35,0.25829,19,-0.6816,45,0.67269,34,0.24086,14,-1.0949,35,0.35905
ENSG00000149231,CCDC82,2,-4.2828,67,0.86755,56,0.56455,40,0.03381,30,-0.4232,77,1.08484,23,-0.7896,45,0.22614,34,-0.2575
ENSG00000149972,CNTN5,2,-3.7840,1,-4.0032,0,-8.6267,0,-5.3318,10,-1.5127,0,-9.4615,3,-3.3196,3,-3.2306,82,4.49806
ENSG00000110318,CEP126,157,1.78629,8,-2.8246,16,-1.8151,61,0.20088,33,-0.8095,98,0.96376,28,-0.9829,25,-1.1369,60,0.23734
ENSG00000137693,YAP1,26,0.73782,10,-0.7739,105,3.52209,17,0.07047,20,0.37905,1,-3.2177,3,-2.4911,0,-5.6388,2,-3.2190
ENSG00000110330,BIRC2,2,-4.4124,81,1.03182,70,0.79337,39,-0.1396,37,-0.2556,38,-0.1756,39,-0.1272,34,-0.3502,45,0.08822
ENSG00000152558,TMEM123,2,-4.3182,175,2.57956,167,2.48081,2,-3.9202,52,0.45112,16,-1.3233,11,-1.9602,12,-1.7813,8,-2.6900
ENSG00000137692,DCUN1D5,89,1.40800,34,-0.1592,13,-1.5834,12,-1.6825,30,-0.3698,34,-0.1428,41,0.11864,21,-0.9048,46,0.45139
ENSG00000152578,GRIA4,2,-5.2404,37,-1.0964,14,-2.4543,57,-0.4384,37,-1.1728,17,-2.2586,113,0.61841,104,0.49893,143,1.61698
ENSG00000170903,MSANTD4,6,-2.0950,21,-0.3545,67,1.48536,38,0.56416,22,-0.2929,9,-1.6613,29,0.10762,18,-0.6085,29,0.15927
ENSG00000182359,KBTBD3,2,-2.6417,34,1.66561,15,0.25261,20,0.72929,9,-0.5798,13,0.07328,9,-0.4465,8,-0.5908,11,-0.2876
ENSG00000149313,AASDHPPT,133,0.06586,64,-1.0582,91,-0.5242,113,-0.1895,73,-0.9081,197,0.68961,166,0.41885,169,0.44673,145,0.27292
ENSG00000152402,GUCY1A2,58,0.49631,6,-2.7418,17,-1.3079,4,-3.3048,31,-0.4716,88,1.18773,31,-0.4740,16,-1.4304,66,1.05174
ENSG00000152404,CWF19L2,2,-3.3229,47,1.40476,45,1.31204,13,-0.6820,18,-0.1841,37,0.99290,7,-1.4279,7,-1.5883,16,-0.3924
ENSG00000110675,ELMOD1,163,0.38942,4,-4.9524,20,-2.7604,133,0.06854,70,-0.9688,128,0.00906,201,0.72640,144,0.18964,181,0.79890
ENSG00000166266,CUL5,2,-4.2595,42,0.13321,27,-0.5207,17,-1.1843,35,-0.1409,78,1.13209,44,0.22664,47,0.29845,43,0.23773
ENSG00000075239,ACAT1,2,-5.0128,72,0.09516,85,0.35447,101,0.61750,59,-0.2415,51,-0.4491,82,0.28787,98,0.57640,69,0.03144
ENSG00000149311,ATM,2,-3.3162,43,1.25241,27,0.49566,33,0.79215,14,-0.5816,19,-0.0680,16,-0.2866,28,0.54422,15,-0.4888
ENSG00000178105,DDX10,72,1.68534,4,-2.6921,19,-0.4407,8,-1.6733,25,-0.0716,32,0.30742,25,-0.0349,47,0.92856,20,-0.4969
ENSG00000185742,C11orf87,43,-0.8445,3,-4.5709,7,-3.3779,115,0.67701,47,-0.7571,47,-0.7041,119,0.73564,75,-0.0037,118,1.06745
ENSG00000137710,RDX,85,-0.2113,427,2.61276,236,1.46013,24,-2.0912,99,0.02760,70,-0.5014,43,-1.2368,78,-0.3445,25,-2.3178
ENSG00000137714,FDX1,2,-3.9818,33,0.05057,22,-0.5551,62,1.06764,28,-0.2072,33,0.05500,42,0.45161,53,0.81617,27,-0.2874
ENSG00000137727,ARHGAP20,2,-3.7634,3,-3.1130,15,-0.8413,50,0.98751,19,-0.5458,41,0.66402,50,0.98451,33,0.29528,30,0.18982
ENSG00000170145,SIK2,2,-4.5413,38,-0.3214,50,0.10254,6,-2.9097,42,-0.1932,58,0.34699,46,-0.0154,67,0.56242,64,0.71631
ENSG00000137713,PPP2R1B,2,-2.8939,30,1.11128,39,1.56914,8,-0.8791,15,-0.0019,18,0.27155,10,-0.5180,20,0.43410,9,-0.8895
ENSG00000086848,ALG9,2,-3.0277,15,-0.0761,23,0.55304,21,0.42320,13,-0.3086,26,0.76430,7,-1.2407,15,-0.1438,19,0.28301
ENSG00000137720,C11orf1,41,0.42382,24,-0.4318,33,0.08942,29,-0.0990,31,-0.0197,33,0.06020,35,0.17287,38,0.31172,28,-0.2212
ENSG00000109846,CRYAB,228,-1.8943,5872,3.95721,1773,1.30082,182,-2.2226,502,-0.7667,309,-1.4414,145,-2.5551,296,-1.5071,149,-2.8711
ENSG00000170276,HSPB2,2,-3.1308,28,0.76784,67,2.29792,16,-0.1165,16,-0.1339,20,0.22116,16,-0.1141,4,-2.1683,10,-0.9800
ENSG00000150764,DIXDC1,213,1.72544,108,0.56633,97,0.39575,90,0.27483,50,-0.6650,100,0.44484,46,-0.7505,55,-0.4833,43,-1.0617
ENSG00000150768,DLAT,2,-4.3869,17,-1.3735,23,-0.9142,53,0.34961,41,-0.0421,61,0.59567,65,0.69561,40,-0.0695,51,0.41519
ENSG00000150776,NKAPD1,2,-3.2864,29,0.61273,24,0.30361,0,-4.8364,25,0.46669,21,0.15007,31,0.75825,17,-0.2376,19,-0.0024
ENSG00000150779,TIMM8B,143,0.23364,129,0.07165,173,0.53751,108,-0.1973,118,-0.0699,108,-0.1996,118,-0.0708,141,0.20829,111,-0.2073
ENSG00000204370,SDHD,2,-4.5161,77,0.43489,97,0.79735,63,0.10854,50,-0.2664,44,-0.4470,73,0.33431,50,-0.2369,64,0.18814
ENSG00000150787,PTS,63,-0.4894,56,-0.6772,63,-0.5033,117,0.46709,60,-0.6283,79,-0.1468,98,0.17957,128,0.61069,103,0.34768
ENSG00000250303,LINC02762,2,-3.6767,12,-1.1167,42,0.79180,23,-0.1391,22,-0.2544,42,0.77440,42,0.79190,23,-0.1373,25,-0.0077
ENSG00000149294,NCAM1,219,-0.7069,576,0.81303,425,0.32127,244,-0.5433,254,-0.5144,525,0.65930,381,0.14542,470,0.48035,290,-0.3573
ENSG00000109906,ZBTB16,2,-4.8816,82,0.50818,65,0.15365,70,0.26729,61,0.04488,20,-1.6178,71,0.28163,169,1.74272,42,-0.6492
ENSG00000180425,C11orf71,20,0.78128,35,1.74007,14,0.26759,0,-4.1583,11,-0.1983,12,0.01467,15,0.34463,4,-1.5644,9,-0.6258
ENSG00000076053,RBM7,2,-2.4750,33,1.81047,23,1.14381,19,0.88401,8,-0.4072,6,-0.9428,12,0.14579,7,-0.6334,6,-1.0897
ENSG00000076043,REXO2,67,0.91637,65,0.87236,71,1.01379,43,0.19063,21,-0.9222,16,-1.2739,40,0.08780,14,-1.4560,33,-0.2711
ENSG00000182985,CADM1,86,-0.2439,82,-0.3102,161,0.74708,144,0.56249,93,-0.1391,106,0.08575,104,0.04761,96,-0.0665,86,-0.3164
ENSG00000109917,ZPR1,63,0.86705,25,-0.5663,30,-0.3205,25,-0.5433,22,-0.8471,55,0.64512,30,-0.2951,51,0.53392,38,0.08103
ENSG00000160584,SIK3,27,-1.6279,134,0.80651,135,0.81520,121,0.63677,67,-0.3127,91,0.18636,105,0.41663,59,-0.4714,61,-0.5501
ENSG00000168092,PAFAH1B2,2,-6.0461,143,0.11053,104,-0.3774,291,1.26970,98,-0.5048,76,-0.8621,133,-0.0087,159,0.27827,157,0.35804
ENSG00000149577,SIDT2,2,-3.8657,35,0.28964,21,-0.5189,19,-0.6492,21,-0.5173,34,0.23481,37,0.37852,27,-0.0973,40,0.73043
ENSG00000149591,TAGLN,12,0.30623,13,0.32824,41,2.33928,0,-3.9356,27,1.85296,0,-5.4806,2,-2.1227,0,-4.0496,3,-2.2078
ENSG00000160613,PCSK7,2,-3.0619,24,0.59961,24,0.57960,0,-4.5334,22,0.49555,21,0.34687,17,0.06480,13,-0.3912,17,0.10816
ENSG00000186318,BACE1,103,0.35004,233,1.72745,90,0.12734,59,-0.5259,53,-0.7165,122,0.61788,61,-0.4686,52,-0.7211,62,-0.5599
ENSG00000177103,DSCAML1,2,-3.1569,21,0.23077,6,-1.6184,16,-0.1413,17,-0.0796,46,1.53590,17,-0.0547,12,-0.6348,20,0.20251
ENSG00000137726,FXYD6,534,-0.4647,212,-1.8481,501,-0.5615,1772,1.48359,410,-0.9236,682,-0.0853,770,0.10365,1213,0.83454,717,-0.0105
ENSG00000177098,SCN4B,2,-3.4756,3,-2.9562,5,-2.2459,3,-2.7194,20,-0.1347,34,0.69306,20,-0.1690,20,-0.1615,40,1.47708
ENSG00000149575,SCN2B,2,-5.5803,26,-1.9415,51,-0.9545,168,0.88863,80,-0.3223,119,0.33226,111,0.21939,171,0.91584,112,0.31427
ENSG00000110344,UBE4A,57,-0.1252,70,0.18846,46,-0.4512,27,-1.2259,37,-0.8130,48,-0.3926,79,0.38273,86,0.51713,79,0.53920
ENSG00000167283,ATP5MG,230,-1.1185,377,-0.3693,443,-0.1210,628,0.42837,509,0.10513,419,-0.2067,563,0.25412,417,-0.2163,533,0.22702
ENSG00000118058,KMT2A,181,1.76776,65,0.04535,61,-0.0317,41,-0.6602,52,-0.3018,67,0.11023,58,-0.1198,48,-0.4221,47,-0.5451
ENSG00000149582,TMEM25,11,-2.0854,18,-1.4167,21,-1.2164,43,-0.1233,33,-0.5842,49,0.06495,86,0.95976,65,0.51888,63,0.64664
ENSG00000118096,IFT46,2,-3.7325,21,-0.3415,38,0.55396,16,-0.7995,23,-0.2728,45,0.83240,25,-0.0797,27,0.04045,32,0.37305
ENSG00000095139,ARCN1,22,-1.3240,58,0.10712,78,0.58093,73,0.48060,38,-0.5861,60,0.16080,77,0.56380,42,-0.3903,54,0.00024
ENSG00000019144,PHLDB1,4,-3.3695,218,2.86466,119,1.64128,14,-1.6619,54,0.35041,27,-0.7462,12,-1.9455,22,-1.0127,12,-2.2405
ENSG00000110367,DDX6,37,-1.6163,103,-0.0718,116,0.10876,127,0.25699,115,0.11121,136,0.36554,93,-0.2351,98,-0.1459,116,0.14695
ENSG00000278376,AP004609.3,2,-2.7052,8,-0.6813,32,1.48223,0,-4.0583,19,0.71024,25,1.06234,5,-1.4693,5,-1.2839,13,-0.0226
ENSG00000186166,CCDC84,2,-2.4896,20,0.92430,9,-0.3464,0,-4.0456,10,-0.1522,19,0.88155,9,-0.2601,17,0.71085,12,0.10570
ENSG00000118181,RPS25,368,-1.0936,1607,1.23422,1053,0.52978,559,-0.4611,985,0.46866,475,-0.7082,468,-0.7336,839,0.16817,615,-0.4062
ENSG00000196655,TRAPPC4,118,1.22841,46,-0.2805,62,0.18491,91,0.78816,38,-0.6130,59,0.10758,50,-0.1435,36,-0.6680,45,-0.4036
ENSG00000137700,SLC37A4,2,-2.5087,3,-1.7188,5,-1.0456,16,0.53209,11,0.03826,17,0.66366,13,0.23470,10,-0.2073,14,0.48793
ENSG00000149428,HYOU1,14,-2.4159,49,-0.6190,71,-0.0628,79,0.09538,49,-0.6869,104,0.52807,85,0.20854,98,0.43661,92,0.46106
ENSG00000160695,VPS11,2,-3.7195,31,-0.0767,42,0.40332,19,-0.8257,31,-0.0605,36,0.15217,40,0.35376,24,-0.4229,41,0.51445
ENSG00000256269,HMBS,2,-2.2117,20,1.26070,1,-2.3737,2,-1.8986,11,0.31163,6,-0.4824,16,0.87800,2,-2.0365,11,0.49468
ENSG00000188486,H2AFX,2,-4.1537,88,1.47697,43,0.29041,73,1.15032,33,-0.1227,33,-0.1034,21,-0.8132,34,-0.0533,26,-0.6245
ENSG00000172269,DPAGT1,2,-3.3423,12,-0.7454,13,-0.6675,41,1.12009,11,-1.0245,18,-0.1446,24,0.27433,45,1.29578,22,0.13351
ENSG00000172375,C2CD2L,101,0.61489,13,-2.4534,30,-1.2546,36,-0.9893,37,-0.9977,99,0.57830,92,0.45190,82,0.27837,92,0.64233
ENSG00000172273,HINFP,2,-2.4490,11,0.05976,0,-7.2453,0,-4.0054,14,0.40739,23,1.17607,17,0.75518,8,-0.4241,13,0.36982
ENSG00000172350,ABCG4,45,1.55719,0,-5.0128,0,-7.5167,36,1.17436,9,-0.9856,12,-0.4944,14,-0.3383,16,-0.1369,21,0.39899
ENSG00000110395,CBL,2,-3.0898,24,0.53280,3,-2.5651,5,-1.8633,21,0.35326,24,0.55989,12,-0.5512,11,-0.6123,25,0.83981
ENSG00000076706,MCAM,2,-3.3855,69,1.99397,34,0.74842,108,2.95659,14,-0.6099,5,-2.1680,2,-3.4222,5,-2.1106,5,-2.4346
ENSG00000173456,RNF26,2,-3.4390,16,-0.4635,27,0.36972,5,-2.1426,18,-0.3423,29,0.43214,27,0.32462,17,-0.3529,31,0.80684
ENSG00000036672,USP2,76,1.81966,21,-0.3178,31,0.31424,0,-5.2125,19,-0.4534,10,-1.3859,18,-0.4737,21,-0.2497,28,0.23662
ENSG00000154096,THY1,676,-0.5636,70,-3.8881,335,-1.6143,1250,0.39263,600,-0.7978,1907,1.08784,1473,0.65786,904,-0.1171,1214,0.48331
ENSG00000110400,NECTIN1,69,0.44808,69,0.45316,17,-1.6692,6,-3.0335,31,-0.8242,46,-0.1675,77,0.63217,71,0.49602,64,0.45238
ENSG00000184232,OAF,2,-3.8649,16,-0.9038,104,2.16447,9,-1.7376,53,1.09072,15,-0.9836,12,-1.2680,42,0.56957,18,-0.9011
ENSG00000181264,TLCD5,2,-3.1517,37,1.19407,44,1.48697,1,-4.0835,21,0.25679,12,-0.5870,23,0.38216,10,-0.7753,15,-0.3322
ENSG00000196914,ARHGEF12,2,-5.3294,40,-1.0526,54,-0.6213,64,-0.3719,85,0.09062,106,0.42890,117,0.58084,119,0.60979,95,0.34422
ENSG00000149403,GRIK4,34,1.71374,14,0.23583,15,0.39364,0,-4.0058,15,0.37389,17,0.59192,5,-1.1904,4,-1.4457,8,-0.6147
ENSG00000109929,SC5D,2,-5.7323,129,0.28594,161,0.64879,54,-1.0470,85,-0.3849,99,-0.1219,124,0.22907,98,-0.1470,139,0.58231
ENSG00000137642,SORL1,103,-0.8677,208,0.21344,150,-0.2966,113,-0.7200,148,-0.3390,120,-0.6357,252,0.51643,140,-0.4031,245,0.66965
ENSG00000255248,MIR100HG,42,-0.5508,47,-0.3880,54,-0.1599,73,0.28888,68,0.20219,93,0.68867,68,0.19016,44,-0.5017,57,-0.1169
ENSG00000109971,HSPA8,921,-0.6238,827,-0.7871,1036,-0.4434,1109,-0.3398,962,-0.5978,1551,0.18257,2420,0.90247,1857,0.46964,1576,0.28457
ENSG00000023171,GRAMD1B,42,-0.6646,11,-2.6101,30,-1.1866,100,0.66717,52,-0.3949,91,0.51432,68,0.04400,51,-0.3900,89,0.69033
ENSG00000166257,SCN3B,185,-0.9466,16,-4.4517,110,-1.7118,238,-0.5661,266,-0.4273,974,1.74019,403,0.25124,394,0.21374,404,0.34881
ENSG00000110002,VWA5A,75,1.25891,6,-2.4485,27,-0.3506,56,0.78321,12,-1.6458,82,1.42662,17,-1.0365,20,-0.8369,35,0.01818
ENSG00000154144,TBRG1,2,-4.5975,49,-0.0004,20,-1.3330,40,-0.2876,48,-0.0244,64,0.42103,59,0.29296,88,0.95022,54,0.21553
ENSG00000110013,SIAE,48,0.33612,36,-0.1350,11,-1.8065,118,1.85143,21,-1.0245,36,-0.1089,43,0.14227,33,-0.2350,35,-0.2235
ENSG00000064199,SPA17,2,-2.8164,4,-1.7799,3,-2.2606,1,-3.3937,15,0.11015,20,0.54812,47,2.00986,6,-1.3248,17,0.48513
ENSG00000154146,NRGN,489,-1.3732,79,-4.0345,440,-1.5284,559,-1.1738,1367,0.21561,3066,1.54283,2233,0.99316,1418,0.25324,1168,-0.0678
ENSG00000154134,ROBO3,58,1.95888,18,0.04086,37,1.13739,0,-4.7242,12,-0.6519,2,-2.8522,10,-0.8458,2,-3.0586,20,0.27019
ENSG00000165478,HEPACAM,82,-0.3222,317,1.93619,401,2.39789,19,-2.4324,125,0.37091,48,-1.1254,12,-3.1228,50,-1.0647,33,-1.9935
ENSG00000165495,PKNOX2,41,1.57593,2,-3.0153,13,-0.2315,0,-4.5295,12,-0.4660,13,-0.2284,18,0.24395,20,0.39186,18,0.27575
ENSG00000149557,FEZ1,242,-0.5169,1250,2.25187,631,1.00856,285,-0.2635,230,-0.6389,205,-0.7636,162,-1.1168,345,0.03396,203,-0.9657
ENSG00000149547,EI24,2,-5.2982,75,-0.0763,66,-0.2838,134,0.83821,67,-0.2855,114,0.58091,98,0.32960,49,-0.7304,90,0.26190
ENSG00000134910,STT3A,2,-3.3328,35,0.87735,39,1.07696,9,-1.1572,21,0.09814,20,-0.0091,27,0.43395,7,-1.5803,20,-0.0126
ENSG00000109832,DDX25,2,-4.0240,4,-2.9052,12,-1.4965,53,0.67214,21,-0.8075,51,0.61730,45,0.41148,54,0.71457,46,0.64760
ENSG00000165526,RPUSD4,2,-3.0744,7,-1.1819,6,-1.5137,40,1.41924,12,-0.5754,15,-0.1617,24,0.56120,26,0.68301,18,0.20397
ENSG00000197798,FAM118B,2,-3.0026,20,0.33241,47,1.79405,2,-2.7191,15,-0.1243,18,0.19318,25,0.72002,7,-1.2478,14,-0.2394
ENSG00000182934,SRPRA,30,-0.1680,17,-1.0580,36,0.08583,36,0.09843,17,-1.0709,30,-0.1521,63,0.99626,45,0.47272,37,0.17225
ENSG00000110074,FOXRED1,2,-3.7558,13,-1.0800,35,0.41638,18,-0.6462,26,-0.0681,38,0.53941,51,1.02404,26,-0.0723,29,0.15561
ENSG00000110080,ST3GAL4,2,-2.9691,59,2.27395,30,1.05596,0,-4.5212,9,-0.8009,7,-1.1982,6,-1.2614,17,0.18107,15,-0.0424
ENSG00000149571,KIRREL3,2,-3.5265,20,-0.2226,11,-1.0673,11,-1.1427,11,-1.1131,0,-6.1750,55,1.42641,19,-0.2748,40,1.31679
ENSG00000134909,ARHGAP32,91,0.75856,10,-2.5424,34,-0.7856,16,-1.8369,41,-0.5234,60,0.08750,49,-0.2039,44,-0.3856,87,1.01030
ENSG00000170322,NFRKB,2,-2.8469,10,-0.5117,6,-1.3346,20,0.55157,10,-0.5214,30,1.18719,20,0.51305,12,-0.2210,16,0.26141
ENSG00000084234,APLP2,56,-2.6528,130,-1.4284,304,-0.1372,322,-0.0524,213,-0.7362,344,0.05323,427,0.39328,684,1.17210,408,0.44732
ENSG00000196323,ZBTB44,96,1.28468,54,0.32349,15,-1.5544,4,-3.5041,47,0.13486,70,0.75614,47,0.11624,47,0.11313,35,-0.4412
ENSG00000134917,ADAMTS8,36,1.49080,7,-0.9535,4,-1.9676,0,-4.4188,7,-1.1121,1,-3.6772,23,0.70469,2,-2.8617,25,1.33906
ENSG00000120451,SNX19,2,-3.9373,45,0.59637,53,0.86769,15,-1.0974,23,-0.4908,33,0.12798,35,0.20538,56,0.96662,29,-0.1395
ENSG00000182667,NTM,31,-2.2081,186,0.49427,280,1.17294,276,1.14948,143,0.08578,206,0.66106,126,-0.1131,68,-1.0588,77,-1.0684
ENSG00000224795,NTM-AS1,39,1.47526,78,2.86959,37,1.41722,11,-0.4893,11,-0.5186,9,-0.7815,1,-3.1978,1,-3.7436,1,-4.3554
ENSG00000183715,OPCML,43,-1.3129,11,-3.3351,20,-2.4088,148,0.57388,82,-0.3711,202,1.08892,174,0.83535,92,-0.1779,121,0.35033
ENSG00000080854,IGSF9B,2,-3.2955,1,-4.0094,2,-3.1231,88,2.62786,11,-0.9462,9,-1.0872,14,-0.5016,13,-0.5670,26,0.61008
ENSG00000166086,JAM3,44,-0.4953,298,2.86295,86,0.56166,40,-0.6310,47,-0.4022,52,-0.2166,27,-1.2000,47,-0.3668,24,-1.6692
ENSG00000151502,VPS26B,48,-1.0049,31,-1.6435,43,-1.1551,135,0.60074,77,-0.3041,128,0.51804,139,0.65307,68,-0.4573,113,0.45041
ENSG00000151500,THYN1,46,-0.5721,47,-0.5591,43,-0.6690,56,-0.2742,50,-0.4763,79,0.25997,84,0.34307,109,0.77385,77,0.29264
ENSG00000151498,ACAD8,7,-2.0167,15,-1.0034,22,-0.4128,57,1.11161,20,-0.5912,24,-0.2950,41,0.54502,19,-0.6109,37,0.56674
ENSG00000109956,B3GAT1,165,0.13273,211,0.51850,128,-0.2609,89,-0.8237,186,0.35354,213,0.53672,104,-0.5776,156,0.04533,134,-0.2560
ENSG00000120645,IQSEC3,23,-0.7661,1,-4.9449,14,-1.5454,37,-0.0824,59,0.72009,54,0.52298,35,-0.1772,46,0.24501,45,0.30172
ENSG00000073614,KDM5A,105,3.57098,27,0.81598,11,-0.5609,0,-4.5483,14,-0.1453,8,-1.0600,5,-1.5216,2,-3.0060,5,-2.0099
ENSG00000171840,NINJ2,2,-3.4133,158,3.94429,50,1.38936,20,-0.0801,13,-0.8317,11,-1.0063,3,-2.6013,0,-4.8174,2,-3.8942
ENSG00000060237,WNK1,19,-2.7411,391,2.02965,179,0.66168,40,-1.6351,132,0.19183,123,0.06374,68,-0.8428,105,-0.1774,87,-0.6052
ENSG00000082805,ERC1,2,-3.7200,8,-1.7092,14,-0.9588,27,0.02274,36,0.53698,50,1.03600,16,-0.7152,35,0.44269,30,0.24491
ENSG00000006831,ADIPOR2,71,0.70808,192,2.50786,84,0.97760,31,-0.5990,33,-0.5106,20,-1.2577,11,-2.0582,18,-1.3939,25,-1.1351
ENSG00000166159,LRTM2,46,1.38749,0,-9.9080,0,-6.2116,0,-4.8523,9,-1.2560,23,0.24072,32,0.76466,40,1.15542,24,0.43882
ENSG00000151067,CACNA1C,2,-3.3706,0,-5.9200,6,-1.6884,0,-4.8994,12,-0.9024,30,0.58769,32,0.67287,12,-0.8185,41,1.75674
ENSG00000004478,FKBP4,56,-0.5855,106,0.41488,118,0.58703,30,-1.5046,68,-0.3015,72,-0.1899,136,0.81289,73,-0.1731,83,0.04550
ENSG00000171792,RHNO1,36,1.26295,13,-0.2988,30,0.99346,0,-4.5389,14,-0.2675,8,-1.0680,11,-0.5378,8,-1.0874,19,0.35581
ENSG00000111218,PRMT8,2,-3.9279,1,-4.8532,0,-8.7697,72,1.40780,14,-1.2509,20,-0.6158,47,0.67438,31,0.04120,49,1.12093
ENSG00000118971,CCND2,60,-1.3151,50,-1.5800,70,-1.0788,99,-0.5668,135,-0.0945,249,0.88726,124,-0.2224,165,0.22607,193,0.67296
ENSG00000078237,TIGAR,5,-2.3936,18,-0.4832,19,-0.4479,61,1.43736,20,-0.3379,28,0.16730,33,0.40173,12,-1.1195,28,0.20648
ENSG00000047621,C12orf4,2,-3.2223,10,-0.9045,5,-1.9086,34,0.91437,13,-0.5715,30,0.72158,25,0.45032,17,-0.1870,24,0.52956
ENSG00000010219,DYRK4,2,-3.2173,40,1.24148,17,-0.1348,4,-2.3184,17,-0.1579,14,-0.4111,19,0.05298,17,-0.1041,24,0.51802
ENSG00000139180,NDUFA9,2,-5.1105,45,-0.6518,42,-0.7549,56,-0.3226,56,-0.3533,84,0.30215,90,0.39935,91,0.41415,95,0.70996
ENSG00000130035,GALNT8,74,0.31531,11,-2.5077,31,-1.0415,129,1.21715,42,-0.6047,79,0.41171,62,0.02952,59,-0.0460,65,0.15305
ENSG00000111262,KCNA1,2,-3.1778,1,-3.3381,0,-8.0423,13,-0.5208,8,-1.1978,40,1.24208,25,0.50080,9,-1.0340,33,1.42922
ENSG00000110799,VWF,48,0.83117,21,-0.4381,139,2.83354,6,-2.3138,49,0.97331,6,-2.2237,1,-4.7187,8,-1.7780,10,-1.7553
ENSG00000010278,CD9,2,-5.7921,636,3.21282,412,2.23936,23,-2.3663,84,-0.4729,61,-0.9314,24,-2.2725,37,-1.6565,23,-2.7016
ENSG00000067182,TNFRSF1A,2,-2.4475,19,0.87686,61,3.12616,0,-4.0039,18,0.85624,1,-3.3046,2,-2.3323,3,-1.9862,4,-1.5343
ENSG00000215039,CD27-AS1,2,-3.7952,58,1.17567,35,0.38248,1,-4.1488,34,0.33369,26,-0.1246,38,0.47118,20,-0.4636,28,0.04899
ENSG00000139190,VAMP1,2,-4.1956,25,-0.5990,28,-0.4040,67,0.95225,25,-0.6533,9,-2.1370,53,0.57011,78,1.21878,42,0.27977
ENSG00000111639,MRPL51,303,0.94127,200,0.26424,176,0.06297,189,0.17923,161,-0.0846,118,-0.5462,142,-0.2676,232,0.50224,128,-0.5400
ENSG00000111640,GAPDH,2265,-0.4443,2457,-0.3197,2920,-0.0521,2921,-0.0513,2498,-0.3179,2368,-0.3759,4554,0.65528,2956,-0.0330,3453,0.28896
ENSG00000010295,IFFO1,2,-2.9940,13,-0.2785,1,-3.1319,0,-4.3234,19,0.26925,13,-0.3061,36,1.30927,11,-0.5796,23,0.85089
ENSG00000111642,CHD4,2,-4.9813,129,1.14274,93,0.60925,39,-0.7316,72,0.21404,86,0.47628,70,0.14150,53,-0.2769,53,-0.3782
ENSG00000111653,ING4,33,0.20504,46,0.73195,36,0.34538,1,-4.0183,24,-0.3155,33,0.21727,32,0.15375,45,0.69915,25,-0.2641
ENSG00000126746,ZNF384,2,-2.6889,16,0.36299,2,-2.5077,0,-4.2278,14,0.21129,24,1.01300,14,0.15947,19,0.57883,15,0.32652
ENSG00000139200,PIANP,40,-1.2329,12,-2.9529,22,-2.0921,28,-1.7501,79,-0.2187,189,1.20111,130,0.57971,100,0.15957,123,0.70396
ENSG00000111652,COPS7A,118,0.25363,58,-0.8474,82,-0.3144,21,-2.3024,65,-0.7243,108,0.11115,161,0.74971,99,-0.0268,133,0.61927
ENSG00000089693,MLF2,412,0.53438,182,-0.7361,217,-0.4688,177,-0.7811,212,-0.5432,340,0.22944,339,0.22554,349,0.26930,346,0.35005
ENSG00000159335,PTMS,132,-1.2454,38,-3.0536,169,-0.8785,307,0.03560,299,-0.0061,481,0.75397,395,0.43537,394,0.42965,347,0.31067
ENSG00000250510,GPR162,2,-5.5515,11,-3.1413,24,-2.0282,95,0.00972,63,-0.6538,161,0.85510,110,0.23253,196,1.18475,126,0.63538
ENSG00000111667,USP5,2,-5.6776,63,-0.7513,95,-0.1329,118,0.20982,76,-0.4975,141,0.49386,163,0.73234,146,0.55280,115,0.23234
ENSG00000111669,TPI1,793,-0.2879,333,-1.5970,684,-0.5139,882,-0.1231,768,-0.3645,756,-0.3624,1784,1.00968,1076,0.18704,1143,0.39053
ENSG00000010626,LRRC23,2,-3.4242,32,0.61291,14,-0.5950,80,2.25133,24,0.22332,17,-0.3548,15,-0.5740,6,-1.8464,16,-0.5652
ENSG00000111674,ENO2,402,-0.6228,100,-2.6876,191,-1.7381,600,-0.0072,384,-0.7447,704,0.24232,1070,0.92223,730,0.30117,819,0.69144
ENSG00000111676,ATN1,41,-1.0023,70,-0.1953,77,-0.0623,115,0.58408,100,0.38962,71,-0.1734,68,-0.2536,120,0.65148,69,-0.3018
ENSG00000111678,C12orf57,102,-1.1712,235,0.09379,345,0.71024,202,-0.1362,285,0.44112,154,-0.5540,219,-0.0133,238,0.11538,202,-0.1824
ENSG00000215021,PHB2,50,-0.9434,87,-0.0854,78,-0.2597,133,0.58159,70,-0.4693,117,0.36517,148,0.74753,80,-0.2298,92,-0.0006
ENSG00000126749,EMG1,2,-3.3427,23,0.04394,44,1.12966,44,1.12058,22,0.03249,20,-0.1274,18,-0.3236,31,0.54523,15,-0.7713
ENSG00000139182,CLSTN3,92,-1.0359,5,-5.2953,55,-1.8014,262,0.57837,99,-0.9845,228,0.35813,298,0.79000,343,1.02626,220,0.42132
ENSG00000139197,PEX5,2,-4.1997,34,-0.1075,31,-0.2642,20,-0.8911,34,-0.1115,45,0.30245,42,0.18631,38,0.04058,50,0.66278
ENSG00000059804,SLC2A3,13,-2.8971,6,-3.9645,21,-2.2051,88,-0.0612,55,-0.8110,149,0.78095,149,0.78327,161,0.91528,122,0.65386
ENSG00000065970,FOXJ2,2,-2.4494,14,0.43921,5,-0.9693,0,-4.0058,12,0.24406,24,1.26784,15,0.49545,13,0.28562,10,-0.0813
ENSG00000089818,NECAP1,2,-6.0103,23,-2.5960,48,-1.5066,159,0.31218,107,-0.3265,162,0.34315,255,1.08567,89,-0.5851,185,0.80860
ENSG00000226091,LINC00937,39,1.79462,1,-3.5569,2,-2.4445,21,0.72847,11,-0.3599,14,0.09444,8,-0.6805,6,-1.0700,15,0.20593
ENSG00000166532,RIMKLB,2,-3.6925,18,-0.5478,70,1.63761,10,-1.4120,38,0.69309,20,-0.3989,18,-0.5260,36,0.53266,21,-0.3806
ENSG00000111752,PHC1,2,-2.9558,16,0.06105,14,-0.1892,23,0.64883,21,0.51754,13,-0.2277,4,-1.9779,7,-1.1171,20,0.55512
ENSG00000003056,M6PR,152,1.26156,49,-0.5470,88,0.36182,64,-0.1282,40,-0.9043,102,0.60493,58,-0.2886,63,-0.1564,63,-0.2106
ENSG00000175899,A2M,156,0.51013,168,0.62776,354,1.92164,15,-3.0180,242,1.42683,63,-0.8930,19,-2.6104,59,-0.9919,38,-1.9255
ENSG00000139112,GABARAPL1,80,-2.2501,71,-2.4309,188,-0.9911,433,0.28904,309,-0.2602,424,0.25587,520,0.58345,557,0.69505,449,0.48038
ENSG00000111196,MAGOHB,2,-2.4677,18,0.75489,5,-0.9875,15,0.53184,12,0.12466,17,0.67240,19,0.86727,5,-1.1627,9,-0.3130
ENSG00000060140,STYK1,12,-0.2182,0,-4.5090,0,-7.7172,0,-4.3974,7,-1.1059,12,-0.3356,29,1.10576,1,-3.4842,30,1.91227
ENSG00000256537,SMIM10L1,51,-0.4688,59,-0.2694,28,-1.3502,102,0.59927,64,-0.1346,88,0.36288,95,0.48626,87,0.34960,67,-0.0842
ENSG00000070018,LRP6,75,1.80105,30,0.27553,53,1.17341,31,0.33279,14,-0.9618,23,-0.1515,8,-1.6438,12,-1.1148,17,-0.7247
ENSG00000111261,MANSC1,2,-3.4956,8,-1.5215,38,0.82334,9,-1.3276,15,-0.6114,30,0.47215,36,0.74298,13,-0.8673,31,0.75012
ENSG00000165714,BORCS5,3,-2.1592,19,0.41692,11,-0.3419,7,-1.0450,16,0.15563,21,0.56605,17,0.24730,13,-0.1780,16,0.23990
ENSG00000111266,DUSP16,2,-2.4153,42,2.34509,26,1.44246,0,-3.9720,10,-0.0776,4,-1.4013,1,-2.7888,1,-2.6411,10,-0.0900
ENSG00000111269,CREBL2,5,-3.2975,38,-0.4427,39,-0.4151,40,-0.3537,59,0.25743,48,-0.0776,60,0.26623,63,0.32505,63,0.44187
ENSG00000111276,CDKN1B,6,-3.6388,174,1.26990,113,0.54971,86,0.11936,69,-0.2430,36,-1.2042,92,0.22389,108,0.47777,71,-0.2391
ENSG00000013583,HEBP1,2,-3.9178,84,1.68951,63,1.18692,2,-3.9112,32,0.09900,30,-0.0354,29,-0.0506,22,-0.4680,24,-0.4287
ENSG00000084444,FAM234B,37,-0.6610,7,-2.9992,84,0.62028,50,-0.2086,46,-0.3450,113,1.10686,40,-0.5525,94,0.80716,55,-0.0497
ENSG00000273079,GRIN2B,45,-1.1131,3,-5.0750,29,-1.7559,90,-0.0616,55,-0.8678,154,0.78197,143,0.66430,116,0.33029,133,0.79262
ENSG00000171681,ATF7IP,3,-3.0035,35,0.54823,29,0.24406,40,0.75047,21,-0.2408,16,-0.6280,11,-1.1466,46,1.00647,24,-0.0242
ENSG00000246705,H2AFJ,2,-2.9604,79,2.89053,41,1.60292,1,-3.4138,18,0.25560,28,0.93936,2,-3.0528,3,-2.3756,2,-2.9099
ENSG00000084463,WBP11,2,-5.0943,56,-0.3226,52,-0.4431,75,0.13805,56,-0.3504,155,1.32113,75,0.13160,106,0.68530,66,-0.0913
ENSG00000111348,ARHGDIB,2,-2.8357,39,1.63490,31,1.24757,0,-4.2469,29,1.33905,3,-2.0437,8,-0.7742,6,-1.1642,9,-0.8651
ENSG00000151490,PTPRO,2,-3.7421,2,-3.4572,0,-8.3842,19,-0.4902,12,-1.2444,31,0.22841,40,0.63541,33,0.31133,49,1.52656
ENSG00000151491,EPS8,50,1.23555,17,-0.4593,104,2.59818,65,1.68779,15,-0.7133,2,-3.3834,1,-4.1811,4,-2.4543,8,-1.9293
ENSG00000023734,STRAP,114,-0.6723,88,-1.0519,91,-1.0043,203,0.22445,129,-0.5226,216,0.32145,264,0.64243,224,0.37589,208,0.36301
ENSG00000023697,DERA,2,-2.6397,34,1.63810,36,1.76221,17,0.46618,12,-0.0378,5,-1.2742,2,-2.5436,20,0.72893,5,-1.4728
ENSG00000008394,MGST1,3,-4.9558,49,-1.1971,413,2.31102,47,-1.2575,137,0.41508,286,1.61101,32,-1.8325,104,-0.0595,49,-1.4360
ENSG00000048540,LMO3,215,-0.2071,32,-3.0042,254,0.05318,201,-0.3100,265,0.13295,1110,2.67636,165,-0.6095,181,-0.4696,125,-1.2495
ENSG00000052126,PLEKHA5,8,-1.8576,19,-0.5282,14,-1.0435,0,-5.2807,22,-0.3990,38,0.48566,40,0.60394,11,-1.3499,46,1.24011
ENSG00000139154,AEBP2,122,2.33507,22,-0.5372,26,-0.2621,15,-1.1097,17,-0.9869,33,0.09886,27,-0.2314,15,-1.0654,28,-0.2141
ENSG00000139155,SLCO1C1,2,-3.1968,4,-2.0273,88,2.76982,0,-4.7467,32,0.98138,12,-0.6426,6,-1.6387,6,-1.5517,14,-0.5172
ENSG00000084453,SLCO1A2,2,-3.7432,208,4.10546,30,0.17079,1,-3.9171,35,0.43974,8,-1.7792,3,-2.9063,4,-2.7101,6,-2.6012
ENSG00000121350,PYROXD1,2,-2.9834,32,1.10886,15,-0.1127,26,0.79545,13,-0.3597,11,-0.5052,20,0.36332,16,-0.0004,15,-0.1497
ENSG00000004700,RECQL,2,-2.3943,20,1.04754,13,0.40638,1,-2.7566,9,-0.1977,16,0.66992,10,-0.0007,10,-0.0783,11,0.09487
ENSG00000111711,GOLT1B,2,-3.8618,31,0.08734,28,-0.0451,11,-1.4647,21,-0.5069,48,0.80832,41,0.53797,17,-0.8444,39,0.67972
ENSG00000134548,SPX,7,-1.4726,86,2.48923,61,1.79779,0,-4.9085,30,0.64273,12,-0.8138,4,-2.2577,0,-4.5475,9,-1.4775
ENSG00000111716,LDHB,655,0.07257,354,-0.8716,662,0.08733,556,-0.1834,621,-0.0133,734,0.25134,768,0.32231,553,-0.1922,653,0.08872
ENSG00000111726,CMAS,91,-0.9801,50,-1.8529,80,-1.1575,194,0.18361,99,-0.9094,250,0.58789,307,0.92599,143,-0.2882,232,0.67048
ENSG00000111728,ST8SIA1,2,-3.5111,9,-1.3406,13,-0.7883,4,-2.6097,28,0.37633,45,1.09006,20,-0.1596,50,1.28510,24,0.09270
ENSG00000111731,C2CD5,2,-3.8309,10,-1.5674,26,-0.1437,7,-2.0961,29,0.04365,41,0.55747,43,0.65335,20,-0.5351,41,0.82342
ENSG00000139163,ETNK1,2,-5.0454,50,-0.4422,37,-0.8985,37,-0.8987,45,-0.6275,123,0.98855,89,0.45373,64,-0.0668,93,0.76803
ENSG00000134532,SOX5,42,1.83329,7,-0.9127,15,0.16749,0,-4.2368,20,0.63586,5,-1.3711,9,-0.6686,16,0.26741,11,-0.4444
ENSG00000060982,BCAT1,34,0.14201,13,-1.3172,12,-1.4522,67,1.21266,25,-0.3557,4,-3.0474,26,-0.2996,27,-0.2336,44,0.75166
ENSG00000205707,ETFRF1,2,-4.5881,114,1.39868,70,0.58970,7,-2.8584,50,0.05557,43,-0.1853,58,0.29120,47,-0.0322,47,-0.0626
ENSG00000133703,KRAS,42,-0.3744,16,-1.8113,38,-0.5166,31,-0.8135,38,-0.5382,35,-0.6553,85,0.74687,41,-0.4149,82,1.01428
ENSG00000246695,RASSF8-AS1,68,2.56423,20,0.42573,10,-0.6619,11,-0.4544,15,-0.1071,4,-2.0163,7,-1.1114,3,-2.2011,12,-0.4751
ENSG00000123094,RASSF8,99,2.59944,39,0.86705,37,0.81408,0,-5.0343,22,-0.0324,3,-2.9301,5,-2.2215,10,-1.1798,13,-0.9467
ENSG00000123095,BHLHE41,2,-4.6382,195,2.34454,111,1.29260,25,-1.0366,52,0.07383,36,-0.5002,12,-2.0665,18,-1.5113,37,-0.6016
ENSG00000123096,SSPN,2,-3.7223,86,1.98825,153,3.23261,11,-1.2909,22,-0.2849,7,-2.0128,0,-7.1651,14,-0.9384,7,-2.3393
ENSG00000123104,ITPR2,75,1.92190,20,-0.2615,81,2.07433,26,0.11722,26,0.12901,15,-0.6870,3,-2.8915,8,-1.5625,7,-2.0205
ENSG00000064102,INTS13,2,-2.1185,26,1.79765,25,1.73285,0,-3.6544,7,-0.1996,18,1.21130,12,0.50774,0,-3.8330,3,-1.6655
ENSG00000111790,FGFR1OP2,2,-5.0530,60,-0.1643,30,-1.1987,18,-1.9429,63,-0.1099,128,1.05065,107,0.75208,52,-0.3752,86,0.56807
ENSG00000064115,TM7SF3,89,0.74891,56,0.02543,80,0.56520,35,-0.6869,36,-0.7271,69,0.34887,69,0.34420,61,0.13685,48,-0.2982
ENSG00000152944,MED21,2,-3.4117,31,0.59402,15,-0.4825,10,-1.1508,20,-0.0689,17,-0.2999,41,1.03848,15,-0.5477,26,0.44420
ENSG00000211455,STK38L,53,1.75138,21,0.20696,0,-4.7743,0,-4.7398,17,-0.0956,12,-0.5637,18,-0.0518,2,-2.7731,24,0.59566
ENSG00000110841,PPFIBP1,2,-3.9836,26,-0.2865,10,-1.7610,0,-5.5303,27,-0.2866,6,-2.4797,63,1.09105,36,0.20669,54,1.29740
ENSG00000061794,MRPS35,2,-4.7298,40,-0.4413,34,-0.6825,49,-0.1253,31,-0.8681,74,0.52094,91,0.85837,45,-0.2684,74,0.73597
ENSG00000087448,KLHL42,97,0.34356,54,-0.5461,49,-0.6953,17,-2.2799,49,-0.7494,127,0.77881,108,0.52178,79,0.02240,95,0.44518
ENSG00000087494,PTHLH,132,2.54971,1,-4.9436,3,-3.3785,0,-5.4739,9,-1.8511,16,-0.9454,9,-1.7409,10,-1.6329,52,1.28313
ENSG00000123106,CCDC91,115,0.66737,70,-0.1128,30,-1.4030,95,0.36053,73,-0.0503,74,-0.0390,81,0.11186,70,-0.1142,75,-0.0122
ENSG00000064763,FAR2,34,0.84193,1,-4.2916,7,-1.6185,0,-4.8849,16,-0.3252,10,-1.0818,31,0.65909,33,0.77002,28,0.77062
ENSG00000087502,ERGIC2,2,-4.6049,61,0.35802,83,0.83614,16,-1.7023,38,-0.4077,57,0.23814,61,0.35248,68,0.51818,53,0.16649
ENSG00000133687,TMTC1,60,0.35203,10,-2.3689,4,-3.4853,150,1.91465,21,-1.3064,9,-2.4219,57,0.27847,57,0.27674,58,0.42830
ENSG00000133704,IPO8,2,-3.0077,17,0.11327,33,1.18160,8,-1.0676,21,0.44232,13,-0.2616,15,-0.1296,13,-0.3284,16,0.04064
ENSG00000110888,CAPRIN2,40,0.15607,8,-2.1909,16,-1.2063,31,-0.2338,29,-0.3519,41,0.18310,67,1.00313,32,-0.1753,44,0.42126
ENSG00000170456,DENND5B,2,-4.2874,13,-1.6849,36,-0.1278,47,0.27611,33,-0.2845,29,-0.4392,45,0.23257,49,0.34889,56,0.79298
ENSG00000151743,AMN1,95,0.70693,32,-0.9781,22,-1.5175,114,0.99876,44,-0.5484,86,0.54440,76,0.35171,51,-0.2695,57,-0.1293
ENSG00000151746,BICD1,2,-3.8626,14,-1.0529,22,-0.4571,65,1.29170,24,-0.2990,62,1.21296,24,-0.2964,33,0.17260,27,-0.1291
ENSG00000139132,FGD4,2,-3.2487,30,0.74177,36,1.02126,13,-0.5383,20,0.08395,17,-0.2037,10,-0.9244,15,-0.3528,21,0.19816
ENSG00000087470,DNM1L,71,-0.9423,61,-1.1790,86,-0.6567,58,-1.2472,98,-0.4938,268,1.14989,197,0.63767,192,0.59920,146,0.22295
ENSG00000139131,YARS2,2,-2.8898,9,-0.7367,0,-7.7397,35,1.39217,9,-0.7599,12,-0.2691,22,0.59557,26,0.90514,17,0.29535
ENSG00000139117,CPNE8,2,-2.5173,2,-2.3117,31,1.61289,7,-0.7141,11,-0.0246,51,2.61977,11,0.01161,4,-1.4348,4,-1.7053
ENSG00000139116,KIF21A,2,-6.2947,82,-1.0011,101,-0.6915,224,0.54544,128,-0.3556,205,0.40811,261,0.79945,135,-0.2454,198,0.49505
ENSG00000173208,ABCD2,2,-2.6934,0,-5.5003,14,0.09957,19,0.58950,13,-0.0025,13,0.00796,25,1.02640,8,-0.6122,15,0.36673
ENSG00000151229,SLC2A13,49,-0.9072,2,-5.5157,21,-2.1781,72,-0.3438,41,-1.2377,54,-0.7778,159,0.92336,127,0.54773,150,1.24467
ENSG00000018236,CNTN1,5,-6.1433,137,-1.4157,345,-0.0128,329,-0.0852,191,-0.9743,680,1.08631,520,0.64163,395,0.20163,431,0.47508
ENSG00000015153,YAF2,2,-4.8334,42,-0.4654,123,1.24034,28,-1.0667,48,-0.3123,103,0.93089,78,0.47916,53,-0.1257,55,-0.0692
ENSG00000134283,PPHLN1,2,-4.2225,24,-0.6571,36,-0.0514,6,-2.6375,44,0.27663,68,0.96428,71,1.01929,42,0.19248,37,-0.0119
ENSG00000139168,ZCRB1,35,-1.8384,256,1.25956,148,0.35433,85,-0.4974,134,0.21944,114,-0.0518,119,0.00701,167,0.54703,86,-0.6230
ENSG00000139174,PRICKLE1,2,-4.0605,3,-3.5275,2,-4.0040,47,0.54803,35,0.06775,65,1.06632,65,1.06729,26,-0.4029,39,0.32411
ENSG00000129317,PUS7L,2,-2.3207,14,0.55684,0,-7.1745,1,-3.4026,12,0.33455,18,0.92675,10,0.09211,13,0.46790,11,0.32610
ENSG00000151239,TWF1,2,-3.9958,72,1.31378,37,0.24431,52,0.76692,32,-0.0196,43,0.48209,24,-0.4558,15,-1.0910,27,-0.3549
ENSG00000184613,NELL2,145,-1.2261,6,-5.7717,79,-2.1217,109,-1.6570,158,-1.1667,694,1.23516,655,1.13692,503,0.69568,430,0.62593
ENSG00000273015,AC008124.1,2,-2.6312,29,1.38877,32,1.53317,10,-0.2933,10,-0.3006,11,-0.1110,16,0.45900,12,-0.0789,7,-1.0826
ENSG00000139218,SCAF11,2,-4.2073,81,1.26786,51,0.49071,73,1.08847,37,0.00376,26,-0.5436,33,-0.1590,22,-0.7801,30,-0.4225
ENSG00000111371,SLC38A1,140,0.44151,76,-0.5004,128,0.29550,163,0.68350,60,-0.9139,58,-0.9169,77,-0.4879,123,0.23516,123,0.31594
ENSG00000134294,SLC38A2,113,-0.0230,239,1.19307,129,0.18949,106,-0.1153,91,-0.3902,85,-0.4690,111,-0.0498,103,-0.1661,106,-0.1663
ENSG00000005175,RPAP3,2,-3.4167,20,-0.0922,12,-0.8909,37,0.85187,17,-0.4092,23,0.14864,35,0.80079,22,0.08056,23,0.16951
ENSG00000079337,RAPGEF3,7,-1.2518,35,1.16754,47,1.67836,0,-4.3558,32,1.19450,16,-0.0456,4,-1.9869,5,-1.8292,10,-0.9997
ENSG00000211584,SLC48A1,92,-0.2587,382,2.14390,185,0.85310,13,-3.1255,94,-0.2391,84,-0.4009,79,-0.4926,136,0.35079,64,-1.0118
ENSG00000134291,TMEM106C,2,-4.4416,10,-2.0981,19,-1.2289,120,1.66515,28,-0.6996,43,-0.0171,46,0.07531,84,1.04814,47,0.14331
ENSG00000152556,PFKM,89,-0.8003,26,-2.6259,137,-0.1455,97,-0.6744,121,-0.3631,139,-0.1270,224,0.63037,142,-0.0883,216,0.81990
ENSG00000177981,ASB8,80,0.74664,45,-0.1809,50,0.00759,53,0.09403,45,-0.1784,46,-0.1471,81,0.75938,28,-0.8850,45,-0.2310
ENSG00000177875,CCDC184,2,-4.4744,4,-3.5315,23,-1.0276,81,0.95104,31,-0.5890,46,0.05861,80,0.94130,72,0.75544,53,0.35311
ENSG00000139620,KANSL2,2,-2.3316,15,0.67418,3,-1.6858,0,-3.8869,12,0.30155,16,0.78857,20,1.07847,7,-0.5935,10,0.11295
ENSG00000174233,ADCY6,2,-2.4993,7,-0.7505,1,-3.5978,5,-1.1134,10,-0.1827,26,1.35923,14,0.31830,8,-0.5640,16,0.77900
ENSG00000167535,CACNB3,43,-0.2707,3,-3.7992,3,-4.1376,37,-0.4912,53,0.05392,86,0.83360,105,1.16565,42,-0.3049,60,0.33975
ENSG00000174243,DDX23,2,-3.8819,42,0.55897,37,0.36453,26,-0.1683,27,-0.1190,29,-0.0386,27,-0.1263,38,0.40530,32,0.15040
ENSG00000172602,RND1,2,-3.8817,5,-2.4312,9,-1.7564,1,-4.8767,20,-0.6074,61,1.18078,64,1.25220,12,-1.3433,47,1.10830
ENSG00000134287,ARF3,352,-0.1849,113,-1.8940,243,-0.7541,324,-0.3142,323,-0.3470,616,0.70172,402,0.02018,500,0.36451,491,0.46755
ENSG00000169884,WNT10B,2,-3.2832,0,-5.4112,5,-1.9469,0,-4.6098,15,-0.4148,40,1.17284,31,0.74436,14,-0.4772,32,1.21516
ENSG00000181418,DDN,78,-0.9253,14,-3.4168,56,-1.4233,121,-0.2655,195,0.53436,187,0.41682,95,-0.6396,148,0.04586,195,0.68482
ENSG00000181929,PRKAG1,44,0.26616,26,-0.5283,26,-0.5492,67,0.94401,32,-0.2453,43,0.22318,44,0.25556,21,-0.8409,37,-0.0137
ENSG00000167548,KMT2D,2,-3.0375,9,-0.8077,0,-4.2131,18,0.17653,17,0.02302,23,0.56160,18,0.13363,7,-1.1847,25,0.99301
ENSG00000123416,TUBA1B,1327,-0.8340,689,-1.8120,1134,-1.0703,2307,0.01374,1947,-0.2703,2972,0.41479,4320,1.02856,2990,0.42437,2523,0.20989
ENSG00000167552,TUBA1A,937,-0.8481,2756,0.84328,1517,-0.1117,1642,0.01158,983,-0.8293,1593,-0.0358,1964,0.29376,2051,0.36249,1691,0.07673
ENSG00000123352,SPATS2,2,-4.2569,7,-2.5184,4,-3.3030,32,-0.2851,27,-0.5626,54,0.53149,45,0.25773,62,0.76286,60,1.03904
ENSG00000135519,KCNH3,2,-4.9601,5,-3.7562,29,-1.1414,17,-1.9147,77,0.36792,148,1.40265,72,0.21738,77,0.31588,78,0.46536
ENSG00000187778,MCRS1,2,-4.0934,34,-0.0316,19,-0.9169,43,0.36481,37,0.13262,45,0.41591,36,0.08081,48,0.52103,36,0.12547
ENSG00000110844,PRPF40B,2,-3.0025,13,-0.3364,7,-1.2327,12,-0.4399,16,0.05228,22,0.48690,25,0.72502,11,-0.5937,21,0.57943
ENSG00000139644,TMBIM6,94,-1.8060,589,1.02426,778,1.50598,288,-0.1295,306,-0.0338,306,-0.0319,178,-0.8614,222,-0.5294,249,-0.4537
ENSG00000135472,FAIM2,97,-2.0211,226,-0.7699,282,-0.4309,345,-0.1223,261,-0.5910,513,0.50399,508,0.48794,577,0.69585,445,0.38346
ENSG00000110881,ASIC1,2,-3.5900,31,0.40686,29,0.27109,27,0.18859,25,0.09751,26,0.10311,31,0.39851,12,-1.0198,26,0.16175
ENSG00000066117,SMARCD1,24,0.17465,23,0.10688,6,-1.7935,28,0.43705,17,-0.3916,27,0.38501,25,0.25267,12,-0.8237,25,0.28746
ENSG00000167588,GPD1,2,-3.6862,99,2.31512,48,0.98584,64,1.48913,16,-0.7334,31,0.29589,18,-0.5771,10,-1.3954,8,-2.0955
ENSG00000178449,COX14,212,0.24899,174,-0.0660,139,-0.4141,198,0.13526,144,-0.3807,135,-0.4550,221,0.31326,217,0.28001,193,0.13450
ENSG00000139624,CERS5,2,-2.9964,13,-0.3002,24,0.66910,11,-0.5541,12,-0.4192,28,0.89746,30,1.03274,11,-0.5938,16,-0.0283
ENSG00000161813,LARP4,2,-3.2178,25,0.48844,31,0.81532,4,-2.0374,13,-0.5170,20,0.11969,19,0.07902,24,0.40364,22,0.35680
ENSG00000066084,DIP2B,2,-4.7226,190,2.17426,103,1.06492,37,-0.5701,28,-1.0159,44,-0.2912,36,-0.5963,33,-0.7090,47,-0.2291
ENSG00000185432,METTL7A,137,0.14633,168,0.46659,493,2.38463,44,-1.5847,193,0.78216,89,-0.5193,21,-2.6595,69,-0.9070,54,-1.5304
ENSG00000110911,SLC11A2,2,-4.1562,84,1.38240,75,1.20000,3,-3.4516,25,-0.5852,27,-0.4306,29,-0.3032,56,0.71608,35,-0.0618
ENSG00000050426,LETMD1,2,-4.3187,28,-0.5293,28,-0.5481,30,-0.4368,36,-0.1834,31,-0.3723,48,0.29553,51,0.37423,58,0.82536
ENSG00000110925,CSRNP2,2,-4.0823,21,-0.7099,10,-1.8366,3,-3.3772,33,-0.0598,53,0.70757,55,0.75486,42,0.34065,47,0.75640
ENSG00000135457,TFCP2,2,-4.0381,37,0.17916,24,-0.4647,112,2.06350,22,-0.6245,36,0.12525,27,-0.3210,24,-0.4930,31,-0.1486
ENSG00000184271,POU6F1,2,-3.3041,13,-0.6081,2,-2.9069,26,0.43931,18,-0.1516,12,-0.7095,8,-1.3731,53,1.63714,26,0.59168
ENSG00000183283,DAZAP2,136,-0.0807,341,1.42434,240,0.82768,110,-0.4116,129,-0.1698,134,-0.1018,108,-0.4301,104,-0.4895,107,-0.5658
ENSG00000050438,SLC4A8,48,-0.0770,28,-0.8962,22,-1.2638,35,-0.5485,39,-0.4240,80,0.75581,55,0.15988,43,-0.2163,65,0.59509
ENSG00000196876,SCN8A,2,-5.3823,4,-4.1887,8,-3.3893,54,-0.6838,70,-0.3167,161,1.05179,144,0.86379,63,-0.4524,129,1.01093
ENSG00000135503,ACVR1B,59,0.33085,11,-2.1126,21,-1.2383,5,-3.2632,36,-0.4513,110,1.37197,85,0.93225,48,0.00751,52,0.17567
ENSG00000161835,GRASP,50,-0.1787,5,-3.4165,11,-2.3389,3,-4.1966,44,-0.3945,54,-0.0549,136,1.46393,40,-0.5093,84,0.96740
ENSG00000123358,NR4A1,53,1.26063,5,-2.3866,13,-0.9612,1,-3.9578,21,-0.2590,40,0.77067,41,0.80947,4,-2.4081,29,0.41592
ENSG00000123395,ATG101,2,-3.7711,27,-0.0437,10,-1.5447,21,-0.3897,24,-0.2176,61,1.29506,48,0.90004,12,-1.2472,32,0.32781
ENSG00000063046,EIF4B,143,0.08931,185,0.49324,145,0.11227,152,0.18334,144,0.10433,101,-0.4528,123,-0.1477,113,-0.2782,127,-0.1263
ENSG00000257337,AC068888.1,2,-2.1677,42,2.73367,17,0.99268,0,-3.7271,13,0.66060,1,-2.3703,6,-0.4371,3,-1.4740,4,-1.3272
ENSG00000111077,TNS2,2,-2.7111,37,1.70772,41,1.89612,2,-2.6869,28,1.42707,11,-0.2697,0,-4.2516,2,-2.6408,4,-1.7970
ENSG00000167778,SPRYD3,199,0.06369,54,-1.8949,106,-0.8970,214,0.17889,154,-0.3588,297,0.70138,266,0.52258,281,0.61283,190,-0.0150
ENSG00000167779,IGFBP6,25,-0.7935,7,-2.6172,22,-0.9650,115,1.64928,32,-0.4484,6,-2.7608,51,0.27391,82,1.06614,44,0.10061
ENSG00000139631,CSAD,2,-3.0022,18,0.07429,31,0.99923,32,1.03739,14,-0.3404,29,0.83741,14,-0.3158,16,-0.0821,12,-0.5790
ENSG00000182544,MFSD5,41,0.50810,24,-0.3156,15,-1.0522,51,0.85435,17,-0.8947,39,0.38991,35,0.22570,28,-0.0848,30,0.03279
ENSG00000123349,PFDN5,174,-1.3743,739,0.86360,520,0.29427,475,0.15181,567,0.47862,395,-0.1371,348,-0.3338,344,-0.3487,370,-0.3112
ENSG00000139637,C12orf10,143,0.95866,42,-0.9396,37,-1.1522,73,-0.1196,65,-0.3188,60,-0.4252,105,0.45071,102,0.40667,83,0.11034
ENSG00000094914,AAAS,39,1.67156,25,0.91865,16,0.20042,18,0.35081,11,-0.3728,8,-0.8563,15,0.13478,4,-1.7807,9,-0.8659
ENSG00000205352,PRR13,64,-0.3946,94,0.20119,118,0.56465,58,-0.5438,78,-0.0987,80,-0.0479,104,0.37386,79,-0.0689,80,-0.0637
ENSG00000197111,PCBP2,293,-0.0697,355,0.22963,279,-0.1440,234,-0.4147,288,-0.1045,238,-0.3924,310,0.01930,411,0.46617,322,0.10235
ENSG00000139625,MAP3K12,2,-3.8253,16,-0.8964,28,0.00147,22,-0.3903,25,-0.1911,41,0.56789,45,0.71387,15,-0.9101,37,0.61192
ENSG00000170653,ATF7,2,-2.2361,33,2.11884,23,1.44013,0,-3.7948,11,0.26099,8,-0.1911,7,-0.4343,3,-1.3826,6,-0.9174
ENSG00000135390,ATP5MC2,124,-1.1073,558,1.27229,365,0.56344,74,-1.8689,280,0.15272,226,-0.1914,249,-0.0448,216,-0.2631,239,-0.1399
ENSG00000012822,CALCOCO1,46,0.00013,40,-0.2056,33,-0.5094,48,0.05714,36,-0.4125,40,-0.2071,55,0.28217,108,1.39488,39,-0.3291
ENSG00000123415,SMUG1,2,-3.4517,17,-0.3394,25,0.18218,3,-2.6679,26,0.29442,21,-0.0513,27,0.35829,25,0.19880,28,0.52916
ENSG00000094916,CBX5,2,-5.4480,107,0.29982,130,0.62189,142,0.76438,113,0.42858,110,0.35089,45,-1.0127,76,-0.2302,77,-0.2743
ENSG00000135486,HNRNPA1,167,-0.7425,462,0.85816,361,0.45743,207,-0.4164,308,0.22202,270,-0.0057,184,-0.5929,325,0.28627,232,-0.3117
ENSG00000111481,COPZ1,169,1.34798,81,0.14781,63,-0.2467,16,-2.2924,64,-0.2522,89,0.29382,78,0.07825,67,-0.1425,68,-0.1788
ENSG00000161642,ZNF385A,2,-3.9564,38,-0.0473,100,1.52699,43,0.12376,61,0.77318,18,-1.1609,12,-1.7224,18,-1.1993,40,0.01897
ENSG00000123360,PDE1B,2,-4.2378,4,-3.0772,14,-1.4561,19,-1.0021,23,-0.7848,110,1.77935,57,0.65636,24,-0.6753,53,0.77996
ENSG00000135447,PPP1R1A,2,-5.4000,65,-0.4207,61,-0.5043,85,0.00522,78,-0.1542,151,0.92138,34,-1.3920,77,-0.1609,119,0.76250
ENSG00000135426,TESPA1,103,1.72760,0,-5.3842,6,-2.6384,3,-3.3301,22,-0.8278,64,0.89957,55,0.65475,9,-2.0434,47,0.56716
ENSG00000135424,ITGA7,2,-3.2978,12,-0.6718,102,2.96622,2,-2.8822,22,0.23237,17,-0.2389,1,-4.0492,22,0.17604,13,-0.8004
ENSG00000135441,BLOC1S1,319,0.29682,401,0.66436,439,0.81055,351,0.44941,249,-0.0986,195,-0.4672,184,-0.5558,228,-0.2298,205,-0.5026
ENSG00000135404,CD63,11,-4.8155,547,0.96104,653,1.26364,519,0.87263,331,0.16330,220,-0.4859,229,-0.4197,272,-0.1583,200,-0.7862
ENSG00000135414,GDF11,2,-3.1251,40,1.33159,22,0.37669,0,-4.6761,21,0.32378,7,-1.3209,4,-2.1563,24,0.52914,21,0.42019
ENSG00000205323,SARNP,56,-0.5143,63,-0.3386,131,0.81167,76,-0.0506,58,-0.4991,97,0.32240,80,0.03055,110,0.53132,73,-0.1450
ENSG00000123353,ORMDL2,2,-3.0628,25,0.61804,40,1.42711,48,1.75144,10,-0.8618,8,-1.0096,11,-0.6537,10,-0.7608,13,-0.4406
ENSG00000135392,DNAJC14,4,-2.2682,17,-0.0641,8,-1.1673,30,0.81579,14,-0.3936,35,1.05708,18,-0.0312,10,-0.8305,21,0.31450
ENSG00000170473,PYM1,2,-3.4290,20,-0.0923,8,-1.4610,72,2.04355,21,-0.0614,24,0.15128,20,-0.1292,16,-0.4088,19,-0.2519
ENSG00000111540,RAB5B,93,-0.3362,167,0.57971,200,0.86838,58,-1.0534,100,-0.2545,117,0.01030,107,-0.1275,96,-0.2967,118,0.03304
ENSG00000139531,SUOX,2,-3.2068,13,-0.4917,29,0.69889,21,0.17521,18,0.01143,23,0.34965,15,-0.3452,20,0.10838,20,0.18128
ENSG00000197728,RPS26,277,-0.7623,551,0.30076,501,0.14952,406,-0.1780,430,-0.0956,351,-0.4004,561,0.33003,596,0.42600,453,-0.0076
ENSG00000065361,ERBB3,2,-4.3200,248,3.42212,87,1.25241,26,-0.6778,28,-0.5969,6,-2.6730,10,-2.0632,16,-1.3890,18,-1.4697
ENSG00000170515,PA2G4,2,-5.3740,100,0.23055,51,-0.8001,129,0.63061,81,-0.1157,92,0.09590,95,0.14507,93,0.11676,100,0.31642
ENSG00000229117,RPL41,2019,-0.3272,3584,0.57684,3265,0.42670,2011,-0.3330,3304,0.49412,1594,-0.6878,1610,-0.6724,2834,0.20134,2222,-0.2344
ENSG00000139641,ESYT1,2,-3.2954,16,-0.2709,15,-0.3600,3,-2.8247,13,-0.6238,15,-0.4165,48,1.45809,13,-0.6128,29,0.89269
ENSG00000196465,MYL6B,81,-1.3646,106,-0.9764,180,-0.1662,254,0.36953,233,0.25673,146,-0.4879,209,0.06608,203,0.01739,241,0.39666
ENSG00000092841,MYL6,493,-0.0025,644,0.42042,771,0.71093,626,0.37327,450,-0.1580,349,-0.5329,530,0.11126,511,0.05321,399,-0.4252
ENSG00000139613,SMARCC2,2,-4.5707,62,0.23386,39,-0.4832,146,1.65875,55,0.04010,74,0.50603,36,-0.5949,46,-0.2218,45,-0.3362
ENSG00000181852,RNF41,2,-4.6672,26,-1.0086,24,-1.1067,24,-1.1404,45,-0.2285,74,0.59160,58,0.19181,86,0.83172,70,0.71202
ENSG00000139579,NABP2,151,1.39543,49,-0.4215,44,-0.5686,68,0.08355,52,-0.3435,56,-0.2250,66,0.03727,60,-0.1144,60,-0.1560
ENSG00000139645,ANKRD52,2,-2.9157,12,-0.3332,18,0.27304,8,-1.0027,13,-0.2802,19,0.33711,25,0.81061,20,0.46739,17,0.20864
ENSG00000135469,COQ10A,2,-2.3664,6,-0.8378,3,-1.7419,0,-3.9229,11,0.18315,11,0.06791,10,-0.0855,7,-0.5543,18,1.35380
ENSG00000062485,CS,57,-0.6452,42,-1.0983,38,-1.2332,98,0.18912,62,-0.5584,108,0.34695,138,0.73976,93,0.11237,107,0.46631
ENSG00000257727,CNPY2,2,-5.6733,148,0.57932,123,0.28141,145,0.53751,78,-0.4628,111,0.12283,122,0.27008,115,0.17653,104,0.01999
ENSG00000135473,PAN2,2,-2.1749,26,1.74546,11,0.27473,0,-3.4188,9,0.11013,4,-1.0492,9,0.04823,8,-0.1507,9,0.03080
ENSG00000170581,STAT2,96,1.23159,61,0.47762,57,0.38828,28,-0.7327,37,-0.3107,45,0.01752,29,-0.6630,22,-1.0645,42,-0.1056
ENSG00000135423,GLS2,38,0.59114,0,-6.5006,0,-8.5667,2,-3.3910,20,-0.4591,39,0.62944,44,0.81464,30,0.19266,37,0.78477
ENSG00000076108,BAZ2A,2,-3.3704,23,0.18537,62,1.82214,8,-1.2977,21,0.03507,24,0.26091,18,-0.2112,16,-0.3877,18,-0.2635
ENSG00000110955,ATP5F1B,680,-0.1761,336,-1.2472,516,-0.5999,820,0.11460,581,-0.4510,729,-0.0685,1192,0.71539,668,-0.2042,950,0.48632
ENSG00000110958,PTGES3,184,-0.6497,358,0.38362,382,0.48729,253,-0.1618,193,-0.6215,304,0.12505,366,0.41802,288,0.03838,282,0.01266
ENSG00000196531,NACA,586,0.19662,846,0.78905,687,0.44938,421,-0.3192,571,0.17105,390,-0.4348,430,-0.2843,531,0.04113,422,-0.4060
ENSG00000025423,HSD17B6,2,-2.8608,5,-1.5477,35,1.41801,37,1.52729,29,1.26877,8,-0.9194,3,-2.2862,4,-1.7823,9,-0.8495
ENSG00000166863,TAC3,2,-6.2768,0,-8.6465,7,-4.4064,1953,8.06891,12,-3.8397,0,-11.947,1,-6.9242,8,-4.2572,10,-4.4450
ENSG00000166886,NAB2,48,0.48692,6,-2.6119,23,-0.6426,45,0.39091,23,-0.6470,29,-0.2938,66,1.01835,18,-0.9692,43,0.46288
ENSG00000166888,STAT6,2,-2.5451,3,-1.8447,2,-2.2548,5,-1.2889,12,0.05635,24,1.16101,29,1.47585,8,-0.4874,13,0.29428
ENSG00000123384,LRP1,210,0.38350,98,-0.7871,283,0.87287,165,0.01025,171,0.07272,151,-0.1325,101,-0.7439,163,-0.0118,155,-0.1138
ENSG00000182199,SHMT2,2,-3.5151,19,-0.2493,30,0.40108,34,0.64538,13,-0.8597,19,-0.2715,25,0.11301,38,0.79853,26,0.26343
ENSG00000185633,NDUFA4L2,39,1.38752,6,-1.3952,52,1.93024,0,-4.5971,39,1.64583,7,-1.2394,1,-4.0534,1,-3.4704,7,-1.4897
ENSG00000179912,R3HDM2,2,-4.5642,40,-0.2624,49,0.05518,7,-2.8137,64,0.51123,67,0.53336,61,0.40038,44,-0.1064,55,0.31327
ENSG00000166986,MARS,71,-0.0925,22,-1.8192,29,-1.4399,166,1.27946,43,-0.8990,67,-0.1784,99,0.43382,79,0.07554,90,0.38390
ENSG00000175197,DDIT3,54,0.37687,74,0.87241,44,0.03255,58,0.47074,35,-0.3391,14,-1.6462,44,0.05248,33,-0.4068,41,-0.0687
ENSG00000175203,DCTN2,82,-1.2317,140,-0.4203,127,-0.5707,203,0.15261,142,-0.4301,183,-0.0076,334,0.95767,239,0.41461,200,0.17745
ENSG00000155980,KIF5A,86,-1.4829,141,-0.7405,105,-1.1738,163,-0.5137,268,0.28017,267,0.24781,255,0.17328,317,0.51975,274,0.39749
ENSG00000166908,PIP4K2C,2,-4.6589,24,-1.1635,26,-1.0230,70,0.50124,25,-1.1661,37,-0.4913,75,0.61035,75,0.61262,76,0.93368
ENSG00000178498,DTX3,3,-4.5347,36,-0.9455,35,-1.0010,121,0.91814,74,0.14531,83,0.30708,75,0.16294,56,-0.3023,82,0.39838
ENSG00000240771,ARHGEF25,41,0.09721,5,-2.9247,1,-5.3171,3,-3.5371,35,-0.1395,69,0.95262,50,0.42581,51,0.44527,52,0.67431
ENSG00000135454,B4GALNT1,4,-4.1834,4,-4.2017,16,-2.3226,77,-0.0165,45,-0.8852,149,1.03510,113,0.58471,102,0.42427,115,0.88787
ENSG00000135506,OS9,52,-0.9128,64,-0.6021,117,0.33157,187,1.10360,80,-0.2728,86,-0.1453,86,-0.1502,100,0.08779,94,-0.0066
ENSG00000135439,AGAP2,5,-3.9111,4,-4.2138,43,-0.8439,20,-1.9374,135,1.07405,186,1.50031,72,-0.0494,61,-0.3124,78,0.07814
ENSG00000135452,TSPAN31,5,-2.7327,44,0.45698,70,1.23040,31,-0.0851,25,-0.4672,26,-0.3609,26,-0.3235,44,0.46985,32,-0.0147
ENSG00000135446,CDK4,2,-3.3145,51,1.55002,34,0.83850,12,-0.7127,17,-0.2672,22,0.18283,15,-0.4581,16,-0.2920,18,-0.2006
ENSG00000139266,MARCH9,2,-3.3637,16,-0.3599,11,-0.8733,13,-0.6746,20,-0.0438,32,0.71328,29,0.55288,21,0.00071,26,0.47492
ENSG00000123297,TSFM,49,0.65986,7,-2.2386,41,0.39113,14,-1.2602,22,-0.6226,35,0.11429,53,0.79113,10,-1.7276,42,0.55626
ENSG00000175215,CTDSP2,2,-4.0553,79,1.34369,63,0.97092,9,-1.9076,40,0.23254,41,0.25969,17,-1.0439,20,-0.8428,35,0.00424
ENSG00000257698,GIHCG,2,-4.1825,41,0.16995,47,0.40239,54,0.61539,46,0.41528,30,-0.2705,28,-0.4010,32,-0.1749,37,0.01168
ENSG00000198673,TAFA2,44,-0.1726,3,-3.8382,0,-9.4470,5,-3.3129,23,-1.2015,0,-5.9180,111,1.32951,21,-1.2491,102,1.97033
ENSG00000135655,USP15,2,-3.6629,18,-0.5008,6,-2.0305,16,-0.6677,19,-0.4818,34,0.46120,51,1.12033,19,-0.4459,36,0.81543
ENSG00000061987,MON2,2,-4.1212,66,1.03139,52,0.61496,52,0.62342,29,-0.2815,36,0.06368,34,-0.0366,25,-0.5306,32,-0.1724
ENSG00000111110,PPM1H,2,-3.9016,31,0.05129,41,0.47942,6,-2.2901,17,-0.8953,20,-0.6434,59,1.07958,44,0.61891,38,0.53206
ENSG00000118600,RXYLT1,20,0.28640,21,0.33091,19,0.21963,10,-0.7690,9,-0.9289,29,0.82516,10,-0.8184,14,-0.3165,19,0.30296
ENSG00000184575,XPOT,67,0.35937,47,-0.2047,29,-0.9179,92,0.86263,38,-0.5563,61,0.20920,44,-0.2929,46,-0.2252,58,0.17439
ENSG00000183735,TBK1,50,1.00018,21,-0.3533,17,-0.6941,1,-4.7820,16,-0.7808,33,0.32815,34,0.36697,28,0.06647,33,0.44021
ENSG00000135677,GNS,2,-3.5830,24,0.02115,43,0.91363,25,0.03795,23,-0.0881,16,-0.5650,29,0.27190,17,-0.5322,28,0.31062
ENSG00000111490,TBC1D30,2,-2.8611,1,-3.5738,0,-7.7106,10,-0.4736,9,-0.6853,11,-0.4379,12,-0.2348,18,0.30233,29,1.79017
ENSG00000156076,WIF1,2,-4.3887,0,-6.5991,0,-9.2284,20,-1.0822,72,0.97065,1,-5.2670,9,-2.3034,34,-0.3217,84,1.83468
ENSG00000174106,LEMD3,38,0.11217,24,-0.6145,35,-0.0413,29,-0.2988,25,-0.5951,68,1.03246,43,0.28534,32,-0.1806,36,0.04013
ENSG00000139233,LLPH,68,1.10726,47,0.52143,36,0.10340,26,-0.4266,30,-0.2247,35,0.03688,15,-1.1755,13,-1.4162,35,0.09011
ENSG00000155957,TMBIM4,2,-4.8138,107,1.02601,136,1.43815,54,-0.0818,52,-0.1293,57,0.00431,47,-0.2753,62,0.13576,42,-0.5995
ENSG00000111530,CAND1,123,-0.0398,61,-1.1106,61,-1.1185,250,1.09810,82,-0.7111,112,-0.1965,186,0.61309,170,0.46722,130,0.05187
ENSG00000127334,DYRK2,2,-2.9733,7,-1.0733,15,-0.0377,0,-4.5254,9,-0.8134,37,1.39061,21,0.46099,35,1.29465,17,0.12867
ENSG00000127314,RAP1B,2,-4.6079,97,1.10385,57,0.24574,77,0.70800,41,-0.3095,68,0.51961,64,0.42252,26,-0.9487,41,-0.3507
ENSG00000175782,SLC35E3,2,-3.5272,16,-0.5564,29,0.35898,54,1.36879,16,-0.5394,31,0.46935,17,-0.4449,20,-0.2386,24,0.13029
ENSG00000135679,MDM2,152,2.32608,43,0.14646,22,-0.8498,22,-0.8761,25,-0.7481,33,-0.2817,22,-0.8579,20,-0.9891,37,-0.1419
ENSG00000135678,CPM,2,-2.4811,76,3.65536,37,2.01991,0,-4.0372,8,-0.5033,4,-1.2645,3,-1.7081,0,-5.0909,1,-3.3804
ENSG00000111605,CPSF6,108,1.14771,44,-0.2725,36,-0.5939,29,-0.8975,48,-0.1557,71,0.46360,45,-0.2324,39,-0.4643,55,0.06847
ENSG00000127337,YEATS4,120,2.81680,19,-0.3960,14,-0.7971,37,0.64551,12,-1.1391,15,-0.7162,28,0.19422,8,-1.6470,13,-1.0981
ENSG00000166225,FRS2,2,-3.3205,45,1.30121,34,0.86356,18,-0.1556,23,0.25083,14,-0.5296,22,0.16028,13,-0.6640,16,-0.3959
ENSG00000166226,CCT2,54,-1.3655,81,-0.7442,126,-0.0796,225,0.85103,87,-0.6867,153,0.22839,179,0.47843,142,0.10533,147,0.21801
ENSG00000127328,RAB3IP,47,0.28849,74,1.02806,39,-0.0033,44,0.19636,35,-0.1781,22,-0.8356,6,-2.6472,45,0.21537,40,0.04275
ENSG00000111596,CNOT2,90,1.60886,57,0.82126,32,-0.0722,12,-1.5104,24,-0.5683,41,0.27817,25,-0.4902,14,-1.2730,31,-0.2157
ENSG00000135643,KCNMB4,2,-6.0708,336,1.35656,130,-0.1850,110,-0.4390,113,-0.4331,292,1.11317,177,0.29108,159,0.12907,119,-0.4210
ENSG00000153233,PTPRR,44,-0.2363,3,-4.0911,9,-2.5098,17,-1.6388,33,-0.7190,133,1.55876,80,0.70750,58,0.18946,65,0.49691
ENSG00000133858,ZFC3H1,48,1.71778,23,0.47335,13,-0.3469,2,-2.9658,18,0.13169,16,-0.0398,16,-0.0696,8,-1.0915,14,-0.3629
ENSG00000173451,THAP2,2,-2.3180,28,1.67791,15,0.70126,0,-3.8636,7,-0.5404,7,-0.4152,5,-1.0715,5,-0.9251,13,0.57246
ENSG00000139291,TMEM19,2,-3.9626,32,0.05948,38,0.30036,42,0.44970,21,-0.6186,65,1.18683,29,-0.1293,21,-0.6274,34,0.16264
ENSG00000080371,RAB21,2,-5.2996,152,1.05253,85,0.10978,94,0.26499,65,-0.3354,106,0.46201,90,0.19939,110,0.51328,66,-0.3810
ENSG00000121749,TBC1D15,2,-3.9939,57,0.93089,43,0.47706,28,-0.2143,27,-0.2841,44,0.49825,39,0.30213,33,0.07074,29,-0.2078
ENSG00000072657,TRHDE,2,-4.4426,1,-5.2562,0,-6.6474,299,3.71206,12,-2.0233,4,-3.3904,50,0.21975,35,-0.3517,38,-0.2598
ENSG00000253719,ATXN7L3B,140,0.02872,71,-1.0175,144,0.07082,174,0.37260,109,-0.3894,169,0.32481,147,0.10331,108,-0.3723,155,0.24631
ENSG00000166006,KCNC2,22,-2.2540,4,-4.6270,34,-1.6153,259,1.55442,56,-0.9450,36,-1.5350,94,-0.1162,266,1.60126,121,0.39536
ENSG00000139278,GLIPR1,2,-2.7182,15,0.25778,29,1.28078,3,-2.1511,13,-0.0465,5,-1.4732,24,0.93124,6,-1.1526,15,0.32735
ENSG00000111615,KRR1,2,-4.0311,29,-0.1632,45,0.48892,1,-4.4503,33,0.01206,46,0.52139,29,-0.1687,46,0.52216,40,0.46051
ENSG00000139289,PHLDA1,2,-3.9639,21,-0.6232,68,1.25521,64,1.15691,32,0.03164,50,0.72952,10,-1.6672,35,0.16218,23,-0.5589
ENSG00000187109,NAP1L1,417,0.60998,424,0.63581,310,0.13741,130,-1.1873,234,-0.3264,267,-0.0982,328,0.22294,206,-0.4975,287,0.01573
ENSG00000179941,BBS10,2,-2.5783,22,0.99657,4,-1.6653,15,0.41087,12,0.06814,21,0.87304,13,0.13212,3,-2.0660,12,0.09980
ENSG00000091039,OSBPL8,2,-5.1304,47,-0.6173,53,-0.4410,192,1.65949,48,-0.6378,74,0.06438,72,0.04143,105,0.62294,69,-0.0362
ENSG00000186908,ZDHHC17,6,-3.3029,52,-0.1488,55,-0.0594,54,-0.0923,31,-1.0016,68,0.28568,58,0.02553,99,0.88697,72,0.51238
ENSG00000175183,CSRP2,2,-3.0740,26,0.71961,48,1.74794,21,0.32521,21,0.35431,7,-1.2739,2,-2.8420,19,0.16502,13,-0.5131
ENSG00000067798,NAV3,2,-4.2876,34,-0.2234,42,0.11211,76,1.07372,36,-0.1237,107,1.65642,49,0.35749,25,-0.6992,25,-0.8215
ENSG00000067715,SYT1,672,-0.9668,34,-5.2914,254,-2.4085,1008,-0.3508,717,-0.9264,1663,0.43443,2608,1.17858,2196,0.88836,1641,0.58095
ENSG00000177425,PAWR,2,-2.8031,12,-0.2028,35,1.49852,80,3.20896,9,-0.5959,0,-5.6349,0,-7.7977,0,-5.3827,8,-0.9840
ENSG00000058272,PPP1R12A,2,-5.0595,53,-0.3492,37,-0.8860,41,-0.7473,69,0.05237,86,0.39581,76,0.19437,97,0.58343,85,0.52562
ENSG00000111052,LIN7A,2,-3.1630,2,-2.7363,6,-1.6329,12,-0.5768,14,-0.4738,10,-0.8310,46,1.49421,16,-0.1797,29,1.05558
ENSG00000139220,PPFIA2,170,0.20569,90,-0.7708,54,-1.5346,135,-0.1585,68,-1.2637,136,-0.1427,256,0.86686,201,0.47209,190,0.53796
ENSG00000133773,CCDC59,2,-3.2036,32,0.87085,14,-0.4459,0,-4.7490,26,0.59999,19,0.05640,12,-0.6277,25,0.46371,21,0.26423
ENSG00000179104,TMTC2,2,-2.6262,77,3.42541,20,0.80174,1,-3.1932,12,-0.0508,0,-6.7209,2,-2.2179,11,-0.1981,5,-1.4131
ENSG00000072041,SLC6A15,2,-4.6977,12,-2.1832,0,-5.8546,51,-0.0491,27,-1.0329,43,-0.2824,142,1.65965,71,0.49184,75,0.84406
ENSG00000182050,MGAT4C,2,-2.5741,10,-0.2873,61,2.92329,0,-3.7748,9,-0.4619,10,-0.2991,1,-3.1645,5,-1.3464,12,0.00166
ENSG00000133641,C12orf29,2,-3.8247,27,-0.0702,22,-0.3902,21,-0.4534,21,-0.4797,30,0.07252,34,0.29357,33,0.24621,39,0.73341
ENSG00000198707,CEP290,2,-3.1845,28,0.67172,21,0.23626,1,-3.7591,28,0.79034,26,0.59395,8,-1.2352,7,-1.4744,21,0.36460
ENSG00000139324,TMTC3,2,-3.2552,16,-0.2939,21,0.16015,0,-4.7302,11,-0.8055,23,0.26560,39,1.14921,14,-0.4459,27,0.82471
ENSG00000049130,KITLG,44,0.57397,7,-2.0684,27,-0.2037,27,-0.2019,16,-1.0117,56,0.97705,43,0.52782,25,-0.2744,34,0.21159
ENSG00000139318,DUSP6,50,-0.0940,8,-2.7420,35,-0.6454,40,-0.4358,32,-0.8385,52,-0.0226,125,1.40206,33,-0.7109,71,0.64264
ENSG00000139323,POC1B,2,-2.0831,46,3.04590,13,0.68677,1,-2.5512,7,-0.1846,1,-2.7118,10,0.29876,3,-1.2363,4,-1.1888
ENSG00000070961,ATP2B1,136,-1.2185,25,-3.6906,93,-1.7784,141,-1.1631,233,-0.4350,1211,2.41395,328,0.12733,304,0.00794,307,0.03310
ENSG00000271614,ATP2B1-AS1,2,-3.7631,1,-4.4244,2,-3.6718,18,-0.5904,23,-0.2445,87,1.95940,44,0.75752,26,-0.0621,31,0.31398
ENSG00000011465,DCN,97,0.64091,12,-2.4746,115,0.92499,119,0.96971,71,0.16403,11,-2.6303,147,1.33246,65,0.01312,33,-1.2248
ENSG00000133639,BTG1,2,-4.2728,36,-0.1059,96,1.49028,136,2.13076,33,-0.2483,33,-0.2529,21,-0.9385,27,-0.5769,22,-1.0764
ENSG00000102189,EEA1,2,-4.4968,48,0.08832,82,0.95547,114,1.51586,38,-0.2725,43,-0.0787,55,0.28946,42,-0.1333,32,-0.6868
ENSG00000173598,NUDT4,6,-4.7676,17,-3.3152,108,-0.6070,134,-0.2760,131,-0.3312,315,1.09361,288,0.94725,190,0.26963,190,0.37356
ENSG00000177889,UBE2N,116,-0.6455,69,-1.4288,94,-0.9700,253,0.56479,123,-0.6090,176,-0.0119,201,0.19559,289,0.77885,215,0.42556
ENSG00000198015,MRPL42,147,1.86180,47,-0.0364,39,-0.3350,25,-0.9704,33,-0.6288,32,-0.6251,36,-0.4333,35,-0.4756,50,0.07238
ENSG00000136040,PLXNC1,2,-4.1684,7,-2.3342,15,-1.2946,91,1.52686,18,-1.0812,54,0.63604,29,-0.3278,42,0.24571,48,0.62495
ENSG00000173588,CEP83,2,-2.2655,8,-0.3038,2,-2.3286,18,1.01250,9,0.00104,19,1.13752,12,0.33153,1,-2.8177,11,0.23878
ENSG00000057704,TMCC3,9,-0.7970,91,3.28352,7,-1.0300,44,1.73675,8,-0.9241,7,-1.0820,2,-2.4807,2,-2.8923,5,-2.0227
ENSG00000184752,NDUFA12,122,-0.6846,130,-0.5855,171,-0.1671,198,0.06435,192,0.01371,137,-0.5085,256,0.47219,228,0.28850,212,0.22859
ENSG00000120798,NR2C1,2,-2.2806,14,0.59636,11,0.18831,0,-3.8388,10,0.13066,7,-0.3652,15,0.67293,8,-0.2426,11,0.39519
ENSG00000028203,VEZT,87,0.76348,26,-1.0708,44,-0.2956,145,1.64435,31,-0.8934,70,0.40949,45,-0.2671,27,-1.0126,48,-0.2327
ENSG00000111142,METAP2,2,-5.1028,151,1.26547,176,1.53973,62,-0.1635,64,-0.1280,31,-1.2125,47,-0.5814,65,-0.0962,59,-0.3094
ENSG00000074527,NTN4,2,-3.8170,0,-5.1633,20,-0.5225,127,2.63366,12,-1.3724,0,-5.3039,22,-0.3601,22,-0.3571,37,0.62284
ENSG00000139343,SNRPF,121,0.95064,76,0.19531,92,0.50300,32,-1.1200,59,-0.2045,45,-0.6050,83,0.32953,59,-0.1853,61,-0.1902
ENSG00000111144,LTA4H,10,-1.4387,22,-0.2794,23,-0.2271,10,-1.5130,27,0.02161,35,0.42009,43,0.74266,36,0.47842,29,0.13893
ENSG00000059758,CDK17,2,-5.6105,85,-0.2362,93,-0.0953,133,0.47589,55,-0.9522,226,1.35825,102,0.04997,107,0.13147,106,0.15480
ENSG00000120802,TMPO,2,-3.2405,30,0.74424,30,0.75217,10,-0.9314,18,-0.1050,19,-0.0196,21,0.14605,14,-0.4710,21,0.22660
ENSG00000075415,SLC25A3,143,-1.5370,233,-0.8083,310,-0.3755,489,0.33634,306,-0.4252,414,0.07217,606,0.68193,562,0.55893,442,0.23885
ENSG00000185046,ANKS1B,29,-2.9265,332,0.74257,126,-0.7686,253,0.30227,141,-0.6475,457,1.28123,199,-0.0776,190,-0.1485,211,0.02531
ENSG00000111647,UHRF1BP1L,69,1.18525,18,-0.9049,0,-7.9372,10,-1.8046,18,-0.9970,44,0.45340,38,0.20180,44,0.45038,43,0.57801
ENSG00000075089,ACTR6,2,-4.3613,52,0.34868,16,-1.4423,26,-0.6792,35,-0.2777,49,0.25521,62,0.63821,33,-0.3633,57,0.72954
ENSG00000136021,SCYL2,2,-3.8782,21,-0.5066,17,-0.8441,2,-3.6892,21,-0.5544,41,0.50325,38,0.40861,28,-0.0725,48,1.16617
ENSG00000151572,ANO4,2,-3.4044,29,0.48377,29,0.47704,47,1.29944,12,-0.9272,21,0.01809,8,-1.4551,39,0.98374,19,-0.2097
ENSG00000120805,ARL1,103,0.33789,50,-0.7926,36,-1.2628,122,0.60817,65,-0.4023,98,0.25646,96,0.22301,72,-0.2169,94,0.24841
ENSG00000196091,MYBPC1,33,-0.6027,113,1.38201,170,2.13268,28,-0.8343,74,0.73894,9,-2.4227,56,0.22609,13,-1.9085,15,-2.0222
ENSG00000111666,CHPT1,38,-0.7176,46,-0.4457,124,1.13871,29,-1.1462,67,0.15678,64,0.06223,66,0.11227,82,0.44996,54,-0.2695
ENSG00000111670,GNPTAB,69,-0.3584,17,-2.4415,43,-1.0729,59,-0.6034,70,-0.3601,217,1.50944,73,-0.2715,89,0.04437,106,0.42814
ENSG00000120860,WASHC3,32,-0.9662,77,0.37438,91,0.63949,44,-0.5124,57,-0.1122,56,-0.1418,98,0.75419,25,-1.3327,64,0.09590
ENSG00000139352,ASCL1,2,-3.4036,33,0.25088,123,2.61040,12,-1.1902,22,-0.3810,22,-0.3460,6,-2.2464,17,-0.7031,25,-0.1963
ENSG00000111696,NT5DC3,2,-4.8315,2,-4.7619,20,-1.5799,49,-0.2358,41,-0.5511,36,-0.6976,67,0.23884,55,-0.0675,108,1.62586
ENSG00000166598,HSP90B1,94,-1.6765,440,0.69076,474,0.81347,331,0.23592,234,-0.3271,370,0.41057,290,0.02541,251,-0.2001,247,-0.2885
ENSG00000204954,C12orf73,2,-3.6102,22,-0.1681,33,0.47113,11,-1.2278,16,-0.6460,41,0.81561,26,0.09674,53,1.24709,24,-0.0026
ENSG00000111727,HCFC2,2,-2.8525,16,0.17807,11,-0.3907,6,-1.2920,12,-0.2845,42,1.75035,9,-0.7302,7,-0.9641,17,0.41515
ENSG00000120837,NFYB,2,-3.9430,61,1.10750,23,-0.4354,5,-2.5775,29,-0.1230,38,0.32345,31,0.02439,27,-0.2215,39,0.51387
ENSG00000198431,TXNRD1,2,-4.3418,28,-0.5481,31,-0.4340,42,0.06234,31,-0.4587,75,0.96905,86,1.20604,53,0.41430,38,-0.1531
ENSG00000171310,CHST11,7,-0.6833,6,-0.7962,43,2.38154,11,0.03818,15,0.63015,9,-0.1808,2,-2.0760,3,-1.7806,6,-0.9020
ENSG00000151131,C12orf45,25,-0.2938,15,-1.0360,39,0.40034,48,0.73172,31,0.04605,39,0.40680,39,0.40204,24,-0.3564,25,-0.3480
ENSG00000136051,WASHC4,2,-3.6981,62,1.42468,64,1.46350,5,-2.3495,23,-0.2147,20,-0.4204,12,-1.1071,21,-0.2915,26,0.03434
ENSG00000136044,APPL2,2,-3.4216,31,0.59893,74,2.10609,2,-3.3481,28,0.46517,24,0.20445,5,-2.0051,34,0.72449,12,-1.0329
ENSG00000235162,C12orf75,22,0.59117,18,0.29620,20,0.44592,28,0.96763,23,0.76578,22,0.59626,11,-0.4452,8,-0.8423,5,-1.9456
ENSG00000074590,NUAK1,43,-1.2225,42,-1.2445,49,-1.0342,37,-1.4338,68,-0.5687,213,1.30253,213,1.30043,93,-0.0555,106,0.20200
ENSG00000136026,CKAP4,2,-3.9002,15,-1.0363,46,0.67485,37,0.32354,27,-0.1626,37,0.31937,38,0.37343,24,-0.3075,34,0.27115
ENSG00000111783,RFX4,2,-2.6504,29,1.33997,64,2.89786,0,-4.2049,19,0.78572,3,-1.9867,2,-2.4973,3,-1.9432,5,-1.5716
ENSG00000111785,RIC8B,2,-2.8091,13,-0.1401,4,-1.8378,2,-2.7703,10,-0.5300,35,1.50272,21,0.61151,14,0.05227,18,0.51094
ENSG00000151135,TMEM263,27,-0.2677,22,-0.5657,35,0.11813,41,0.37668,26,-0.3344,31,-0.0492,30,-0.1141,40,0.34994,35,0.16986
ENSG00000120832,MTERF2,2,-2.3812,13,0.35337,11,0.04299,0,-3.7417,10,0.02045,2,-2.3044,17,0.82136,10,-0.0836,14,0.75875
ENSG00000136045,PWP1,2,-4.0756,27,-0.3370,32,-0.1043,40,0.26537,24,-0.5801,46,0.48145,50,0.62336,35,0.05381,40,0.36590
ENSG00000110851,PRDM4,2,-2.7240,12,-0.1380,0,-4.4685,2,-2.3815,10,-0.3599,18,0.51392,22,0.84667,11,-0.2140,20,0.99584
ENSG00000075035,WSCD2,38,0.21084,2,-3.7902,1,-4.9383,9,-1.9196,18,-1.0110,87,1.59470,31,-0.0976,23,-0.5444,51,1.00613
ENSG00000075856,SART3,2,-3.7552,18,-0.5898,15,-0.9057,16,-0.7979,25,-0.1061,36,0.45923,43,0.72321,42,0.70663,32,0.37182
ENSG00000136003,ISCU,110,-1.0406,84,-1.4475,193,-0.1957,197,-0.1646,173,-0.3855,170,-0.3915,377,0.87274,230,0.08250,284,0.57902
ENSG00000110876,SELPLG,2,-2.8398,27,1.03425,40,1.68636,31,1.24287,24,0.90556,5,-1.3781,1,-3.7881,10,-0.5398,5,-1.6888
ENSG00000110880,CORO1C,6,-2.3730,35,0.09049,24,-0.4744,25,-0.4517,35,0.06635,37,0.15113,45,0.47053,64,1.05363,32,-0.1005
ENSG00000084112,SSH1,2,-3.0192,11,-0.5221,11,-0.5615,7,-1.1846,14,-0.2390,23,0.53351,16,0.02164,14,-0.1842,24,0.93114
ENSG00000166111,SVOP,15,-2.9598,3,-5.0303,34,-1.7704,146,0.41644,70,-0.7560,162,0.58945,169,0.65746,114,0.03458,167,0.93570
ENSG00000135093,USP30,2,-2.7036,34,1.56375,24,1.01087,0,-4.2577,11,-0.2539,10,-0.3343,18,0.53311,2,-2.5350,14,0.11886
ENSG00000076248,UNG,2,-2.9543,7,-1.1949,11,-0.4566,82,3.01460,19,0.31896,12,-0.4207,5,-1.5382,2,-2.9043,10,-0.7226
ENSG00000110906,KCTD10,2,-3.8930,16,-0.8844,38,0.39989,4,-2.9666,28,-0.1090,28,-0.1172,54,0.96221,36,0.29491,38,0.54624
ENSG00000151148,UBE3B,2,-3.5400,9,-1.3488,24,0.04926,27,0.23003,15,-0.6680,29,0.33705,33,0.55947,28,0.30441,30,0.53779
ENSG00000139428,MMAB,5,-2.9232,57,0.48588,46,0.16663,71,0.85860,41,-0.0139,23,-0.9038,40,-0.0519,79,1.03608,34,-0.3978
ENSG00000110921,MVK,2,-2.9499,33,1.23683,11,-0.5155,18,0.24493,9,-0.8122,3,-2.1059,13,-0.2616,24,0.69907,19,0.48340
ENSG00000139438,FAM222A,45,1.00965,94,2.34659,26,0.15433,50,1.19629,9,-1.5695,9,-1.4344,3,-2.7044,23,-0.0427,10,-1.4691
ENSG00000139433,GLTP,2,-4.7957,341,3.38712,138,1.48015,4,-3.7303,44,-0.3847,18,-1.6599,18,-1.6843,47,-0.2774,18,-2.0187
ENSG00000139437,TCHP,2,-2.1366,18,1.16755,16,0.97108,0,-3.6959,8,-0.0569,7,-0.3869,5,-0.8873,2,-1.9810,11,0.61161
ENSG00000139436,GIT2,2,-3.5932,21,-0.2242,29,0.31027,1,-4.1862,21,-0.2197,33,0.48602,18,-0.4508,44,0.94888,31,0.54122
ENSG00000076513,ANKRD13A,2,-2.1569,46,2.93801,20,1.30053,0,-3.7158,10,0.22127,5,-0.7545,1,-2.4428,3,-1.4416,4,-1.3496
ENSG00000174456,C12orf76,60,-1.1358,200,0.72542,98,-0.4011,204,0.75417,92,-0.5370,182,0.56598,157,0.33323,126,-0.0195,111,-0.2824
ENSG00000122970,IFT81,2,-2.5903,15,0.33398,21,0.86854,14,0.26318,10,-0.2268,22,0.96004,10,-0.3245,21,0.92822,7,-0.8748
ENSG00000174437,ATP2A2,122,-1.5487,111,-1.6807,159,-1.1495,488,0.57878,206,-0.8147,497,0.60948,407,0.28686,307,-0.1540,476,0.77292
ENSG00000196510,ANAPC7,6,-2.6742,21,-0.9896,34,-0.2845,56,0.50530,32,-0.4256,56,0.49020,53,0.42279,67,0.79172,43,0.12501
ENSG00000111229,ARPC3,168,-0.3504,200,-0.0838,165,-0.3837,231,0.13950,197,-0.1165,184,-0.2113,323,0.67689,210,-0.0094,218,0.06151
ENSG00000111231,GPN3,2,-3.0687,27,0.75471,29,0.87347,16,-0.0576,13,-0.3777,17,0.03267,18,0.09675,27,0.78428,14,-0.4021
ENSG00000204856,FAM216A,2,-4.0891,9,-1.9104,24,-0.5197,20,-0.8202,35,0.05154,27,-0.3312,40,0.22982,28,-0.2808,56,1.16730
ENSG00000111237,VPS29,2,-5.4798,77,-0.5697,135,0.30651,139,0.35096,85,-0.4430,107,-0.0624,153,0.51212,97,-0.2049,141,0.52435
ENSG00000196850,PPTC7,2,-3.5837,10,-1.2409,8,-1.6006,46,1.04890,16,-0.6337,12,-1.0724,13,-0.8608,44,0.95786,36,0.93303
ENSG00000204852,TCTN1,2,-2.8669,14,-0.0702,28,1.02793,27,0.98996,11,-0.3839,12,-0.2341,18,0.35223,10,-0.5268,14,-0.1313
ENSG00000186298,PPP1CC,2,-5.3852,123,0.60605,108,0.39090,69,-0.3109,82,-0.0358,88,0.05965,74,-0.1975,77,-0.1444,97,0.31218
ENSG00000111249,CUX2,47,1.33261,0,-9.9686,0,-8.2089,34,0.79323,4,-2.3606,0,-9.0435,1,-4.2228,1,-4.0203,44,2.10167
ENSG00000204842,ATXN2,98,0.79144,70,0.24748,49,-0.2978,72,0.30212,43,-0.5374,77,0.39954,81,0.48467,38,-0.6744,51,-0.3177
ENSG00000089234,BRAP,40,1.06852,28,0.48803,11,-0.9335,46,1.27233,10,-1.1763,14,-0.5676,16,-0.3977,4,-2.4255,23,0.17915
ENSG00000111275,ALDH2,200,-0.0886,171,-0.3262,474,1.31885,285,0.47105,282,0.50115,118,-0.8956,103,-1.0998,160,-0.4355,169,-0.4433
ENSG00000234608,MAPKAPK5-AS1,3,-3.3341,29,-0.2822,62,0.92157,6,-2.6171,39,0.20707,31,-0.1530,72,1.17722,26,-0.4198,36,0.06615
ENSG00000089022,MAPKAPK5,38,0.46907,24,-0.2321,13,-1.1432,9,-1.6218,19,-0.6077,34,0.31007,23,-0.3446,21,-0.4573,41,0.87208
ENSG00000089248,ERP29,2,-5.6334,93,-0.1152,107,0.11074,164,0.78825,74,-0.4949,83,-0.2872,140,0.52922,169,0.84203,99,-0.0319
ENSG00000111300,NAA25,2,-3.2484,17,-0.1830,11,-0.7446,22,0.24226,13,-0.5879,19,-0.0188,19,0.03714,44,1.36011,21,0.25726
ENSG00000135148,TRAFD1,2,-2.8293,44,1.90023,24,0.82896,31,1.27580,13,-0.1246,10,-0.5159,9,-0.6871,9,-0.6644,7,-1.2532
ENSG00000173064,HECTD4,188,1.30001,36,-1.3013,34,-1.3700,65,-0.4014,47,-0.9445,122,0.57655,85,-0.0001,115,0.48361,90,0.13732
ENSG00000089009,RPL6,856,0.33705,928,0.46627,866,0.35547,588,-0.2517,800,0.25110,623,-0.1638,574,-0.2899,589,-0.2485,592,-0.3146
ENSG00000179295,PTPN11,44,-1.5483,193,0.72612,149,0.31130,93,-0.4196,107,-0.2239,173,0.55225,125,0.02976,96,-0.3720,126,0.05783
ENSG00000089169,RPH3A,59,-1.3616,15,-3.3682,74,-1.0098,430,1.83234,124,-0.2450,321,1.30699,85,-0.8130,181,0.35740,115,-0.4436
ENSG00000135144,DTX1,2,-3.6869,4,-2.5392,91,2.13015,5,-2.2809,27,0.05849,29,0.19132,22,-0.2598,13,-1.0564,29,0.24891
ENSG00000111344,RASAL1,2,-3.7197,26,-0.0065,8,-1.6690,3,-3.0199,24,-0.1857,61,1.36336,56,1.21871,32,0.32099,27,0.01767
ENSG00000123064,DDX54,35,-0.3620,19,-1.2661,45,-0.0026,58,0.41667,37,-0.2955,93,1.18252,41,-0.1179,42,-0.0950,43,-0.0734
ENSG00000139405,RITA1,111,1.74508,11,-1.8513,17,-1.2550,7,-2.4748,30,-0.4451,30,-0.3828,44,0.18672,43,0.14946,46,0.34887
ENSG00000186815,TPCN1,2,-3.6046,38,0.72190,52,1.21677,46,1.00890,29,0.29677,12,-1.0061,16,-0.6010,19,-0.3955,18,-0.5536
ENSG00000151176,PLBD2,16,-1.8372,30,-0.9357,47,-0.2869,66,0.25716,41,-0.5028,91,0.77139,80,0.56209,56,-0.0013,65,0.31661
ENSG00000123066,MED13L,2,-3.5685,27,0.17849,25,0.08524,32,0.47173,18,-0.4580,54,1.32002,10,-1.3336,15,-0.6839,27,0.28693
ENSG00000111412,C12orf49,56,0.60212,23,-0.7726,60,0.72012,18,-1.1196,37,-0.0565,32,-0.2627,45,0.24463,42,0.15728,37,-0.0876
ENSG00000135119,RNFT2,2,-3.9764,8,-2.0458,27,-0.2302,54,0.84693,26,-0.2923,23,-0.4521,31,-0.0077,56,0.91918,39,0.45696
ENSG00000135116,HRK,2,-2.6590,5,-1.3887,0,-7.4286,0,-4.2101,19,0.75741,14,0.17753,14,0.14553,9,-0.4236,20,1.09517
ENSG00000088992,TESC,9,-2.5818,4,-3.5758,12,-2.1704,34,-0.6566,51,-0.0335,19,-1.4930,74,0.56536,46,-0.1816,94,1.47767
ENSG00000135108,FBXO21,15,-2.2544,59,-0.2391,27,-1.4409,41,-0.8124,67,-0.0693,93,0.45902,91,0.42566,54,-0.3839,97,0.76711
ENSG00000171435,KSR2,67,1.48800,6,-2.1995,0,-8.5939,34,0.35119,22,-0.3086,35,0.42434,24,-0.2066,22,-0.3108,30,0.19706
ENSG00000176871,WSB2,141,-0.6655,98,-1.2164,84,-1.4406,113,-1.0022,179,-0.3289,258,0.27066,324,0.63602,265,0.31059,297,0.70201
ENSG00000089220,PEBP1,651,-1.1366,1451,0.08831,1210,-0.1949,1415,0.04888,1231,-0.1825,1431,0.06615,1743,0.37884,1585,0.22721,1470,0.14758
ENSG00000135090,TAOK3,31,-0.7534,78,0.65171,42,-0.3068,70,0.49769,59,0.23144,60,0.24286,56,0.13638,47,-0.1529,42,-0.4193
ENSG00000111707,SUDS3,136,1.98325,17,-1.3696,24,-0.8580,36,-0.2114,31,-0.4960,37,-0.1767,50,0.28960,18,-1.2262,41,-0.0515
ENSG00000139767,SRRM4,9,-2.0156,0,-5.5830,0,-5.3834,10,-1.9071,30,-0.2970,66,0.95164,37,0.02194,44,0.31075,61,1.25620
ENSG00000152137,HSPB8,2,-5.0962,172,1.50422,339,2.85815,64,-0.1144,54,-0.4067,26,-1.4338,26,-1.4462,43,-0.7233,29,-1.5726
ENSG00000111725,PRKAB1,2,-3.0599,19,0.22195,17,0.04236,1,-3.3927,16,-0.0611,18,0.12691,16,-0.0764,17,0.06860,23,0.75852
ENSG00000122966,CIT,90,0.84738,13,-2.0262,0,-6.5661,26,-1.0809,38,-0.5430,28,-0.9669,49,-0.1333,83,0.70094,81,0.99105
ENSG00000135127,BICDL1,83,2.06871,0,-8.4843,0,-8.4572,62,1.52946,13,-0.9440,11,-1.2190,27,0.16511,22,-0.1554,21,-0.2605
ENSG00000111737,RAB35,2,-4.1666,20,-0.9138,45,0.33236,67,0.99540,18,-1.0732,46,0.37257,43,0.28013,39,0.11153,43,0.36603
ENSG00000089154,GCN1,2,-3.2652,34,0.91875,23,0.25686,0,-4.8154,19,0.02760,21,0.12327,28,0.58251,11,-0.7820,23,0.37149
ENSG00000089157,RPLP0,246,-0.3810,575,0.97177,550,0.89604,392,0.34656,377,0.31458,281,-0.1738,174,-0.9019,232,-0.4688,221,-0.6846
ENSG00000089159,PXN,2,-2.3995,20,1.05782,55,2.94162,0,-3.9564,11,0.08477,1,-2.7846,5,-0.9072,2,-2.3470,7,-0.7529
ENSG00000111775,COX6A1,1191,-0.1006,1040,-0.3093,1098,-0.2270,1097,-0.2276,1611,0.41458,701,-0.9099,1230,-0.0503,1381,0.13127,1388,0.18919
ENSG00000170855,TRIAP1,2,-3.0297,28,0.84748,19,0.22372,20,0.27154,13,-0.3292,16,-0.0282,27,0.79542,11,-0.5856,16,-0.0628
ENSG00000257218,GATC,2,-4.2940,65,0.75851,30,-0.4534,57,0.54835,31,-0.4296,40,-0.0104,40,0.01281,62,0.69808,41,0.04393
ENSG00000111786,SRSF9,2,-5.4899,83,-0.1394,160,0.91665,67,-0.4555,88,-0.0474,84,-0.1190,114,0.36682,118,0.42256,93,0.05732
ENSG00000088986,DYNLL1,825,-0.6086,1197,-0.0351,1423,0.23670,1139,-0.1117,1148,-0.1083,1645,0.46815,1402,0.21289,1633,0.45609,1089,-0.2387
ENSG00000110871,COQ5,2,-2.7750,21,0.70783,10,-0.3809,0,-4.3125,14,0.02307,19,0.56031,21,0.68975,6,-1.1087,17,0.48064
ENSG00000022840,RNF10,55,-0.4355,62,-0.2379,67,-0.1338,70,-0.0576,63,-0.2369,86,0.26147,68,-0.0935,87,0.27382,81,0.23085
ENSG00000167272,POP5,29,0.46823,29,0.47111,34,0.70675,14,-0.6258,24,0.16577,15,-0.5281,11,-0.9507,17,-0.3386,21,-0.0874
ENSG00000157782,CABP1,152,-0.1056,11,-3.9890,22,-2.9374,50,-1.7579,144,-0.1975,215,0.44735,369,1.34439,225,0.52028,194,0.38845
ENSG00000110917,MLEC,2,-4.6151,59,0.29516,54,0.15488,27,-0.8995,50,0.02301,51,0.05651,54,0.15616,55,0.17733,59,0.39843
ENSG00000175970,UNC119B,2,-2.9938,14,-0.1843,10,-0.7341,57,2.15180,18,0.20891,16,0.06358,6,-1.3600,7,-1.2509,15,-0.1617
ENSG00000122971,ACADS,2,-2.5604,20,0.84536,29,1.47402,44,2.25846,14,0.34592,10,-0.2317,7,-0.6942,0,-5.3494,3,-2.3972
ENSG00000157837,SPPL3,88,0.06988,69,-0.3021,75,-0.1668,127,0.66028,50,-0.8397,105,0.34647,83,-0.0210,71,-0.2508,93,0.22206
ENSG00000157895,C12orf43,2,-3.4620,14,-0.9142,20,-0.4407,63,1.42097,22,-0.3054,32,0.28951,38,0.58163,27,0.07707,25,-0.0697
ENSG00000089041,P2RX7,2,-3.0450,94,3.18572,26,0.71577,2,-2.6468,13,-0.3361,13,-0.3168,10,-0.7869,4,-1.9420,9,-1.1244
ENSG00000110931,CAMKK2,82,0.34722,16,-2.1034,10,-2.8236,45,-0.5780,55,-0.3073,54,-0.3213,80,0.30741,70,0.08116,98,0.91240
ENSG00000089053,ANAPC5,75,-0.3408,149,0.74724,79,-0.2442,81,-0.2128,69,-0.4988,124,0.45695,84,-0.1668,141,0.65573,85,-0.1858
ENSG00000170633,RNF34,2,-4.4809,52,0.20219,26,-0.8372,115,1.50636,29,-0.7710,51,0.16609,48,0.06565,37,-0.3148,52,0.26423
ENSG00000089094,KDM2B,37,1.10203,16,-0.1934,2,-3.0566,33,0.95149,16,-0.1825,31,0.84991,9,-1.0835,3,-2.3927,18,0.01221
ENSG00000188735,TMEM120B,2,-2.3894,4,-1.2332,6,-0.8189,0,-3.9463,10,0.00244,18,0.88506,11,0.03680,5,-1.0295,17,1.13649
ENSG00000139725,RHOF,2,-2.8981,1,-3.5203,1,-3.3543,0,-4.4301,11,-0.4632,23,0.70425,29,1.05094,27,0.93183,22,0.87653
ENSG00000110801,PSMD9,2,-3.9235,42,0.49171,68,1.29827,19,-0.7089,29,-0.0552,38,0.36338,43,0.55287,25,-0.2928,25,-0.3944
ENSG00000110987,BCL7A,25,-0.3376,21,-0.6085,7,-2.1073,21,-0.6232,21,-0.6417,65,1.18404,23,-0.4858,22,-0.5023,45,0.82620
ENSG00000175727,MLXIP,2,-2.4131,11,0.08479,12,0.20251,7,-0.6447,12,0.16872,17,0.79744,6,-0.8542,15,0.56284,11,0.05194
ENSG00000176383,B3GNT4,40,1.40212,0,-5.2140,5,-1.7326,1,-3.7121,5,-1.9531,32,1.02348,30,0.90597,11,-0.6160,22,0.64572
ENSG00000139719,VPS33A,39,0.59185,22,-0.2650,31,0.22660,1,-4.6696,19,-0.5515,9,-1.5707,39,0.59255,21,-0.3419,37,0.70718
ENSG00000130779,CLIP1,65,-0.2011,32,-1.2701,63,-0.2656,51,-0.5863,56,-0.4546,112,0.65296,61,-0.3100,119,0.74411,88,0.35956
ENSG00000111011,RSRC2,3,-4.7083,81,-0.0092,130,0.73231,58,-0.5384,70,-0.2560,106,0.41195,101,0.33587,111,0.48492,83,0.03534
ENSG00000139726,DENR,39,-0.7694,29,-1.2310,20,-1.7572,40,-0.7439,49,-0.4841,88,0.46795,112,0.86518,78,0.27728,86,0.61943
ENSG00000130787,HIP1R,2,-4.7946,163,1.79107,119,1.22225,16,-1.8285,80,0.63162,70,0.35427,26,-1.1584,51,-0.1431,30,-1.1667
ENSG00000139722,VPS37B,61,1.77566,10,-1.0089,6,-1.8677,17,-0.3071,17,-0.3608,35,0.81652,26,0.36195,12,-0.7598,17,-0.3603
ENSG00000150967,ABCB9,2,-3.0368,3,-2.3092,10,-0.7543,27,0.78011,17,0.07754,16,0.00172,23,0.50402,13,-0.3726,21,0.56691
ENSG00000182196,ARL6IP4,177,-0.1409,256,0.43415,239,0.32885,149,-0.4100,193,-0.0110,130,-0.6198,157,-0.3315,206,0.09481,206,0.12629
ENSG00000090975,PITPNM2,2,-3.4551,4,-2.5107,4,-2.2830,15,-0.5279,24,0.12605,47,1.23969,35,0.72950,23,0.08830,27,0.42555
ENSG00000051825,MPHOSPH9,2,-2.2358,16,0.82269,2,-2.1048,1,-3.0993,11,0.24726,13,0.52717,6,-0.6494,8,-0.1955,13,0.71919
ENSG00000130921,C12orf65,2,-3.1259,18,0.08677,11,-0.6918,12,-0.5190,14,-0.3364,20,0.18313,26,0.60378,33,1.00693,19,0.19410
ENSG00000111328,CDK2AP1,52,-1.5555,475,2.01483,310,1.24041,33,-2.1970,169,0.27132,39,-1.9754,40,-1.9386,93,-0.6778,125,-0.2895
ENSG00000139697,SBNO1,2,-4.4115,31,-0.4811,17,-1.4010,4,-3.2711,46,0.13430,78,0.95496,60,0.52149,34,-0.3699,60,0.75010
ENSG00000183955,KMT5A,2,-3.6157,23,-0.0823,15,-0.7794,29,0.28596,21,-0.2615,22,-0.1644,24,-0.0333,28,0.22053,33,0.68671
ENSG00000150977,RILPL2,2,-2.9964,10,-0.6628,14,-0.1796,46,1.74960,14,-0.1877,24,0.66874,16,0.00823,7,-1.0956,14,-0.1730
ENSG00000184209,SNRNP35,2,-3.1869,41,1.31379,23,0.40245,7,-1.4575,17,-0.1148,16,-0.1500,16,-0.1912,26,0.58042,18,-0.0647
ENSG00000188026,RILPL1,2,-3.8161,67,1.40176,19,-0.6426,1,-4.4387,25,-0.1937,22,-0.4069,41,0.56347,13,-1.1495,39,0.68656
ENSG00000086598,TMED2,2,-5.4701,96,0.11295,92,0.04055,170,1.03159,65,-0.5304,104,0.23362,81,-0.1573,110,0.32076,95,0.12277
ENSG00000111361,EIF2B1,34,0.17808,39,0.38854,21,-0.5590,39,0.38558,24,-0.4066,44,0.58085,32,0.05262,28,-0.1287,28,-0.1787
ENSG00000111358,GTF2H3,2,-2.9695,27,0.86216,8,-0.9184,1,-4.0080,12,-0.4543,18,0.25401,17,0.13607,11,-0.5618,24,0.97146
ENSG00000119242,CCDC92,195,0.29033,53,-1.6857,74,-1.1866,132,-0.3162,135,-0.3110,214,0.43681,225,0.51977,204,0.36190,186,0.28678
ENSG00000179195,ZNF664,2,-4.4140,101,1.40214,59,0.50869,16,-1.4573,63,0.66727,50,0.23691,32,-0.4643,28,-0.6274,36,-0.3499
ENSG00000196498,NCOR2,22,-1.7022,63,-0.1060,31,-1.1710,56,-0.3106,69,0.03265,96,0.54306,106,0.70636,69,0.02845,75,0.22196
ENSG00000073060,SCARB1,39,0.05108,38,0.01637,70,0.98625,10,-1.9113,46,0.35789,34,-0.1415,31,-0.2859,36,-0.0657,35,-0.1749
ENSG00000150991,UBC,884,-0.3689,709,-0.7057,1278,0.20560,942,-0.2707,871,-0.4222,1055,-0.0954,1428,0.38112,1194,0.09795,1337,0.38267
ENSG00000184992,BRI3BP,35,-1.0041,41,-0.7847,12,-2.5406,248,2.18949,43,-0.7678,73,0.09744,47,-0.5847,73,0.09781,70,0.02620
ENSG00000081760,AACS,2,-4.7487,11,-2.3962,9,-2.6324,73,0.46157,29,-0.9823,80,0.61719,106,1.08266,74,0.48857,73,0.66159
ENSG00000139364,TMEM132B,42,-1.0176,20,-2.1245,56,-0.5730,205,1.50704,53,-0.7231,106,0.40684,96,0.24262,71,-0.2276,91,0.22764
ENSG00000256193,LINC00507,2,-2.1148,0,-8.7356,0,-6.9756,0,-3.6749,5,-0.7864,0,-7.7576,13,0.64184,0,-4.9079,22,2.83449
ENSG00000139370,SLC15A4,2,-2.9086,29,1.08525,47,1.90855,0,-4.4451,11,-0.5030,21,0.55163,17,0.24189,6,-1.3539,12,-0.3933
ENSG00000151948,GLT1D1,113,2.38443,0,-5.1117,5,-2.4586,19,-0.5797,23,-0.3097,27,-0.0742,52,0.97975,8,-1.8126,24,-0.3311
ENSG00000060709,RIMBP2,2,-4.6670,0,-7.3349,28,-0.9215,40,-0.3770,22,-1.3542,86,0.83954,72,0.54080,61,0.28361,83,1.15485
ENSG00000111450,STX2,76,2.37565,15,-0.3172,17,-0.1589,29,0.64442,12,-0.6841,19,0.04749,12,-0.6953,3,-2.7093,13,-0.7570
ENSG00000132341,RAN,63,-2.2639,170,-0.8039,230,-0.3453,255,-0.1879,205,-0.5668,309,0.11131,461,0.75101,387,0.46927,365,0.52050
ENSG00000061936,SFSWAP,51,0.87103,32,0.14209,34,0.20853,65,1.28528,21,-0.5506,37,0.37086,25,-0.2678,27,-0.1190,17,-0.9868
ENSG00000198598,MMP17,2,-4.0818,3,-3.4398,11,-1.6365,69,1.13978,34,-0.0028,84,1.47315,49,0.57602,36,0.07833,30,-0.2402
ENSG00000177169,ULK1,2,-4.5709,13,-1.8749,16,-1.6283,49,0.05316,43,-0.1737,77,0.76146,58,0.29594,57,0.28017,66,0.71112
ENSG00000183495,EP400,2,-3.4414,19,-0.2157,26,0.29908,0,-4.9887,23,0.13272,31,0.53798,23,0.10846,15,-0.5402,30,0.69861
ENSG00000185163,DDX51,2,-3.1093,14,-0.2883,22,0.36956,15,-0.1918,12,-0.5390,17,0.00052,14,-0.3057,31,0.94725,21,0.41202
ENSG00000184967,NOC4L,56,1.32087,20,-0.3107,24,-0.0167,32,0.39034,16,-0.7008,28,0.21858,25,0.00550,16,-0.6733,22,-0.2335
ENSG00000182870,GALNT9,62,0.10712,2,-4.7190,20,-1.6138,63,0.13095,46,-0.3829,96,0.81184,97,0.83650,56,-0.0578,66,0.28135
ENSG00000112787,FBRSL1,53,0.75741,30,-0.1087,39,0.26536,8,-2.0223,51,0.78911,25,-0.3759,17,-0.9454,43,0.42385,27,-0.3981
ENSG00000176894,PXMP2,60,1.30262,11,-1.2759,49,0.95372,18,-0.6517,29,0.14215,27,-0.0252,21,-0.3999,19,-0.4955,22,-0.4238
ENSG00000247077,PGAM5,2,-3.8260,12,-1.2820,12,-1.2966,4,-2.6402,16,-0.8766,59,1.17445,40,0.55066,47,0.80008,40,0.76983
ENSG00000176915,ANKLE2,225,2.78709,26,-0.8840,35,-0.4399,2,-4.5393,24,-1.1072,89,1.02567,42,-0.1833,16,-1.6343,32,-0.7172
ENSG00000090615,GOLGA3,2,-4.7612,33,-0.7424,29,-0.9727,97,0.91288,49,-0.1843,49,-0.1594,53,-0.0404,77,0.53523,68,0.48236
ENSG00000072609,CHFR,2,-2.4613,19,0.83795,6,-1.0076,28,1.48122,11,0.03135,14,0.35147,9,-0.3291,3,-1.8772,10,-0.1238
ENSG00000196458,ZNF605,2,-2.5139,9,-0.3396,18,0.72897,0,-4.0672,14,0.34314,16,0.54585,11,-0.0484,6,-0.9420,14,0.49731
ENSG00000198393,ZNF26,2,-2.0834,9,0.19716,2,-1.6579,2,-1.9598,14,0.97687,15,0.91390,11,0.47862,1,-3.0879,9,0.17308
ENSG00000198040,ZNF84,2,-3.8464,37,0.39434,17,-0.7641,36,0.34372,28,-0.0727,43,0.63423,27,-0.1193,23,-0.3603,34,0.33344
ENSG00000196199,MPHOSPH8,2,-5.2358,91,0.29035,41,-0.9449,22,-1.8356,109,0.63052,113,0.63290,74,-0.0348,105,0.51929,80,0.11544
ENSG00000121390,PSPC1,2,-4.5124,25,-0.9425,33,-0.5208,29,-0.6904,44,-0.0569,64,0.52819,37,-0.3162,61,0.45377,64,0.76079
ENSG00000121741,ZMYM2,16,-1.7551,37,-0.5072,59,0.21969,49,-0.0526,38,-0.4705,79,0.67985,70,0.49026,66,0.40102,53,0.08252
ENSG00000121742,GJB6,42,-0.2649,0,-6.9661,135,1.63058,32,-0.7000,93,1.11703,39,-0.3941,16,-1.7228,45,-0.1869,40,-0.4515
ENSG00000165475,CRYL1,8,-2.2927,109,1.73364,136,2.15029,11,-1.7811,48,0.39262,20,-1.0100,28,-0.4725,22,-0.8221,17,-1.4673
ENSG00000032742,IFT88,2,-2.6271,26,1.22833,15,0.34775,23,0.96758,18,0.63850,5,-1.3216,6,-1.0956,3,-1.9844,11,-0.2191
ENSG00000278291,AL161772.1,2,-4.8335,44,-0.4025,108,1.01154,34,-0.7948,51,-0.1861,81,0.55054,65,0.19222,61,0.09703,62,0.16629
ENSG00000172458,IL17D,2,-4.4653,72,0.76854,162,2.20984,55,0.33260,60,0.51500,27,-0.7277,16,-1.4925,34,-0.4056,22,-1.2590
ENSG00000150456,EEF1AKMT1,2,-2.6473,15,0.30711,25,1.10820,0,-4.0218,12,0.01345,10,-0.2958,12,0.01027,19,0.65683,13,0.10774
ENSG00000150459,SAP18,94,-1.1900,252,0.31326,244,0.26460,179,-0.2190,195,-0.0953,218,0.08650,263,0.38227,170,-0.2990,218,0.11538
ENSG00000173141,MRPL57,172,0.50664,126,0.01474,167,0.46090,23,-2.5004,123,-0.0289,95,-0.4247,124,-0.0122,154,0.33438,129,0.06898
ENSG00000180776,ZDHHC20,51,0.14703,193,2.49651,28,-0.7369,57,0.33951,29,-0.7678,41,-0.1610,23,-1.0256,41,-0.1737,27,-1.0303
ENSG00000165487,MICU2,2,-3.9194,49,0.76442,56,0.97429,38,0.36258,23,-0.4538,26,-0.2127,45,0.62463,25,-0.2724,27,-0.2621
ENSG00000102678,FGF9,2,-3.0813,0,-9.6890,11,-0.5818,53,1.91752,10,-0.8593,11,-0.6572,15,-0.1365,9,-0.8755,24,0.83829
ENSG00000151835,SACS,2,-4.3124,19,-1.1463,32,-0.3380,32,-0.3445,29,-0.5380,89,1.31101,60,0.64975,38,-0.0567,47,0.36284
ENSG00000182957,SPATA13,38,1.42854,56,2.14565,34,1.23234,0,-4.5288,13,-0.3268,4,-2.0044,2,-2.9856,2,-2.6557,10,-0.7446
ENSG00000102699,PARP4,2,-2.0157,44,3.06816,15,0.95539,0,-3.5771,12,0.76897,4,-0.8486,0,-7.7824,1,-2.7711,3,-1.5832
ENSG00000165566,AMER2,152,0.25438,567,2.60565,190,0.61276,36,-1.9264,123,-0.0867,88,-0.5864,43,-1.6521,98,-0.4287,65,-1.2691
ENSG00000139505,MTMR6,2,-5.1704,52,-0.4983,48,-0.6397,167,1.35755,44,-0.7992,101,0.52514,120,0.79752,70,-0.0473,74,0.03192
ENSG00000139496,NUP58,2,-4.2555,23,-0.7527,21,-0.8988,79,1.14096,23,-0.8488,45,0.23716,54,0.53168,41,0.09997,48,0.46283
ENSG00000132932,ATP8A2,41,-0.7076,2,-4.7247,18,-1.8673,55,-0.2390,44,-0.6445,77,0.28641,115,0.93178,95,0.62109,87,0.66155
ENSG00000127870,RNF6,2,-4.6796,26,-1.0201,25,-1.1017,50,-0.0585,33,-0.7361,78,0.65872,87,0.83743,90,0.89600,62,0.38530
ENSG00000132964,CDK8,2,-2.7944,10,-0.4973,26,1.01712,12,-0.1995,8,-0.7976,32,1.36650,28,1.14729,4,-1.8499,12,-0.2617
ENSG00000132970,WASF3,19,-2.6996,91,-0.4046,121,0.04325,247,1.20333,134,0.22544,122,0.04985,97,-0.2939,88,-0.4454,119,0.02905
ENSG00000132975,GPR12,7,-1.8166,1,-4.3352,5,-2.2817,59,1.38248,13,-0.9950,83,2.00576,15,-0.7850,38,0.64293,23,-0.1796
ENSG00000152484,USP12,73,0.53491,42,-0.3479,15,-1.8957,70,0.44870,39,-0.4789,62,0.27910,39,-0.4442,36,-0.5536,66,0.51321
ENSG00000122026,RPL21,1435,0.41015,2501,1.33463,1664,0.64863,834,-0.4376,1384,0.38898,755,-0.5891,507,-1.1897,1023,-0.1231,727,-0.8119
ENSG00000122034,GTF3A,43,-1.1094,81,-0.1428,68,-0.4158,56,-0.7097,82,-0.1438,65,-0.4871,118,0.43849,106,0.26248,115,0.55838
ENSG00000122033,MTIF3,102,0.78314,72,0.21929,60,-0.0486,29,-1.1481,58,-0.1143,44,-0.5348,53,-0.2430,47,-0.4342,72,0.29755
ENSG00000186184,POLR1D,38,-0.7234,46,-0.4410,31,-1.0307,66,0.13130,60,-0.0200,77,0.36028,87,0.56389,76,0.34387,63,0.06444
ENSG00000102755,FLT1,2,-2.4709,8,-0.5257,53,2.75950,6,-0.9276,27,1.66954,0,-5.3946,0,-8.2259,1,-2.8061,5,-1.3634
ENSG00000132963,POMP,75,-1.4573,203,0.04566,299,0.65728,115,-0.8315,217,0.16534,165,-0.2772,283,0.56870,195,-0.0184,199,0.02047
ENSG00000139514,SLC7A1,43,0.14588,15,-1.4175,10,-1.9388,3,-3.5559,32,-0.3299,20,-1.0360,24,-0.7159,23,-0.8100,77,1.74256
ENSG00000122042,UBL3,181,0.10342,268,0.73280,168,-0.0128,39,-2.1903,141,-0.3014,149,-0.1933,85,-1.0532,157,-0.1122,218,0.55655
ENSG00000102781,KATNAL1,2,-4.1521,31,-0.2398,9,-2.0544,51,0.55283,25,-0.5682,42,0.23697,53,0.62324,29,-0.3525,50,0.74642
ENSG00000189403,HMGB1,391,-0.0824,670,0.77751,573,0.52291,386,-0.1042,393,-0.0812,371,-0.1650,387,-0.0975,407,-0.0217,347,-0.3450
ENSG00000132952,USPL1,2,-2.6567,14,0.21768,11,-0.1737,0,-3.9119,9,-0.4593,24,1.00615,9,-0.4708,9,-0.5421,19,0.89954
ENSG00000132965,ALOX5AP,2,-2.5926,34,1.69892,29,1.42705,0,-4.1477,25,1.33093,9,-0.3521,4,-1.6697,6,-1.0648,5,-1.3698
ENSG00000120694,HSPH1,43,-2.7852,86,-1.7961,132,-1.1526,381,0.47587,156,-0.9605,550,1.08084,491,0.88950,376,0.45318,324,0.29706
ENSG00000187676,B3GLCT,2,-3.5080,15,-0.6524,42,0.99175,3,-2.7754,18,-0.4161,65,1.72835,35,0.69506,22,-0.0561,19,-0.3479
ENSG00000073910,FRY,2,-5.0450,19,-1.8604,23,-1.6156,99,0.63054,41,-0.7735,145,1.26426,121,0.95858,76,0.20121,74,0.24234
ENSG00000139597,N4BP2L1,2,-4.0265,29,-0.2033,37,0.17807,51,0.68943,19,-0.8623,41,0.36956,36,0.15403,23,-0.5354,42,0.55758
ENSG00000244754,N4BP2L2,51,-0.1404,81,0.58850,91,0.78046,51,-0.1320,60,0.11624,62,0.15514,41,-0.4866,42,-0.4235,47,-0.3519
ENSG00000083642,PDS5B,14,-2.4511,41,-0.8983,78,0.08685,39,-0.9611,68,-0.1369,192,1.58699,83,0.19787,75,0.02913,75,0.02976
ENSG00000133121,STARD13,2,-3.5408,19,-0.2769,29,0.31925,1,-4.6161,17,-0.5246,81,2.09799,30,0.38575,28,0.28288,20,-0.2975
ENSG00000172915,NBEA,41,-1.1183,20,-2.2040,22,-2.0647,137,0.72886,78,-0.1748,146,0.84323,140,0.77134,83,-0.0614,95,0.19448
ENSG00000133083,DCLK1,228,-0.8351,119,-1.8003,351,-0.1761,218,-0.9031,243,-0.7871,616,0.71851,644,0.79040,444,0.19350,500,0.53534
ENSG00000133104,SPART,45,-0.4918,154,1.48950,140,1.31531,31,-1.0621,50,-0.3620,54,-0.2083,63,0.02006,35,-0.8738,47,-0.5597
ENSG00000133101,CCNA1,2,-2.9238,0,-5.2525,4,-1.8041,3,-2.2098,8,-1.0395,37,1.47061,22,0.59212,18,0.31007,23,1.00721
ENSG00000180440,SERTM1,45,0.43225,4,-3.0177,16,-1.0947,3,-3.3327,20,-0.8774,30,-0.2103,31,-0.1469,70,1.15011,51,0.93666
ENSG00000120693,SMAD9,2,-2.7095,34,1.54672,71,3.06475,30,1.32605,6,-1.1418,1,-3.4123,1,-3.5961,0,-5.4965,5,-1.7683
ENSG00000120697,ALG5,103,1.83627,36,0.05947,37,0.12676,58,0.82726,15,-1.3079,22,-0.6612,17,-1.0905,32,-0.1255,28,-0.4037
ENSG00000120699,EXOSC8,102,3.10135,32,0.87852,11,-0.7982,0,-4.7489,8,-1.2180,9,-1.1320,12,-0.6697,6,-1.7319,13,-0.6730
ENSG00000102710,SUPT20H,2,-2.6443,21,0.85330,8,-0.5741,12,0.00538,14,0.26006,19,0.64712,12,-0.0285,11,-0.1122,11,-0.1609
ENSG00000120686,UFM1,92,0.22661,68,-0.2379,61,-0.3952,96,0.30000,69,-0.2353,71,-0.1635,86,0.11955,85,0.11007,84,0.10856
ENSG00000188811,NHLRC3,2,-2.6712,21,0.77946,17,0.45715,18,0.53120,18,0.60126,22,0.86782,12,-0.0980,7,-0.7751,7,-0.9699
ENSG00000183722,LHFPL6,50,-0.6338,26,-1.5784,73,-0.0572,25,-1.6622,60,-0.3684,113,0.64657,122,0.76415,108,0.56947,86,0.27171
ENSG00000133103,COG6,6,-1.9902,29,0.16311,8,-1.6225,0,-5.1118,17,-0.6429,37,0.55442,49,1.01628,24,-0.1299,37,0.80450
ENSG00000150907,FOXO1,2,-2.6088,21,0.82102,79,3.48382,0,-4.1919,14,0.21233,3,-2.0257,1,-3.5132,1,-3.1845,6,-1.2138
ENSG00000102738,MRPS31,2,-3.3725,24,0.25612,15,-0.4592,26,0.35539,15,-0.4734,19,-0.1573,21,0.02245,29,0.55597,25,0.43614
ENSG00000120688,WBP4,40,-0.0930,70,0.79424,78,0.95904,16,-1.4567,30,-0.5519,64,0.64924,39,-0.1462,34,-0.3540,38,-0.2270
ENSG00000165572,KBTBD6,2,-5.0766,33,-1.0767,27,-1.3645,134,1.09999,44,-0.7186,91,0.46753,66,-0.0380,90,0.44486,88,0.56611
ENSG00000120696,KBTBD7,2,-3.1545,25,0.51231,10,-0.7930,10,-0.8976,15,-0.2529,31,0.88536,14,-0.3138,8,-1.1086,25,0.76316
ENSG00000102760,RGCC,47,-1.9554,715,2.45548,407,1.38169,142,-0.3271,200,0.22644,93,-0.9681,51,-1.8474,123,-0.5472,75,-1.5506
ENSG00000102780,DGKH,2,-3.5023,4,-2.5376,0,-5.9101,23,0.04042,15,-0.6180,64,1.72147,13,-0.7713,24,0.10413,33,0.86868
ENSG00000023516,AKAP11,183,0.19253,85,-0.9838,116,-0.5129,129,-0.3561,113,-0.5905,218,0.46865,136,-0.2708,210,0.40835,201,0.46974
ENSG00000120675,DNAJC15,42,-0.7096,90,0.48784,98,0.62496,63,-0.0863,69,0.07116,43,-0.6464,80,0.30107,92,0.51602,54,-0.4172
ENSG00000120658,ENOX1,41,1.55572,14,-0.1219,8,-1.0600,0,-4.5369,10,-0.6708,14,-0.1560,10,-0.6967,21,0.41429,19,0.39681
ENSG00000179630,LACC1,2,-2.3421,43,2.49198,1,-3.1109,15,0.66090,4,-1.4490,2,-2.2674,11,0.13734,0,-3.5637,12,0.39146
ENSG00000151778,SERP2,50,-1.1547,55,-1.0196,47,-1.2440,178,0.81078,92,-0.2513,115,0.11399,153,0.56483,110,0.04846,125,0.33111
ENSG00000102804,TSC22D1,448,-0.1533,188,-1.4610,475,-0.0613,225,-1.1939,392,-0.3845,656,0.44979,687,0.52366,573,0.23296,596,0.40946
ENSG00000133114,GPALPP1,63,1.43432,33,0.34628,12,-1.1006,5,-2.4888,19,-0.5192,30,0.23271,34,0.42112,26,-1.7235,25,-0.1268
ENSG00000188342,GTF2F2,2,-3.9555,43,0.49557,90,1.76762,27,-0.1888,26,-0.3197,31,0.01242,25,-0.3412,45,0.59629,22,-0.6386
ENSG00000180332,KCTD4,2,-3.7536,40,0.61603,5,-2.3337,42,0.68376,20,-0.5173,18,-0.6098,58,1.22644,17,-0.6814,32,0.39729
ENSG00000133112,TPT1,1480,0.25636,2585,1.17145,2032,0.76795,855,-0.5944,1409,0.19535,585,-1.1668,878,-0.5545,1245,-0.0158,968,-0.5174
ENSG00000170919,TPT1-AS1,30,1.18555,18,0.35898,29,1.17277,0,-4.3536,11,-0.3760,8,-0.8761,14,-0.0024,11,-0.4297,13,-0.1890
ENSG00000136152,COG3,2,-3.0835,19,0.22321,16,-0.0869,37,1.25636,14,-0.3483,17,0.05876,19,0.21217,11,-0.6015,17,0.06852
ENSG00000123200,ZC3H13,101,0.49878,148,1.13469,82,0.16906,37,-1.0240,65,-0.2011,91,0.34048,46,-0.7172,81,0.14529,60,-0.4126
ENSG00000235903,CPB2-AS1,12,0.58233,47,3.12433,7,-0.2364,0,-3.6347,15,1.04676,1,-2.2901,2,-1.7272,0,-3.8764,2,-2.4443
ENSG00000139684,ESD,51,-1.2799,116,-0.0285,166,0.53748,144,0.30470,85,-0.5519,121,0.04094,179,0.65443,173,0.60131,105,-0.2461
ENSG00000102468,HTR2A,2,-4.2780,6,-2.7635,30,-0.3817,5,-2.9966,20,-1.0324,106,1.64715,83,1.22512,24,-0.7325,52,0.66701
ENSG00000136143,SUCLA2,2,-5.8360,65,-0.8650,61,-0.9638,144,0.35507,80,-0.5964,137,0.26939,171,0.62302,94,-0.3146,166,0.83571
ENSG00000136159,NUDT15,2,-2.6514,12,-0.0060,11,-0.1328,10,-0.3214,10,-0.3769,7,-0.8346,16,0.37391,17,0.47456,17,0.63548
ENSG00000136146,MED4,122,1.18188,49,-0.2829,32,-0.9048,81,0.51898,48,-0.3156,50,-0.2449,64,0.14535,50,-0.2523,54,-0.1594
ENSG00000136156,ITM2B,1156,-0.3784,1729,0.24853,2832,1.05422,1924,0.41917,1037,-0.5859,1063,-0.5062,1452,-0.0256,1207,-0.3120,1439,-0.0534
ENSG00000139687,RB1,28,-0.2357,44,0.48188,36,0.14073,33,0.01549,22,-0.6293,31,-0.0639,34,0.04775,22,-0.6123,38,0.32616
ENSG00000136161,RCBTB2,2,-2.7118,27,1.13835,21,0.79164,0,-4.2648,16,0.34268,14,0.12166,12,-0.0744,11,-0.1748,12,-0.1255
ENSG00000102531,FNDC3A,56,-0.2282,60,-0.1169,42,-0.6621,218,2.06905,40,-0.7970,69,0.09720,38,-0.7903,67,0.05018,53,-0.4062
ENSG00000102543,CDADC1,2,-2.7425,10,-0.4615,5,-1.3361,0,-4.3045,15,0.21306,15,0.14519,26,1.05657,9,-0.6330,19,0.80627
ENSG00000102547,CAB39L,2,-3.6645,25,-0.0215,38,0.62019,6,-2.1278,23,-0.1797,35,0.52311,33,0.42891,12,-1.0580,33,0.58931
ENSG00000136147,PHF11,2,-2.0764,22,1.54661,17,1.17259,0,-3.6370,17,1.26707,3,-1.3714,3,-1.4479,6,-0.4748,5,-0.8459
ENSG00000136144,RCBTB1,13,-0.6640,35,0.85480,16,-0.3310,15,-0.4490,18,-0.1809,9,-1.2800,19,-0.1158,7,-1.5439,29,0.75629
ENSG00000123179,EBPL,2,-2.9373,15,0.02637,11,-0.4937,6,-1.2653,18,0.32710,13,-0.2513,22,0.58426,7,-1.1228,21,0.71939
ENSG00000102753,KPNA3,4,-3.3910,55,0.30355,55,0.29126,19,-1.3344,26,-0.8960,55,0.28390,71,0.70955,55,0.29103,57,0.46831
ENSG00000123178,SPRYD7,3,-3.8471,34,-0.5699,45,-0.1431,62,0.34959,34,-0.6065,75,0.66092,66,0.45603,74,0.62621,54,0.18256
ENSG00000204977,TRIM13,5,-2.1132,23,0.18560,17,-0.3002,68,1.99291,17,-0.3255,12,-0.7711,12,-0.8683,17,-0.2897,20,-0.0433
ENSG00000136104,RNASEH2B,7,-2.6020,24,-0.7716,25,-0.7023,73,0.95507,36,-0.1975,25,-0.7183,46,0.19815,57,0.54842,49,0.40925
ENSG00000150510,FAM124A,2,-3.2118,100,3.06276,21,0.22275,0,-4.7623,11,-0.8248,11,-0.7358,5,-1.9191,5,-1.9762,18,-0.0123
ENSG00000102786,INTS6,2,-2.8111,21,0.62260,23,0.81117,0,-4.3640,12,-0.1862,13,-0.1223,14,0.03428,7,-1.0268,19,0.68138
ENSG00000139668,WDFY2,2,-2.3956,32,1.87488,42,2.35442,7,-0.4913,12,0.28965,2,-2.1916,1,-2.7267,3,-1.5568,5,-1.2678
ENSG00000102796,DHRS12,39,1.86312,16,0.36981,17,0.45990,2,-2.7247,10,-0.3143,10,-0.3950,5,-1.3200,10,-0.2963,11,-0.2514
ENSG00000136100,VPS36,29,-0.4001,19,-1.0153,25,-0.6073,32,-0.2539,30,-0.3751,31,-0.2913,50,0.44885,33,-0.1949,52,0.74643
ENSG00000165416,SUGT1,131,0.53927,123,0.43508,126,0.47017,46,-1.0825,59,-0.7594,66,-0.5371,81,-0.2292,116,0.33367,102,0.19148
ENSG00000136099,PCDH8,114,1.20658,1,-4.9525,0,-9.5934,70,0.40595,16,-1.9125,0,-6.5072,82,0.65098,41,-0.4251,91,1.25845
ENSG00000118946,PCDH17,63,-0.8150,70,-0.6592,126,0.24910,127,0.25794,97,-0.1727,221,1.16842,89,-0.3015,70,-0.6507,110,0.03935
ENSG00000083544,TDRD3,2,-2.5245,23,1.15241,15,0.44059,4,-1.4621,13,0.28901,9,-0.3773,8,-0.4629,4,-1.5688,14,0.41499
ENSG00000280165,PCDH20,2,-2.7785,2,-2.5809,0,-7.4082,18,0.45295,12,-0.2423,5,-1.4446,30,1.27304,13,-0.1047,21,0.99021
ENSG00000184226,PCDH9,182,-0.2451,485,1.34443,292,0.49738,211,-0.0168,174,-0.3444,352,0.80209,155,-0.4877,147,-0.5780,151,-0.6796
ENSG00000204899,MZT1,2,-4.8636,22,-1.4664,16,-1.9067,45,-0.4143,44,-0.4834,100,0.85644,68,0.23400,100,0.85252,80,0.71048
ENSG00000083520,DIS3,7,-1.6881,24,0.12833,23,0.10972,26,0.25246,15,-0.5743,24,0.13674,22,0.02783,35,0.72323,23,0.12543
ENSG00000118922,KLF12,2,-2.7982,9,-0.5858,0,-7.6490,42,1.85876,12,-0.2161,3,-2.2762,5,-1.3694,5,-1.4066,22,1.10692
ENSG00000136111,TBC1D4,2,-3.2063,3,-2.3978,27,0.62216,60,1.98331,12,-0.7192,18,-0.0335,11,-0.7209,11,-0.6984,20,0.22744
ENSG00000188243,COMMD6,2,-6.2075,299,1.12009,254,0.84970,69,-1.1747,184,0.35307,105,-0.5469,167,0.17148,140,-0.1093,136,-0.1968
ENSG00000118939,UCHL3,2,-4.3313,21,-0.9795,35,-0.2099,116,1.75307,26,-0.7386,43,0.11298,45,0.16488,51,0.35772,40,-0.0116
ENSG00000136153,LMO7,2,-4.2140,1,-4.8673,15,-1.7029,52,0.14140,44,-0.1347,148,1.90606,50,0.06950,46,-0.0362,54,0.26354
ENSG00000178695,KCTD12,12,-2.2021,55,-0.0164,33,-0.8019,53,-0.0591,70,0.38953,39,-0.5493,27,-1.1010,91,0.78260,68,0.44774
ENSG00000102805,CLN5,2,-3.0474,39,1.40932,31,1.01808,13,-0.4008,13,-0.3481,17,0.09822,12,-0.4605,17,0.03011,14,-0.3195
ENSG00000005812,FBXL3,2,-4.8158,77,0.47359,71,0.34421,80,0.55390,53,-0.1157,60,0.09430,55,-0.0559,76,0.45686,53,-0.1469
ENSG00000005810,MYCBP2,215,0.39194,36,-2.2955,52,-1.7753,128,-0.4242,110,-0.6920,235,0.53338,306,0.96543,237,0.54523,189,0.24727
ENSG00000139737,SLAIN1,112,-0.0303,687,3.34877,235,1.16382,6,-4.1612,66,-0.8923,67,-0.8189,28,-2.1022,63,-0.9002,40,-1.8862
ENSG00000136160,EDNRB,92,0.19903,33,-1.3358,498,3.40955,41,-1.0423,96,0.28711,57,-0.5410,14,-2.5795,34,-1.3053,23,-2.1662
ENSG00000152193,OBI1,2,-3.1421,10,-0.8193,8,-1.1953,36,1.12746,13,-0.5314,27,0.65215,23,0.42409,19,0.08537,20,0.25834
ENSG00000139746,RBM26,2,-4.9180,68,0.18198,102,0.82641,97,0.74702,56,-0.1293,74,0.31427,74,0.30506,42,-0.5612,55,-0.2198
ENSG00000102471,NDFIP2,188,0.07141,73,-1.3688,121,-0.6061,95,-0.9670,102,-0.9232,484,1.64645,215,0.27993,192,0.10689,191,0.12736
ENSG00000136158,SPRY2,2,-4.5210,29,-0.6852,48,0.06512,25,-0.9334,41,-0.1824,69,0.64204,56,0.29291,51,0.14877,59,0.55323
ENSG00000178235,SLITRK1,27,-1.0105,26,-1.0421,17,-1.7186,40,-0.4297,38,-0.5436,154,1.78380,88,0.81304,58,0.13537,50,-0.1009
ENSG00000165300,SLITRK5,22,-0.6030,5,-2.6479,13,-1.3168,12,-1.4364,21,-0.7426,88,1.62174,52,0.71841,33,0.00712,40,0.41849
ENSG00000179399,GPC5,2,-2.2894,2,-1.9866,11,0.18606,6,-0.5745,12,0.33663,8,-0.2836,8,-0.3147,3,-1.8055,15,1.09015
ENSG00000152749,GPR180,2,-3.1779,26,0.59768,20,0.18203,2,-2.7729,11,-0.7440,36,1.12067,13,-0.4599,17,-0.0684,23,0.57530
ENSG00000125285,SOX21,47,1.74726,14,-0.2726,44,1.61455,0,-4.5816,20,0.38187,5,-1.6932,1,-3.3951,8,-1.0410,13,-0.4409
ENSG00000134873,CLDN10,2,-4.8246,29,-1.0165,191,2.04648,38,-0.6279,122,1.42218,35,-0.7263,27,-1.1487,28,-1.0494,37,-0.8323
ENSG00000134874,DZIP1,2,-3.4232,14,-0.6152,14,-0.6318,18,-0.2577,37,0.95448,41,1.03789,9,-1.2828,15,-0.5253,23,0.14832
ENSG00000102580,DNAJC3,2,-3.3980,43,1.15155,45,1.22555,8,-1.3402,25,0.27260,25,0.28566,8,-1.4072,29,0.49167,16,-0.5461
ENSG00000185352,HS6ST3,2,-5.1284,6,-3.5012,0,-6.9919,23,-1.7012,33,-1.2172,0,-8.3842,100,0.55872,23,-1.6958,174,2.81314
ENSG00000139793,MBNL2,98,-0.5977,317,1.28650,188,0.42151,86,-0.7939,91,-0.7597,137,-0.0779,155,0.10746,131,-0.1542,146,0.01840
ENSG00000125249,RAP2A,8,-3.7070,100,0.01635,83,-0.2698,81,-0.2971,93,-0.1035,183,0.99416,161,0.78031,109,0.16000,93,-0.1198
ENSG00000065150,IPO5,51,-0.8469,76,-0.2391,103,0.22752,43,-1.1143,60,-0.6440,98,0.14672,100,0.18236,100,0.18558,117,0.59795
ENSG00000152767,FARP1,95,-0.0590,30,-1.7813,130,0.43479,375,2.29732,75,-0.4629,68,-0.5762,76,-0.4112,113,0.20689,62,-0.8824
ENSG00000102572,STK24,23,-1.2489,22,-1.2714,36,-0.5683,33,-0.6903,45,-0.2305,73,0.54269,85,0.77756,69,0.45900,61,0.34135
ENSG00000088387,DOCK9,84,0.35238,89,0.43966,35,-1.0021,14,-2.2994,45,-0.6761,34,-1.0336,82,0.31343,64,-0.0756,96,0.80624
ENSG00000134882,UBAC2,4,-2.4909,18,-0.4787,31,0.31358,3,-2.8469,24,-0.0479,32,0.40895,40,0.74165,24,-0.0437,31,0.44758
ENSG00000125304,TM9SF2,47,-1.1003,83,-0.2542,127,0.41869,54,-0.8860,61,-0.7619,130,0.44828,129,0.44365,89,-0.1431,122,0.48207
ENSG00000175198,PCCA,2,-3.1172,14,-0.3092,32,0.97558,22,0.39010,14,-0.2937,10,-0.7881,27,0.68589,7,-1.2648,20,0.34791
ENSG00000125247,TMTC4,2,-3.6230,105,2.51186,60,1.44306,7,-1.8887,15,-0.7655,8,-1.6032,24,-0.0573,10,-1.2685,19,-0.5450
ENSG00000102452,NALCN,2,-4.6774,40,-0.3796,29,-0.8565,99,1.05122,29,-0.9506,54,0.07113,56,0.14020,54,0.07796,69,0.66780
ENSG00000102466,FGF14,200,2.19368,3,-4.0397,44,-0.3636,80,0.57669,24,-1.3411,57,0.05727,40,-0.4828,70,0.37708,44,-0.4389
ENSG00000134900,TPP2,2,-3.5856,32,0.43285,19,-0.3891,45,1.01182,18,-0.5022,25,0.06299,24,-0.0025,12,-1.0142,30,0.45162
ENSG00000134897,BIVM,9,-0.7647,18,0.33863,7,-1.0433,24,0.80153,12,-0.3332,11,-0.4097,14,-0.0753,10,-0.4980,18,0.45181
ENSG00000134899,ERCC5,2,-3.2599,25,0.39202,13,-0.5484,16,-0.2736,17,-0.1947,30,0.73052,15,-0.3913,19,-0.0244,24,0.46600
ENSG00000125266,EFNB2,2,-4.2647,9,-2.1942,19,-1.0462,32,-0.2903,24,-0.7729,22,-0.8725,105,1.65955,29,-0.4350,59,0.99108
ENSG00000134884,ARGLU1,2,-5.4720,86,-0.0550,89,-0.0135,24,-1.9584,100,0.18910,177,1.09687,107,0.27682,130,0.59593,87,-0.0519
ENSG00000204442,FAM155A,82,0.30768,10,-2.7519,32,-1.1160,128,1.03294,51,-0.4756,101,0.63319,50,-0.4581,74,0.13363,75,0.21647
ENSG00000174405,LIG4,2,-3.8826,15,-0.9644,5,-2.6403,6,-2.4086,19,-0.7085,43,0.57719,66,1.29671,12,-1.2800,49,1.23322
ENSG00000139826,ABHD13,2,-3.1012,12,-0.5331,12,-0.4862,0,-4.6523,17,0.02005,34,1.07939,19,0.15068,8,-1.0429,25,0.86605
ENSG00000041515,MYO16,2,-3.3665,3,-2.5722,0,-8.2118,0,-4.9155,11,-0.9668,4,-2.2886,12,-0.8582,19,-0.0901,51,2.80698
ENSG00000185950,IRS2,142,0.31341,95,-0.3048,87,-0.4377,140,0.29460,83,-0.5610,43,-1.5091,142,0.31702,149,0.39715,136,0.34720
ENSG00000213995,NAXD,73,0.74034,41,-0.1549,49,0.11476,101,1.28967,27,-0.8521,31,-0.6167,43,-0.0897,25,-0.9299,44,-0.0622
ENSG00000134905,CARS2,13,-0.6351,20,0.04658,11,-0.8259,14,-0.4898,15,-0.4825,20,-0.0081,26,0.44894,37,0.99793,21,0.16403
ENSG00000153487,ING1,2,-2.9070,13,-0.1968,6,-1.2308,0,-4.4010,17,0.22616,20,0.45554,31,1.17450,12,-0.2909,19,0.48198
ENSG00000088448,ANKRD10,2,-3.5773,42,0.90266,22,-0.1236,3,-2.7983,21,-0.1949,28,0.27548,40,0.80187,26,0.13336,26,0.18783
ENSG00000102606,ARHGEF7,7,-4.2070,55,-1.2007,52,-1.2775,123,0.01585,75,-0.7977,202,0.80591,140,0.20950,121,-0.0111,184,0.95871
ENSG00000126216,TUBGCP3,2,-3.0915,13,-0.4422,8,-1.1386,35,1.17757,14,-0.3259,26,0.64953,28,0.80500,9,-0.9166,18,0.12076
ENSG00000068650,ATP11A,14,-0.6126,99,2.70801,22,0.06039,10,-1.0517,16,-0.4607,6,-1.8107,10,-1.1826,38,0.92303,11,-1.1650
ENSG00000126217,MCF2L,2,-4.8957,30,-1.0239,52,-0.2312,8,-2.8542,61,0.03425,87,0.58415,64,0.09786,132,1.28719,70,0.34771
ENSG00000126226,PCID2,67,1.71781,22,-0.1310,23,-0.0412,24,0.03033,9,-1.4331,32,0.46796,26,0.15889,16,-0.6220,20,-0.3550
ENSG00000139842,CUL4A,2,-3.6200,29,0.26443,33,0.47910,0,-5.1684,20,-0.3104,39,0.74288,39,0.74449,13,-0.9360,31,0.47215
ENSG00000185896,LAMP1,17,-3.4110,435,1.55830,448,1.60900,159,-0.1004,112,-0.6832,120,-0.5361,148,-0.2063,155,-0.1359,125,-0.6023
ENSG00000150401,DCUN1D2,2,-2.9545,14,-0.1596,5,-1.6747,57,2.21737,9,-0.8642,11,-0.5572,8,-1.0398,9,-0.8344,19,0.50759
ENSG00000150403,TMCO3,2,-3.6412,34,0.48061,29,0.25898,53,1.19794,17,-0.5894,25,-0.0164,25,0.02158,44,0.90890,19,-0.4866
ENSG00000198176,TFDP1,2,-3.7391,43,0.76333,14,-0.9562,11,-1.3696,30,0.17416,43,0.77079,31,0.22141,13,-1.1046,33,0.44454
ENSG00000183087,GAS6,2,-4.7221,21,-1.3714,54,0.03223,16,-1.7376,57,0.11465,52,-0.0281,68,0.38416,56,0.07076,77,0.84627
ENSG00000185989,RASA3,2,-2.9555,37,1.41982,30,1.03664,1,-3.3688,14,-0.1227,14,-0.1644,13,-0.2136,10,-0.6344,16,0.10076
ENSG00000130177,CDC16,9,-2.4217,52,0.17321,53,0.22279,21,-1.1546,42,-0.1795,41,-0.1812,74,0.73704,52,0.17356,54,0.33620
ENSG00000169062,UPF3A,123,1.40755,79,0.65383,49,-0.0879,46,-0.1794,45,-0.2299,39,-0.4387,28,-0.9299,52,-0.0054,42,-0.4066
ENSG00000198824,CHAMP1,35,0.52653,19,-0.4463,22,-0.2097,39,0.68309,16,-0.6794,41,0.79417,22,-0.1968,16,-0.6903,25,-0.0191
ENSG00000136319,TTC5,2,-2.9217,7,-1.0892,4,-1.9084,0,-4.4741,12,-0.3486,22,0.59351,26,0.87919,30,1.12294,20,0.60185
ENSG00000100814,CCNB1IP1,50,1.54165,17,-0.2037,11,-0.7965,0,-4.8330,13,-0.6121,23,0.22564,26,0.44976,11,-0.8885,22,0.26560
ENSG00000129484,PARP2,2,-4.2483,16,-1.3126,42,0.16184,35,-0.1373,25,-0.6935,44,0.20701,44,0.22420,47,0.31348,54,0.79916
ENSG00000092094,OSGEP,2,-3.3040,24,0.32567,27,0.48174,47,1.42043,19,-0.0509,15,-0.3697,14,-0.5528,25,0.36542,16,-0.4160
ENSG00000100823,APEX1,48,-0.8099,65,-0.3508,110,0.48252,77,-0.0799,78,-0.0814,94,0.22566,74,-0.1493,76,-0.1051,90,0.20464
ENSG00000165782,PIP4P1,102,0.68537,33,-1.0770,33,-1.0419,38,-0.8445,42,-0.7529,63,-0.0739,99,0.63645,94,0.54490,79,0.38197
ENSG00000129538,RNASE1,58,-2.2993,1687,3.46358,724,1.63630,62,-2.2152,239,-0.2078,128,-1.1325,36,-2.9943,101,-1.4830,60,-2.5827
ENSG00000165795,NDRG2,408,-0.3839,894,0.86304,783,0.64368,391,-0.4487,951,1.09709,390,-0.4510,168,-1.7089,429,-0.3047,357,-0.7409
ENSG00000165801,ARHGEF40,2,-2.5023,18,0.72795,62,3.08098,0,-4.0582,13,0.22750,4,-1.3220,2,-2.1172,5,-1.2740,7,-0.9619
ENSG00000165804,ZNF219,36,1.56440,6,-1.2573,25,0.96692,19,0.49794,18,0.43914,6,-1.1144,1,-3.1017,4,-1.6453,11,-0.3933
ENSG00000258441,LINC00641,2,-4.9609,22,-1.5574,64,0.03134,56,-0.1837,50,-0.3787,76,0.30822,75,0.28349,81,0.39963,85,0.67829
ENSG00000092199,HNRNPC,75,-1.8131,306,0.30914,400,0.73970,374,0.62838,195,-0.4268,267,0.09421,211,-0.2713,335,0.45293,228,-0.1985
ENSG00000092201,SUPT16H,2,-4.6136,34,-0.5580,59,0.27784,48,-0.0341,44,-0.1903,69,0.54206,62,0.36515,57,0.23760,55,0.23846
ENSG00000100888,CHD8,2,-4.2757,32,-0.2920,26,-0.5861,106,1.65665,35,-0.1807,38,-0.0522,33,-0.2305,35,-0.1539,41,0.10036
ENSG00000129472,RAB2B,2,-3.3871,34,0.78889,25,0.26554,24,0.21007,11,-0.9519,20,-0.0756,16,-0.4206,37,0.92577,23,0.16637
ENSG00000092203,TOX4,155,1.58345,41,-0.5573,45,-0.4381,68,0.22092,51,-0.2636,52,-0.2071,94,0.72770,36,-0.7626,45,-0.5476
ENSG00000165819,METTL3,29,0.44377,20,-0.1123,39,0.93335,24,0.17143,19,-0.2254,30,0.52541,23,0.08593,11,-1.0254,17,-0.4831
ENSG00000165821,SALL2,2,-3.9285,21,-0.5724,103,2.05480,101,2.01728,33,0.13753,20,-0.6395,7,-2.2107,5,-2.5905,18,-0.9859
ENSG00000129562,DAD1,115,-0.3654,290,1.10550,248,0.84843,150,0.04034,123,-0.2923,133,-0.1427,119,-0.3208,142,-0.0460,114,-0.4843
ENSG00000155463,OXA1L,38,-0.3254,42,-0.1998,52,0.15108,32,-0.6055,35,-0.4840,55,0.23584,45,-0.0937,51,0.12203,58,0.42303
ENSG00000172590,MRPL52,49,-1.0536,126,0.38269,122,0.33209,73,-0.4542,120,0.34492,95,-0.0632,94,-0.0719,108,0.15002,93,-0.1109
ENSG00000197324,LRP10,2,-3.6440,65,1.55953,133,3.02136,8,-1.5850,25,0.03490,7,-1.8863,1,-3.7824,9,-1.5031,12,-1.3105
ENSG00000100461,RBM23,2,-3.6745,24,-0.0982,45,0.88545,5,-2.3001,24,-0.1306,32,0.33043,15,-0.7525,47,0.97752,29,0.25068
ENSG00000100462,PRMT5,2,-3.9908,15,-1.2934,44,0.31787,58,0.76046,28,-0.3886,42,0.26682,51,0.57033,36,0.01351,40,0.23429
ENSG00000100804,PSMB5,102,-1.0000,163,-0.2872,191,-0.0408,123,-0.7183,136,-0.6020,233,0.27185,303,0.69602,382,1.08147,195,-0.0135
ENSG00000139880,CDH24,2,-2.8175,1,-3.1186,20,0.53871,3,-2.0671,9,-0.7655,96,3.66017,0,-8.5599,40,1.72424,1,-4.0824
ENSG00000100813,ACIN1,2,-4.0673,33,-0.0115,26,-0.4116,61,0.94917,34,0.01457,37,0.15195,25,-0.4205,35,0.04366,38,0.23561
ENSG00000179933,C14orf119,2,-4.0896,36,0.06908,32,-0.1121,50,0.58720,33,-0.0411,27,-0.3847,39,0.21835,28,-0.3203,41,0.40692
ENSG00000092068,SLC7A8,2,-3.3255,2,-3.0231,8,-1.2699,3,-2.6876,13,-0.7266,72,2.16193,14,-0.5403,34,0.85119,25,0.46322
ENSG00000235194,PPP1R3E,51,1.35105,25,0.19950,27,0.31092,0,-5.0188,19,-0.2803,28,0.34301,12,-0.9231,17,-0.3989,23,0.04077
ENSG00000129473,BCL2L2,27,-1.9365,61,-0.7220,61,-0.7218,196,1.13658,84,-0.2518,84,-0.2280,119,0.32349,120,0.33350,107,0.20857
ENSG00000100836,PABPN1,2,-4.7087,51,-0.0523,79,0.63930,55,0.06513,57,0.12856,78,0.61991,44,-0.2602,48,-0.1360,53,0.03234
ENSG00000092096,SLC22A17,296,-1.1453,217,-1.6034,556,-0.1874,1042,0.81420,385,-0.8015,716,0.20729,652,0.06144,855,0.49083,762,0.42649
ENSG00000100842,EFS,2,-3.2463,125,3.56679,70,2.20996,0,-4.7965,15,-0.3423,5,-1.8589,0,-4.4567,2,-3.0724,3,-3.0265
ENSG00000166091,CMTM5,2,-4.6850,430,4.38359,115,1.30190,6,-3.0229,26,-1.0974,15,-1.8795,8,-2.7961,10,-2.4704,9,-2.9585
ENSG00000129460,NGDN,9,-1.1485,40,1.20841,25,0.46597,4,-2.1042,16,-0.2760,9,-1.1181,31,0.78529,8,-1.2058,21,0.29005
ENSG00000213983,AP1G2,2,-2.7657,8,-0.8131,5,-1.2915,0,-4.1895,10,-0.5430,24,0.90166,23,0.86930,21,0.72148,18,0.62433
ENSG00000092051,JPH4,82,-0.2823,16,-2.7017,58,-0.7993,25,-2.0231,125,0.41357,168,0.85590,92,-0.1008,139,0.54235,112,0.28372
ENSG00000215256,DHRS4-AS1,48,1.54415,27,0.57104,56,1.82579,0,-4.4960,11,-0.8348,5,-1.9745,13,-0.5874,16,-0.1952,14,-0.5819
ENSG00000187630,DHRS4L2,43,1.50649,30,0.86530,43,1.49661,0,-4.6550,17,-0.0297,3,-2.2565,8,-1.0584,8,-1.0446,13,-0.5132
ENSG00000186648,CARMIL3,4,-1.3192,2,-2.3138,10,-0.1364,17,0.59348,8,-0.5181,25,1.23237,11,-0.0867,7,-0.6634,14,0.40147
ENSG00000100884,CPNE6,10,-3.4615,27,-2.0835,145,0.43025,5,-4.3551,77,-0.5891,174,0.73162,194,0.90565,90,-0.3177,158,0.82853
ENSG00000100897,DCAF11,2,-4.6769,30,-0.8174,45,-0.2009,65,0.36004,50,-0.0389,43,-0.2875,75,0.60266,70,0.48499,60,0.31677
ENSG00000092010,PSME1,48,-0.3616,103,0.84507,75,0.33691,109,0.93889,60,-0.0356,23,-1.4634,38,-0.7103,37,-0.7673,59,-0.0471
ENSG00000100908,EMC9,2,-3.8990,12,-1.3816,10,-1.6196,58,1.06290,26,-0.2526,31,0.07253,46,0.67539,32,0.09675,37,0.44230
ENSG00000100911,PSME2,2,-4.3100,39,-0.0455,96,1.43506,48,0.29277,40,0.02407,26,-0.6236,54,0.47760,47,0.27292,31,-0.4788
ENSG00000092098,RNF31,2,-2.7667,13,0.00337,14,0.06582,29,1.21829,15,0.13473,17,0.33654,16,0.24288,3,-2.0618,13,-0.0714
ENSG00000213928,IRF9,88,2.03824,41,0.68416,65,1.49210,4,-2.6567,22,-0.2748,14,-0.9551,16,-0.7020,14,-0.9727,14,-1.1940
ENSG00000100918,REC8,2,-2.3047,15,0.65663,11,0.16827,0,-3.8626,8,-0.3118,5,-0.8328,8,-0.2211,5,-0.8794,16,1.13225
ENSG00000100926,TM9SF1,2,-3.1956,16,-0.1824,40,1.26168,20,0.17895,16,-0.1963,20,0.16806,19,0.06202,13,-0.5046,18,0.02745
ENSG00000254505,CHMP4A,63,0.46556,99,1.22837,87,1.00379,17,-1.5123,53,0.22391,43,-0.1112,24,-0.9688,29,-0.6983,34,-0.6108
ENSG00000213920,MDP1,2,-4.6833,28,-0.9217,41,-0.3806,151,1.77365,38,-0.5078,62,0.28174,42,-0.3176,64,0.31698,52,0.01998
ENSG00000129559,NEDD8,279,-0.3013,220,-0.6605,298,-0.1987,187,-0.9058,327,-0.0621,313,-0.1248,381,0.18348,457,0.47182,404,0.38310
ENSG00000100938,GMPR2,12,-1.7490,30,-0.4390,47,0.28313,64,0.76286,31,-0.4002,38,-0.0753,43,0.12933,54,0.49458,41,0.07555
ENSG00000092330,TINF2,2,-3.1007,39,1.34736,27,0.71864,0,-4.2512,14,-0.3528,26,0.63263,14,-0.3138,14,-0.3102,18,0.11961
ENSG00000100949,RABGGTA,50,1.05769,12,-1.0861,11,-1.2943,6,-2.0487,15,-0.8872,25,-0.0792,26,-0.0174,44,0.83231,33,0.54830
ENSG00000288044,AL096870.8,2,-2.5371,22,0.99725,36,1.86813,0,-4.0937,14,0.31050,5,-1.2304,6,-0.8288,18,0.73298,8,-0.6530
ENSG00000196943,NOP9,2,-2.2224,16,0.83630,9,-0.0699,0,-3.7812,10,0.14977,12,0.38837,13,0.56547,3,-1.3948,11,0.38139
ENSG00000100445,SDR39U1,3,-4.0257,55,0.18868,77,0.73956,26,-0.9529,50,0.04915,31,-0.6626,50,0.06880,42,-0.2007,61,0.51505
ENSG00000168952,STXBP6,2,-5.0580,50,-0.4577,52,-0.3846,583,4.56965,32,-1.2009,10,-2.8284,1,-5.4518,35,-1.0013,19,-2.1813
ENSG00000139910,NOVA1,101,0.21313,83,-0.1019,58,-0.6561,69,-0.3748,78,-0.2143,144,0.76995,79,-0.1731,135,0.66567,82,-0.1657
ENSG00000176165,FOXG1,136,0.27927,31,-1.9459,66,-0.8187,59,-1.0034,88,-0.4167,166,0.60103,127,0.17127,172,0.66470,136,0.38595
ENSG00000186960,LINC01551,2,-3.2175,8,-1.2800,7,-1.4195,0,-4.7071,17,-0.1205,15,-0.3331,34,0.95790,45,1.45031,24,0.55135
ENSG00000184304,PRKD1,2,-2.2695,9,-0.0217,2,-1.9678,0,-3.7404,18,1.19571,35,2.21268,15,0.68285,10,0.13632,3,-1.9133
ENSG00000092140,G2E3,2,-2.6273,15,0.33120,31,1.48352,0,-4.1915,6,-1.0256,18,0.57479,20,0.72905,7,-0.8611,14,0.21711
ENSG00000092108,SCFD1,2,-4.4468,34,-0.3666,34,-0.4066,88,1.11737,32,-0.4971,60,0.49545,70,0.73422,30,-0.5811,47,0.14474
ENSG00000100473,COCH,4,-2.4454,0,-6.4539,27,0.36630,20,-0.1167,10,-1.1649,77,2.16658,7,-1.6724,9,-1.2199,29,0.63483
ENSG00000196792,STRN3,2,-3.7269,32,0.27413,28,0.07752,23,-0.2369,20,-0.4821,64,1.44840,31,0.24829,23,-0.1845,25,-0.0766
ENSG00000100478,AP4S1,2,-3.5260,9,-1.4093,9,-1.4044,41,0.90992,22,-0.0627,35,0.64306,47,1.14068,14,-0.7563,25,0.15374
ENSG00000092148,HECTD1,20,-1.9134,67,-0.1234,64,-0.1905,108,0.62707,51,-0.5775,88,0.29929,84,0.23003,83,0.20474,82,0.25742
ENSG00000129493,HEATR5A,2,-2.8004,56,2.39911,32,1.32705,3,-2.1014,18,0.48765,12,-0.2171,2,-2.7159,22,0.71671,4,-2.2063
ENSG00000129480,DTD2,2,-2.8425,30,1.17339,22,0.68486,24,0.82694,8,-0.9406,7,-1.0291,12,-0.3010,10,-0.5387,16,0.21306
ENSG00000100852,ARHGAP5,425,1.70737,184,0.29875,353,1.37330,33,-2.2672,172,0.20728,74,-1.1009,48,-1.7423,103,-0.6055,105,-0.7292
ENSG00000151320,AKAP6,178,0.48210,87,-0.6360,76,-0.8266,175,0.45421,77,-0.8727,185,0.54039,171,0.41573,99,-0.4343,146,0.21907
ENSG00000151322,NPAS3,2,-3.4986,52,1.33577,100,2.59899,31,0.48704,30,0.49463,3,-2.9170,2,-3.3077,8,-1.5771,9,-1.5924
ENSG00000129521,EGLN3,4,-2.3876,57,1.43162,105,2.61670,0,-5.1054,33,0.59285,9,-1.4571,2,-3.2287,25,0.09388,9,-1.6376
ENSG00000165389,SPTSSA,2,-3.6754,64,1.49298,81,1.92544,14,-0.8713,21,-0.3107,19,-0.4365,22,-0.2332,29,0.18517,15,-1.0086
ENSG00000129518,EAPP,2,-4.4250,42,-0.0377,57,0.42475,17,-1.4206,32,-0.4744,65,0.65573,64,0.62211,45,0.07056,51,0.36691
ENSG00000129515,SNX6,2,-4.5187,153,2.00656,106,1.32742,15,-1.6404,40,-0.2696,46,-0.0214,34,-0.4903,33,-0.5305,35,-0.5809
ENSG00000165410,CFL2,2,-5.5853,494,2.94668,184,1.03881,72,-0.4557,59,-0.8186,31,-1.6856,67,-0.5598,62,-0.6809,57,-0.9980
ENSG00000100883,SRP54,2,-4.1596,45,0.36057,35,-0.0219,15,-1.3186,33,-0.1313,55,0.66797,40,0.16392,48,0.47425,40,0.22641
ENSG00000151327,FAM177A1,5,-3.8823,157,1.08687,82,0.04908,151,1.02597,64,-0.3571,92,0.21802,56,-0.5421,67,-0.2650,75,-0.1366
ENSG00000092020,PPP2R3C,63,0.61678,55,0.38664,50,0.24462,22,-0.9729,32,-0.4580,49,0.22708,41,-0.0557,29,-0.5786,45,0.11567
ENSG00000100890,PRORP,2,-2.2906,29,1.78821,6,-0.6781,0,-3.8487,10,0.02444,7,-0.5388,14,0.53555,11,0.22271,9,-0.0676
ENSG00000100902,PSMA6,253,0.76736,101,-0.6718,132,-0.2644,145,-0.1169,111,-0.5608,128,-0.3073,197,0.36009,163,0.06771,173,0.21332
ENSG00000100906,NFKBIA,6,-2.0047,51,1.19226,52,1.23292,13,-0.9041,39,0.85946,18,-0.4256,26,0.13552,13,-0.8958,14,-1.0169
ENSG00000174373,RALGAPA1,2,-4.4891,37,-0.2906,27,-0.7657,61,0.47160,35,-0.4150,76,0.82715,29,-0.6723,49,0.11062,59,0.59198
ENSG00000100916,BRMS1L,52,0.34656,17,-1.3288,25,-0.7682,36,-0.2217,35,-0.2843,61,0.61228,33,-0.3297,58,0.51724,47,0.25841
ENSG00000151332,MBIP,2,-3.2446,23,0.30494,10,-0.9187,34,0.94634,16,-0.2769,31,0.79232,24,0.39972,13,-0.5712,19,0.00619
ENSG00000139874,SSTR1,27,-0.5482,0,-7.1210,9,-2.1613,59,0.68763,16,-1.4154,41,0.09969,58,0.64744,15,-1.4395,65,1.27272
ENSG00000100934,SEC23A,39,-0.8568,17,-2.0969,48,-0.5397,109,0.74390,50,-0.5243,96,0.54041,84,0.32971,76,0.16354,80,0.33813
ENSG00000092208,GEMIN2,2,-2.2023,14,0.70818,14,0.62552,0,-3.4771,8,-0.0986,10,0.14243,21,1.30404,0,-4.5316,10,0.19631
ENSG00000182400,TRAPPC6B,2,-4.9881,19,-1.8333,7,-3.1271,126,1.09166,53,-0.3049,74,0.22611,69,0.11674,97,0.66902,83,0.56864
ENSG00000100941,PNN,2,-4.4338,87,1.12608,117,1.63721,1,-4.8691,42,-0.0396,63,0.57569,32,-0.4814,26,-0.7803,38,-0.2636
ENSG00000150527,MIA2,2,-2.7766,15,0.17748,6,-1.2717,1,-3.5404,15,0.11951,31,1.31822,15,0.12420,7,-0.9456,18,0.58293
ENSG00000165355,FBXO33,6,-2.5911,16,-1.2815,10,-2.0015,131,2.12370,25,-0.6550,49,0.42834,48,0.38175,37,0.00098,35,-0.1418
ENSG00000165379,LRFN5,2,-3.8250,2,-3.8537,0,-8.6674,40,0.54994,11,-1.4842,8,-1.8965,78,1.67353,41,0.58415,44,1.02846
ENSG00000179454,KLHL28,2,-3.3762,15,-0.4430,23,0.15488,55,1.58988,11,-1.0572,21,0.05145,12,-0.7893,45,1.23864,19,-0.2022
ENSG00000198718,TOGARAM1,95,1.30552,31,-0.4591,33,-0.3687,65,0.67317,20,-1.2112,54,0.36895,51,0.28073,29,-0.5759,39,-0.1977
ENSG00000185246,PRPF39,2,-2.5963,15,0.37839,3,-2.1018,34,1.68743,8,-0.6700,25,1.18850,6,-0.9590,11,-0.0643,11,-0.1859
ENSG00000100442,FKBP3,174,-0.1368,126,-0.6388,88,-1.1779,239,0.36064,127,-0.6675,225,0.26152,299,0.72156,215,0.18660,214,0.24880
ENSG00000213741,RPS29,818,-0.4199,2518,1.40240,1544,0.57834,741,-0.5694,1563,0.66811,709,-0.6378,566,-0.9772,1035,-0.0561,722,-0.7658
ENSG00000165502,RPL36AL,183,-0.4718,441,0.92301,365,0.60929,201,-0.3291,256,0.05170,159,-0.6837,193,-0.3921,362,0.59781,204,-0.3975
ENSG00000168282,MGAT2,2,-2.9847,11,-0.5893,9,-0.7534,42,1.58324,12,-0.4949,26,0.77867,15,-0.0749,3,-2.2689,18,0.34315
ENSG00000165516,KLHDC2,164,0.49276,42,-1.5834,45,-1.4867,206,0.85838,59,-1.1615,159,0.43634,101,-0.2774,152,0.37131,145,0.40034
ENSG00000165525,NEMF,42,-0.9017,129,0.83154,57,-0.4631,77,0.01545,69,-0.1676,111,0.58877,41,-0.9354,86,0.18121,78,0.04708
ENSG00000282885,AL627171.2,145,0.06794,205,0.62136,262,1.02956,192,0.51763,199,0.63943,51,-1.5175,26,-2.4738,219,0.72716,76,-1.1271
ENSG00000165527,ARF6,2,-3.7280,33,0.34475,40,0.65718,31,0.24983,29,0.16098,12,-1.2081,34,0.37244,21,-0.3326,28,0.13876
ENSG00000100483,VCPKMT,5,-1.7899,7,-1.4771,6,-1.5513,51,1.66945,12,-0.7323,17,-0.1126,25,0.47766,15,-0.3381,22,0.42805
ENSG00000100485,SOS2,2,-3.3089,74,2.25285,29,0.58827,0,-4.8233,20,0.02677,18,-0.1350,5,-2.0218,13,-0.5961,19,-0.0942
ENSG00000125375,DMAC2L,2,-3.0326,35,1.23560,36,1.26876,0,-4.3599,18,0.21642,9,-0.8012,17,0.08810,18,0.16796,14,-0.2826
ENSG00000012983,MAP4K5,2,-3.4960,72,1.93203,50,1.29707,29,0.37317,18,-0.3308,21,-0.0939,14,-0.7360,5,-2.2273,16,-0.6547
ENSG00000198513,ATL1,156,-0.4973,82,-1.4686,55,-2.0552,211,-0.0350,95,-1.3106,351,0.78163,413,1.05015,205,-0.0785,285,0.62239
ENSG00000151748,SAV1,2,-3.6391,49,1.07110,41,0.80622,69,1.66805,22,-0.2059,39,0.70949,15,-0.7499,4,-2.5020,15,-0.9220
ENSG00000100503,NIN,2,-3.7225,37,0.50736,33,0.35250,8,-1.8226,37,0.58703,56,1.19653,24,-0.1323,21,-0.3513,22,-0.3257
ENSG00000100505,TRIM9,64,-0.5683,34,-1.5084,105,0.18860,35,-1.4526,70,-0.4690,135,0.58996,94,0.01174,112,0.29176,123,0.61152
ENSG00000139921,TMX1,2,-3.3150,35,0.88054,65,1.97258,0,-4.8632,21,0.07542,9,-1.1615,17,-0.2055,17,-0.2156,18,-0.2046
ENSG00000139926,FRMD6,2,-2.6386,7,-0.8938,0,-5.2114,24,1.07682,9,-0.4129,4,-1.6684,12,-0.0813,13,0.11621,20,1.11553
ENSG00000186469,GNG2,274,0.58313,9,-4.3673,56,-1.8279,275,0.58569,162,-0.2706,335,0.91148,209,0.14570,173,-0.1452,204,0.14780
ENSG00000087302,RTRAF,121,0.49123,111,0.35118,77,-0.2145,90,0.01112,64,-0.5511,91,0.02988,117,0.43002,87,-0.0298,84,-0.1261
ENSG00000087301,TXNDC16,2,-3.3920,18,-0.2565,22,0.09078,35,0.83429,16,-0.4744,44,1.19084,18,-0.2437,17,-0.2888,21,0.02157
ENSG00000180998,GPR137C,2,-3.6635,6,-2.1859,16,-0.6571,22,-0.2084,19,-0.4344,34,0.47672,18,-0.4930,44,0.89187,37,0.85529
ENSG00000197930,ERO1A,2,-4.3595,15,-1.5211,42,0.03520,52,0.34880,25,-0.8284,57,0.50072,37,-0.1674,75,0.95945,52,0.50180
ENSG00000100519,PSMC6,204,0.70358,79,-0.7797,94,-0.5183,100,-0.4228,78,-0.8445,181,0.50713,219,0.81900,99,-0.4332,144,0.19090
ENSG00000100522,GNPNAT1,2,-3.1310,14,-0.3620,15,-0.1747,6,-1.4767,18,0.09268,14,-0.3239,39,1.29382,25,0.54816,19,0.14027
ENSG00000073712,FERMT2,2,-4.0564,62,0.99913,109,1.99425,27,-0.3480,53,0.81734,20,-0.7834,11,-1.6311,16,-1.0921,20,-0.9324
ENSG00000100523,DDHD1,86,1.64243,25,-0.3554,21,-0.5966,8,-2.0689,20,-0.7674,38,0.28238,38,0.26251,21,-0.6193,34,0.14715
ENSG00000100528,CNIH1,92,0.37796,66,-0.1371,101,0.52716,134,0.99610,40,-0.9700,54,-0.4412,67,-0.1104,66,-0.1348,70,-0.0721
ENSG00000197045,GMFB,41,-1.8580,92,-0.6596,142,-0.0051,97,-0.5788,160,0.20049,286,1.13520,205,0.57811,93,-0.6440,143,0.00947
ENSG00000100532,CGRRF1,43,1.26625,27,0.47724,44,1.30154,1,-4.3785,22,0.18280,16,-0.3168,25,0.35832,11,-0.8638,11,-1.0119
ENSG00000020577,SAMD4A,2,-3.6613,25,-0.0418,18,-0.4715,53,1.18368,19,-0.4936,14,-0.8878,16,-0.6691,26,0.06823,34,0.67523
ENSG00000180008,SOCS4,92,2.16040,22,-0.2150,31,0.30194,17,-0.6522,13,-1.0650,12,-1.1062,6,-2.0609,59,1.33106,17,-0.7593
ENSG00000168175,MAPK1IP1L,62,-0.2716,38,-1.0117,95,0.40517,161,1.27854,46,-0.7570,62,-0.2719,72,-0.0274,86,0.23945,72,-0.0432
ENSG00000131981,LGALS3,38,-0.2019,31,-0.4877,181,2.51208,4,-3.4933,67,0.79292,14,-1.6712,2,-4.0919,44,0.03610,27,-0.8466
ENSG00000178974,FBXO34,2,-4.6710,7,-2.8064,13,-2.0314,21,-1.3048,36,-0.5882,64,0.35927,85,0.80367,78,0.65829,81,1.08145
ENSG00000126775,ATG14,30,1.59750,22,1.08817,13,0.26970,0,-4.0456,9,-0.3621,4,-1.5684,13,0.18424,14,0.31661,8,-0.6559
ENSG00000126777,KTN1,112,-0.0274,300,1.59788,136,0.27673,124,0.12775,106,-0.1260,110,-0.0543,59,-1.0058,136,0.27814,74,-0.8381
ENSG00000070367,EXOC5,2,-4.8474,74,0.35328,48,-0.3252,80,0.48271,50,-0.2697,80,0.47629,79,0.45980,67,0.20640,59,0.00719
ENSG00000053770,AP5M1,3,-3.5916,55,0.44908,33,-0.3365,39,-0.0864,44,0.11421,40,-0.0612,34,-0.2824,54,0.40543,48,0.30457
ENSG00000139977,NAA30,41,0.13761,19,-1.0013,20,-0.9635,26,-0.5371,39,0.05119,51,0.47178,50,0.45128,43,0.20740,40,0.13903
ENSG00000259969,AL049838.1,2,-3.4965,5,-2.1661,6,-1.9871,20,-0.2066,21,-0.1055,40,0.89832,24,0.08491,22,-0.0689,33,0.89613
ENSG00000131966,ACTR10,211,0.66201,60,-1.2778,101,-0.4955,171,0.32438,75,-0.9924,140,0.01465,231,0.81664,159,0.21097,146,0.09993
ENSG00000100567,PSMA3,267,1.92777,53,-0.7277,66,-0.3859,67,-0.3559,52,-0.7916,76,-0.1779,91,0.10296,64,-0.4303,79,-0.1483
ENSG00000257621,PSMA3-AS1,2,-3.3202,38,0.73172,46,1.05645,9,-1.4897,25,0.08101,28,0.27102,13,-0.9397,54,1.31440,18,-0.5924
ENSG00000032219,ARID4A,26,-0.6197,37,-0.0910,36,-0.1437,37,-0.0956,26,-0.6536,92,1.39669,29,-0.4382,27,-0.5848,43,0.20918
ENSG00000100575,TIMM9,2,-3.8601,40,0.49053,28,-0.0406,50,0.85521,22,-0.4368,38,0.42471,28,-0.0366,35,0.27382,28,-0.0672
ENSG00000100592,DAAM1,2,-4.6297,51,0.02423,46,-0.1358,104,1.18524,34,-0.6258,48,-0.0664,45,-0.1501,77,0.69639,52,0.08750
ENSG00000050130,JKAMP,2,-4.8538,74,0.37311,52,-0.1832,129,1.28934,33,-0.9174,47,-0.3386,82,0.55088,57,-0.0355,62,0.13839
ENSG00000139970,RTN1,871,-0.8318,208,-2.9482,495,-1.6747,1546,0.04915,638,-1.3732,2380,0.73991,2651,0.91876,2044,0.49264,2001,0.65067
ENSG00000126773,PCNX4,2,-3.8706,28,-0.0715,42,0.55439,61,1.17513,25,-0.2922,34,0.21567,15,-1.0136,42,0.55752,27,-0.1425
ENSG00000100612,DHRS7,2,-5.0822,94,0.51396,92,0.47654,99,0.59171,67,-0.0275,35,-1.0105,59,-0.2265,58,-0.2580,78,0.29584
ENSG00000100614,PPM1A,2,-5.4849,73,-0.3298,56,-0.7206,121,0.46392,69,-0.4477,106,0.24865,101,0.17160,119,0.43863,114,0.52296
ENSG00000020426,MNAT1,101,2.07073,32,0.14237,17,-0.8008,26,-0.2205,23,-0.4220,37,0.35285,22,-0.4353,36,0.28234,17,-1.0341
ENSG00000100644,HIF1A,42,-0.7593,49,-0.5160,125,0.95610,113,0.78228,51,-0.4960,57,-0.2926,65,-0.1012,74,0.11417,68,-0.0471
ENSG00000139973,SYT16,66,-0.0815,5,-3.8364,17,-2.1072,47,-0.5957,38,-1.0051,98,0.52982,86,0.31647,112,0.74923,101,0.83738
ENSG00000140015,KCNH5,44,1.30733,0,-4.7949,7,-1.5642,6,-1.7524,15,-0.4393,105,3.02197,6,-1.6834,9,-1.1469,12,-0.9122
ENSG00000154001,PPP2R5E,2,-4.8552,40,-0.5720,39,-0.6041,64,0.13986,53,-0.1587,84,0.57223,59,0.02116,76,0.41609,72,0.46143
ENSG00000274015,AL136038.5,2,-2.8498,44,1.86869,45,1.87624,6,-1.3504,17,0.24454,12,-0.2416,9,-0.6671,6,-1.2284,7,-1.2003
ENSG00000126821,SGPP1,16,-1.1975,45,0.38911,32,-0.1481,23,-0.6605,25,-0.5258,56,0.74225,46,0.42762,42,0.29230,36,0.07364
ENSG00000100714,MTHFD1,97,1.27434,24,-0.9263,37,-0.2591,66,0.63804,34,-0.4040,33,-0.4364,43,-0.0460,19,-1.2453,46,0.10149
ENSG00000089775,ZBTB25,2,-2.6531,14,0.21751,1,-3.2544,13,0.11686,11,-0.2287,21,0.79957,11,-0.2056,12,-0.0915,17,0.62175
ENSG00000179841,AKAP5,2,-4.0848,2,-3.8359,5,-2.7111,37,0.13783,29,-0.2460,32,-0.0712,26,-0.4121,12,-1.5729,67,1.75581
ENSG00000126803,HSPA2,2,-6.0651,967,3.86885,387,1.75920,8,-4.1034,94,-0.6014,51,-1.4706,11,-3.7193,71,-0.9701,18,-3.3566
ENSG00000126822,PLEKHG3,73,1.62158,121,2.62718,68,1.49564,0,-5.3052,25,-0.1253,1,-3.9614,8,-1.7668,5,-2.3987,6,-2.4337
ENSG00000070182,SPTB,2,-3.3073,2,-3.0345,13,-0.5929,1,-4.1108,20,0.02285,32,0.77271,16,-0.3298,9,-1.1600,35,1.43466
ENSG00000258289,CHURC1,2,-5.4097,111,0.40246,125,0.59604,97,0.18126,90,0.07039,67,-0.3843,99,0.21232,80,-0.1165,90,0.08827
ENSG00000139998,RAB15,3,-4.4636,6,-3.3268,11,-2.5596,18,-1.9078,61,-0.0673,162,1.54271,83,0.43049,70,0.15451,87,0.72358
ENSG00000257365,FNTB,38,0.91136,77,2.18097,29,0.51078,0,-4.6856,16,-0.4587,30,0.55020,17,-0.3098,9,-1.2773,11,-1.2323
ENSG00000125952,MAX,2,-4.4350,62,0.56115,45,0.03795,70,0.75518,45,0.06018,40,-0.1378,52,0.27287,40,-0.1153,41,-0.1087
ENSG00000033170,FUT8,23,-0.8262,120,1.86277,33,-0.2602,24,-0.7539,35,-0.2073,49,0.34061,31,-0.3689,33,-0.2629,32,-0.3896
ENSG00000171723,GPHN,94,1.15096,30,-0.6781,32,-0.5616,20,-1.2736,31,-0.6276,44,-0.0757,58,0.36221,27,-0.8406,58,0.51123
ENSG00000072415,MPP5,78,1.10087,98,1.49550,43,0.14749,70,0.90793,25,-0.7511,37,-0.1128,27,-0.5971,28,-0.5222,21,-1.1979
ENSG00000100554,ATP6V1D,88,-1.3480,93,-1.2610,130,-0.7655,192,-0.1670,151,-0.5789,235,0.14752,388,0.95936,294,0.50187,265,0.46897
ENSG00000134001,EIF2S1,2,-4.4797,31,-0.5698,67,0.63246,22,-1.0731,39,-0.2383,46,0.02932,56,0.35808,41,-0.1434,60,0.65699
ENSG00000198133,TMEM229B,2,-2.8333,1,-3.3676,2,-2.7889,0,-4.3919,19,0.53368,3,-2.3689,7,-1.0786,3,-2.0009,32,2.27051
ENSG00000054690,PLEKHH1,2,-4.5809,366,4.05648,80,0.81005,8,-2.5277,30,-0.7623,22,-1.2016,7,-2.8599,14,-1.8505,17,-1.8744
ENSG00000100564,PIGH,2,-4.0809,26,-0.3795,25,-0.4396,73,1.23374,18,-1.0115,23,-0.5911,38,0.16063,44,0.41977,43,0.53971
ENSG00000081181,ARG2,3,-2.6974,2,-3.3218,6,-1.6325,1,-3.8241,7,-1.4876,3,-2.4232,22,0.22590,13,-0.5892,45,2.60162
ENSG00000100568,VTI1B,118,-0.2523,119,-0.2396,104,-0.4414,134,-0.0579,151,0.14703,139,0.00388,166,0.27623,121,-0.2084,151,0.16846
ENSG00000072042,RDH11,2,-5.7379,150,0.52010,189,0.90446,89,-0.2941,89,-0.3193,89,-0.2951,181,0.83470,124,0.21836,99,-0.1601
ENSG00000259038,AL121820.2,2,-3.2309,18,-0.0637,67,2.14280,1,-3.7383,36,1.18923,21,0.19616,12,-0.7019,3,-2.6207,12,-0.8318
ENSG00000185650,ZFP36L1,5,-3.9318,142,0.93458,580,3.93488,17,-2.2737,84,0.10261,14,-2.5159,13,-2.6815,16,-2.4017,19,-2.4786
ENSG00000072110,ACTN1,53,-0.4915,7,-3.3128,42,-0.8336,12,-2.6424,44,-0.8335,193,1.59857,100,0.48152,92,0.35717,92,0.48273
ENSG00000139990,DCAF5,2,-3.5740,18,-0.4010,20,-0.2872,9,-1.4152,23,-0.0236,32,0.46175,28,0.24568,43,0.93881,28,0.32183
ENSG00000081177,EXD2,2,-3.5665,36,0.68105,53,1.29200,1,-4.0994,25,0.09036,29,0.30856,22,-0.1213,25,0.10016,22,-0.1081
ENSG00000100626,GALNT16,2,-3.8760,4,-2.9719,21,-0.7018,16,-1.0385,20,-0.7639,72,1.28241,40,0.29157,49,0.62846,45,0.72903
ENSG00000100632,ERH,15,-2.6513,94,0.10869,89,0.02560,96,0.14272,84,-0.0673,97,0.15829,118,0.46249,100,0.19624,91,0.07529
ENSG00000029364,SLC39A9,63,0.96219,32,-0.1113,33,-0.0496,7,-2.2520,30,-0.2477,41,0.25556,44,0.38246,21,-0.7139,37,0.13112
ENSG00000100647,SUSD6,38,1.05966,15,-0.3505,10,-0.9642,8,-1.3244,15,-0.4258,58,1.82112,19,-0.0054,13,-0.6143,15,-0.4731
ENSG00000100650,SRSF5,102,-0.3219,112,-0.1836,177,0.53926,31,-2.0968,101,-0.3735,125,-0.0114,186,0.61731,164,0.41166,135,0.14463
ENSG00000198732,SMOC1,2,-3.6596,121,2.76863,71,1.70789,0,-5.0914,28,0.17658,17,-0.6248,3,-3.0517,13,-1.0353,12,-1.4007
ENSG00000100678,SLC8A3,2,-2.6507,6,-0.9937,22,0.91761,10,-0.3771,3,-1.8708,24,1.03568,8,-0.6179,21,0.79135,15,0.46131
ENSG00000133983,COX16,156,0.32123,139,0.13695,148,0.23589,162,0.37953,101,-0.3815,111,-0.2175,104,-0.3131,132,0.05570,125,-0.0341
ENSG00000213463,SYNJ2BP,2,-3.4157,43,1.11835,17,-0.3628,28,0.43563,28,0.50157,16,-0.4124,21,-0.0428,4,-2.3095,22,0.09496
ENSG00000133997,MED6,2,-3.0513,10,-0.7673,15,-0.1435,0,-4.6027,15,-0.1711,37,1.29708,25,0.64810,14,-0.2244,20,0.45585
ENSG00000133985,TTC9,2,-4.2712,1,-4.5110,26,-0.6170,31,-0.3187,37,-0.0945,31,-0.3644,57,0.59519,51,0.43513,58,0.93002
ENSG00000006432,MAP3K9,2,-3.9407,3,-3.2053,7,-2.1983,31,-0.0092,33,0.12550,42,0.49555,43,0.53110,44,0.55512,41,0.60977
ENSG00000100731,PCNX1,2,-4.3598,34,-0.3256,20,-1.1195,9,-2.2184,30,-0.5194,67,0.74747,53,0.37250,86,1.17425,53,0.51311
ENSG00000197555,SIPA1L1,115,0.57330,26,-1.6759,49,-0.7582,141,0.90726,53,-0.6724,71,-0.1844,41,-0.9951,39,-1.0867,113,0.78415
ENSG00000182732,RGS6,2,-2.5247,4,-1.6950,0,-7.4450,0,-4.1025,5,-1.2659,1,-3.0021,30,1.51537,10,-0.2583,24,1.85919
ENSG00000165861,ZFYVE1,2,-3.1023,7,-1.2088,41,1.41061,13,-0.3560,16,-0.1147,23,0.48683,15,-0.2122,18,0.08193,18,0.05985
ENSG00000119707,RBM25,60,-0.2314,92,0.43799,34,-1.1098,18,-2.0375,94,0.52131,102,0.60138,92,0.42401,64,-0.1418,65,-0.1554
ENSG00000080815,PSEN1,2,-4.5008,187,2.44991,119,1.58888,10,-2.2506,36,-0.3927,30,-0.6179,29,-0.6606,27,-0.7783,29,-0.8639
ENSG00000133961,NUMB,35,0.18599,18,-0.8325,32,0.03347,19,-0.7478,28,-0.2011,44,0.55352,30,-0.0447,38,0.32569,33,0.13510
ENSG00000119673,ACOT2,2,-3.0185,11,-0.7186,22,0.36624,16,-0.1099,19,0.13910,26,0.60192,26,0.62094,11,-0.7202,19,0.16189
ENSG00000119661,DNAL1,60,0.76568,16,-1.2094,41,0.16515,16,-1.2044,35,-0.0724,39,0.07508,46,0.33687,14,-1.4839,44,0.39269
ENSG00000176903,PNMA1,390,0.66563,70,-1.9455,139,-0.9390,190,-0.4632,148,-0.8985,362,0.54559,332,0.40511,246,-0.0671,328,0.54298
ENSG00000156030,ELMSAN1,2,-2.5233,20,0.86602,17,0.61168,3,-1.6869,12,0.10983,10,-0.1717,9,-0.3712,10,-0.1466,13,0.29094
ENSG00000140043,PTGR2,2,-2.0652,17,1.13603,2,-2.0231,0,-3.6260,9,0.23098,15,0.93430,6,-0.3843,4,-1.1322,10,0.51862
ENSG00000119725,ZNF410,2,-2.9520,19,0.33500,11,-0.4635,3,-2.3672,8,-0.9535,22,0.55983,16,0.05555,4,-1.7658,26,1.29984
ENSG00000156050,FAM161B,2,-3.0461,12,-0.4456,20,0.29704,29,0.88195,14,-0.2947,16,-0.0471,19,0.20068,4,-2.1444,21,0.56529
ENSG00000119723,COQ6,2,-2.8581,14,-0.0574,20,0.52557,8,-0.9212,12,-0.2547,20,0.53572,12,-0.2837,13,-0.1509,18,0.53264
ENSG00000119636,BBOF1,2,-2.7363,7,-0.9254,19,0.60473,18,0.43873,23,0.99876,8,-0.8008,9,-0.5892,3,-1.8812,15,0.24440
ENSG00000119711,ALDH6A1,157,0.79715,171,0.93951,257,1.64225,10,-3.3420,125,0.47404,53,-0.9005,22,-2.2106,52,-0.9162,67,-0.6831
ENSG00000205659,LIN52,2,-3.1981,9,-1.0316,25,0.49933,83,2.65479,10,-0.9497,20,0.16930,12,-0.6194,8,-1.2200,14,-0.4570
ENSG00000119688,ABCD4,2,-3.0127,30,1.00043,41,1.50587,3,-2.2620,12,-0.4049,19,0.29540,15,-0.0575,11,-0.5708,15,-0.0685
ENSG00000119655,NPC2,2,-5.1301,213,1.79250,231,1.94325,37,-1.0055,68,-0.1118,43,-0.8009,40,-0.9066,55,-0.4355,47,-0.8229
ENSG00000165898,ISCA2,45,0.64985,21,-0.5070,36,0.26970,3,-3.2109,26,-0.2337,20,-0.5765,48,0.73091,17,-0.8144,37,0.43409
ENSG00000119682,AREL1,2,-3.7085,14,-0.9701,1,-3.9197,24,-0.1170,24,-0.1367,41,0.72029,31,0.25398,21,-0.3259,39,0.94255
ENSG00000119616,FCF1,42,1.46047,35,1.14582,13,-0.4267,0,-4.6659,18,0.11950,14,-0.2948,6,-1.5208,13,-0.3980,16,-0.1935
ENSG00000119596,YLPM1,27,-0.6033,33,-0.3133,35,-0.2339,32,-0.3884,29,-0.5797,74,0.95509,58,0.54315,36,-0.2164,45,0.18962
ENSG00000119689,DLST,2,-2.8895,16,0.12879,20,0.46322,15,0.03923,15,0.01751,15,0.06570,30,1.14068,13,-0.1838,13,-0.3075
ENSG00000198208,RPS6KL1,2,-3.4303,9,-1.2743,9,-1.3540,42,1.08223,19,-0.1906,29,0.44174,31,0.55995,35,0.76112,21,-0.0168
ENSG00000119718,EIF2B2,2,-3.4258,29,0.48041,31,0.56022,7,-1.5966,20,-0.0802,24,0.18358,32,0.62978,24,0.16054,22,0.07768
ENSG00000119684,MLH3,2,-2.2974,22,1.27982,9,-0.0906,13,0.41181,9,-0.1819,13,0.41071,5,-1.0641,13,0.43875,8,-0.3019
ENSG00000119640,ACYP1,2,-4.0660,16,-1.0615,14,-1.3302,6,-2.3857,28,-0.2835,48,0.55087,54,0.75431,56,0.82088,46,0.69569
ENSG00000119638,NEK9,2,-3.0213,25,0.69160,21,0.40410,31,1.03917,15,-0.0976,17,0.09911,7,-1.1354,17,0.07375,15,-0.1832
ENSG00000170348,TMED10,79,-0.6477,277,1.35256,237,1.08522,108,-0.1833,102,-0.2909,121,-0.0081,104,-0.2369,75,-0.7346,93,-0.5266
ENSG00000170345,FOS,25,-0.1311,19,-0.5271,167,3.39002,4,-2.6278,21,-0.3992,5,-2.3494,18,-0.5790,5,-2.3219,16,-0.9354
ENSG00000140044,JDP2,2,-3.0784,10,-0.7254,13,-0.4133,10,-0.7568,14,-0.3319,13,-0.3675,17,0.01751,29,0.84588,24,0.83028
ENSG00000133935,ERG28,36,-0.5685,43,-0.3101,53,0.00625,42,-0.3436,43,-0.3439,44,-0.2777,70,0.46417,53,0.02243,64,0.42802
ENSG00000119650,IFT43,2,-3.6786,25,-0.0591,16,-0.7368,64,1.48497,25,-0.0054,23,-0.1593,18,-0.4969,16,-0.7298,30,0.31675
ENSG00000089916,GPATCH2L,2,-3.2365,21,0.05889,13,-0.6810,29,0.56933,23,0.23407,17,-0.2609,10,-1.0781,14,-0.5819,27,0.70429
ENSG00000071246,VASH1,2,-2.5761,27,1.31735,16,0.42854,8,-0.5476,11,-0.0352,15,0.32918,12,0.00840,1,-3.3158,13,0.13762
ENSG00000013523,ANGEL1,2,-2.4713,28,1.53327,13,0.21517,0,-4.0275,8,-0.4041,6,-0.8480,15,0.47869,6,-0.9042,14,0.49947
ENSG00000119669,IRF2BPL,2,-4.2490,24,-0.6863,21,-0.8676,14,-1.4627,43,0.20848,49,0.39829,50,0.43595,67,0.88901,45,0.37606
ENSG00000198894,CIPC,3,-4.2561,103,0.81091,91,0.61281,2,-4.5518,62,0.01070,82,0.43656,60,-0.0466,46,-0.4669,73,0.36390
ENSG00000165548,TMEM63C,42,1.34670,2,-2.8396,3,-2.3117,50,1.66555,17,-0.0769,21,0.23121,13,-0.4725,10,-0.8134,15,-0.4153
ENSG00000177108,ZDHHC22,2,-4.0973,5,-2.7762,8,-2.0911,79,1.35222,16,-1.1619,64,0.99212,24,-0.5541,75,1.27101,39,0.27709
ENSG00000009830,POMT2,2,-2.5999,24,1.09913,15,0.39705,21,0.85193,9,-0.4680,10,-0.3094,10,-0.3303,2,-2.1877,13,0.25160
ENSG00000100577,GSTZ1,2,-2.5213,31,1.61810,6,-0.9241,0,-4.0769,13,0.18817,12,0.03675,15,0.38609,15,0.41913,10,-0.1486
ENSG00000100580,TMED8,2,-3.8566,14,-1.0932,29,-0.0116,20,-0.5922,29,0.02185,34,0.23498,33,0.20550,32,0.16065,39,0.64444
ENSG00000100591,AHSA1,2,-5.6096,120,0.31714,101,0.04531,104,0.08079,79,-0.3686,100,0.02606,129,0.42832,100,0.03165,116,0.35912
ENSG00000100596,SPTLC2,18,-1.1048,158,2.46610,58,0.65141,1,-5.1629,30,-0.4243,27,-0.5190,19,-1.0310,23,-0.7398,33,-0.2769
ENSG00000119705,SLIRP,118,-1.4536,334,0.12192,264,-0.2433,329,0.09895,309,0.00181,232,-0.4422,322,0.06522,345,0.17144,364,0.35133
ENSG00000100603,SNW1,2,-3.8279,49,0.85556,38,0.45597,2,-3.6708,26,-0.1408,33,0.22364,26,-0.1172,27,-0.0756,35,0.45867
ENSG00000063761,ADCK1,2,-2.5833,10,-0.1863,2,-2.6139,8,-0.6130,9,-0.3591,16,0.43948,23,1.04461,5,-1.2796,17,0.86519
ENSG00000021645,NRXN3,40,-1.7522,30,-2.1683,37,-1.8787,283,1.27117,95,-0.5204,225,0.88592,137,0.08479,124,-0.0716,155,0.38622
ENSG00000211448,DIO2,2,-3.8427,2,-3.4520,18,-0.6636,3,-3.0396,74,1.84335,15,-0.9638,21,-0.4896,25,-0.2033,34,0.38555
ENSG00000165417,GTF2A1,40,-0.2270,39,-0.2791,47,0.03641,130,1.71852,33,-0.5608,42,-0.1566,36,-0.3627,31,-0.6191,43,-0.1662
ENSG00000140022,STON2,2,-3.2685,58,1.33555,96,2.28834,2,-3.4823,44,0.99835,15,-0.7303,3,-3.1497,16,-0.6716,12,-1.3592
ENSG00000071537,SEL1L,2,-4.8936,100,0.69567,78,0.28749,32,-1.0827,59,-0.1430,92,0.55030,60,-0.1058,63,-0.0288,74,0.28055
ENSG00000185070,FLRT2,50,0.03726,8,-2.6845,53,0.12388,35,-0.4844,42,-0.2369,89,0.97263,24,-1.0386,42,-0.2104,61,0.51602
ENSG00000054983,GALC,2,-4.1006,77,1.30706,48,0.52433,26,-0.4507,29,-0.3046,40,0.21941,35,0.02806,34,-0.0026,32,-0.1369
ENSG00000100722,ZC3H14,23,-0.6116,39,0.18459,36,0.03999,1,-4.4624,31,-0.1891,51,0.58235,27,-0.3995,22,-0.6779,48,0.71425
ENSG00000165533,TTC8,2,-3.3468,6,-1.7262,29,0.55229,13,-0.7091,7,-1.6675,17,-0.2825,29,0.58058,11,-0.9079,36,1.39152
ENSG00000053254,FOXN3,2,-3.6799,37,0.56698,49,1.01993,16,-0.7305,35,0.52057,35,0.50943,19,-0.4198,23,-0.1946,21,-0.4008
ENSG00000100764,PSMC1,112,-0.2792,81,-0.7774,132,-0.0296,166,0.32891,98,-0.5201,183,0.48884,216,0.75368,95,-0.5309,142,0.11026
ENSG00000119720,NRDE2,2,-2.5530,19,0.79804,43,2.21365,0,-4.1070,12,0.07839,14,0.34362,6,-0.8821,2,-2.6390,10,-0.3188
ENSG00000198668,CALM1,1537,-0.5678,1098,-1.0753,1715,-0.4003,2102,-0.0856,2100,-0.0949,3632,0.78807,2435,0.14438,1938,-0.2119,2554,0.30090
ENSG00000165914,TTC7B,128,1.12175,24,-1.4839,32,-1.0621,60,-0.1045,66,0.07156,75,0.25053,110,0.87671,38,-0.7973,58,-0.2057
ENSG00000100784,RPS6KA5,2,-2.7394,48,2.17117,21,0.71810,0,-4.2919,15,0.18058,16,0.32267,3,-1.8845,2,-2.5486,12,-0.1314
ENSG00000133943,DGLUCY,83,1.03632,23,-0.9521,85,1.06838,67,0.66650,34,-0.4275,36,-0.3019,23,-0.9635,37,-0.2632,37,-0.3477
ENSG00000100796,PPP4R3A,38,0.41100,27,-0.1133,54,0.99401,54,0.98773,21,-0.4936,27,-0.1214,15,-0.9362,13,-1.1895,27,-0.1779
ENSG00000100815,TRIP11,2,-3.4444,46,1.18961,40,0.97604,0,-4.9934,25,0.25778,30,0.47922,17,-0.3425,13,-0.7247,21,-0.0736
ENSG00000066427,ATXN3,2,-2.7312,15,0.22159,6,-1.1142,0,-4.2844,17,0.44709,25,1.01814,20,0.65245,7,-1.0101,15,0.33440
ENSG00000183648,NDUFB1,471,-0.3391,474,-0.3310,393,-0.6166,781,0.45262,612,0.07243,384,-0.6501,626,0.10241,703,0.28526,642,0.19315
ENSG00000165934,CPSF2,75,1.71285,38,0.55631,37,0.50971,3,-3.0630,18,-0.6262,26,-0.0384,17,-0.6804,24,-0.1366,22,-0.3389
ENSG00000100600,LGMN,56,-0.6788,25,-1.8417,71,-0.3096,213,1.46654,46,-1.0300,158,0.95411,79,-0.1586,152,0.89144,72,-0.3883
ENSG00000066455,GOLGA5,58,1.41222,27,0.15053,21,-0.2440,6,-1.9304,16,-0.6858,30,0.33445,32,0.45611,21,-0.2041,22,-0.1927
ENSG00000100604,CHGA,300,0.39741,9,-4.6917,122,-0.9840,851,2.22306,131,-0.9456,392,0.82899,183,-0.3751,275,0.25594,160,-0.7304
ENSG00000100605,ITPK1,2,-5.9727,201,0.72635,165,0.40810,88,-0.5598,151,0.29913,233,0.97818,123,-0.0452,127,0.00381,103,-0.4245
ENSG00000165943,MOAP1,81,-2.4279,36,-3.6138,185,-1.2142,559,0.48899,233,-0.9244,830,1.14275,661,0.76011,586,0.56452,484,0.35472
ENSG00000153485,TMEM251,2,-2.7301,24,0.91866,27,1.16665,34,1.53468,11,-0.3432,17,0.37238,5,-1.4797,3,-1.8526,9,-0.6131
ENSG00000170270,GON7,2,-2.3435,4,-1.2487,7,-0.4283,2,-2.2119,13,0.45884,21,1.17592,12,0.31619,2,-2.3707,13,0.61940
ENSG00000012963,UBR7,36,0.19218,27,-0.2842,24,-0.4611,52,0.75253,22,-0.6115,89,1.68735,29,-0.1332,7,-2.1595,27,-0.3244
ENSG00000011114,BTBD7,32,1.51092,19,0.70239,11,-0.2260,10,-0.3145,15,0.33942,18,0.55463,5,-1.4211,10,-0.2555,7,-1.1396
ENSG00000133958,UNC79,5,-1.6270,2,-2.5934,11,-0.5460,1,-3.2175,10,-0.8456,33,1.11117,20,0.27441,21,0.37811,25,0.95903
ENSG00000089737,DDX24,64,-2.0364,135,-0.9262,181,-0.4837,343,0.51678,183,-0.4963,322,0.41889,343,0.51632,307,0.33914,289,0.33378
ENSG00000165948,IFI27L1,50,0.20466,17,-1.3811,59,0.46751,37,-0.2419,34,-0.4225,58,0.44693,34,-0.3667,48,0.15871,49,0.24472
ENSG00000165949,IFI27,113,1.03651,41,-0.5424,183,1.89910,32,-0.9201,129,1.47324,25,-1.2824,8,-2.9058,27,-1.1910,20,-1.9093
ENSG00000119632,IFI27L2,59,-1.2878,254,0.97319,243,0.90185,90,-0.6646,143,0.05434,55,-1.3973,105,-0.4249,185,0.45312,131,-0.1120
ENSG00000119698,PPP4R4,4,-3.1009,2,-4.1847,20,-0.9230,53,0.56120,18,-1.1646,14,-1.4168,61,0.79936,41,0.16072,62,1.26843
ENSG00000196136,SERPINA3,2,-2.7522,121,4.66261,38,1.73097,0,-4.3059,7,-1.0438,0,-8.4385,0,-4.4120,0,-5.5391,0,-8.2915
ENSG00000100697,DICER1,2,-4.0017,90,1.71033,40,0.33777,23,-0.4999,26,-0.3171,36,0.16307,28,-0.1829,27,-0.2782,30,-0.1623
ENSG00000165959,CLMN,2,-3.0214,98,3.34638,33,1.15380,0,-4.5731,15,-0.1043,11,-0.5141,6,-1.4836,3,-2.5424,6,-1.5937
ENSG00000247092,SNHG10,2,-3.0348,25,0.65369,16,0.00476,16,0.00298,22,0.47988,15,-0.0765,5,-1.5743,4,-1.8757,21,0.55400
ENSG00000182512,GLRX5,70,-0.4529,58,-0.7352,60,-0.6989,87,-0.1144,107,0.22209,88,-0.0970,105,0.17090,137,0.59450,101,0.14723
ENSG00000250366,TUNAR,2,-3.3475,0,-5.7594,0,-8.1931,26,0.38160,11,-1.0187,10,-1.0769,3,-2.5311,2,-2.9275,50,2.72986
ENSG00000227051,C14orf132,3,-5.1130,94,-0.2851,64,-0.8634,89,-0.3680,99,-0.2343,25,-2.2210,184,0.76959,131,0.23118,171,0.96305
ENSG00000066739,ATG2B,2,-4.0755,26,-0.3910,12,-1.5183,61,0.92945,18,-0.9848,40,0.24947,38,0.19295,52,0.69128,43,0.52606
ENSG00000100744,GSKIP,3,-4.0470,25,-1.2506,24,-1.2998,4,-3.7350,39,-0.6422,158,1.66914,104,0.94482,54,-0.1103,75,0.57562
ENSG00000090060,PAPOLA,132,0.50133,84,-0.2100,146,0.65387,106,0.15381,65,-0.6379,77,-0.3505,100,0.05619,84,-0.2209,98,0.04313
ENSG00000100749,VRK1,2,-2.9345,10,-0.6617,14,-0.1154,4,-1.8962,16,0.11647,59,2.31028,9,-0.8388,8,-0.8872,15,-0.0447
ENSG00000127152,BCL11B,2,-4.0103,0,-5.7132,21,-0.6405,77,1.41252,38,0.29338,77,1.42399,40,0.34377,34,0.06043,23,-0.6525
ENSG00000183576,SETD3,2,-4.7342,74,0.48174,22,-1.3760,50,-0.1491,50,-0.1608,44,-0.3230,73,0.45931,36,-0.6276,78,0.79457
ENSG00000090061,CCNK,2,-3.2678,26,0.49174,18,-0.1207,37,1.02680,17,-0.1851,25,0.43918,13,-0.5378,15,-0.3481,20,0.04973
ENSG00000205476,CCDC85C,2,-2.4179,16,0.63820,11,0.08137,0,-3.9746,20,1.14059,0,-5.4537,6,-0.8703,1,-2.7404,15,0.81951
ENSG00000182218,HHIPL1,2,-2.2025,6,-0.6289,0,-7.0618,0,-3.7607,18,1.18489,6,-0.6401,8,-0.1972,8,-0.0905,13,0.82660
ENSG00000036530,CYP46A1,129,0.26979,20,-2.4890,56,-0.9924,77,-0.5239,91,-0.2969,83,-0.4009,132,0.30816,67,-0.7329,165,0.99392
ENSG00000066629,EML1,34,1.25184,48,1.85622,6,-1.3910,1,-3.2887,10,-0.7456,10,-0.6414,16,0.01122,6,-1.3814,16,-0.0090
ENSG00000196405,EVL,87,-1.0821,58,-1.6712,103,-0.8315,230,0.40909,175,-0.0245,247,0.52532,258,0.59164,184,0.06038,197,0.22592
ENSG00000100811,YY1,189,1.17759,94,0.04840,54,-0.8003,199,1.26739,58,-0.7348,114,0.34758,86,-0.0970,55,-0.7696,70,-0.5243
ENSG00000197119,SLC25A29,2,-3.5817,40,0.82692,43,0.92057,2,-3.3052,28,0.26718,46,1.03316,12,-0.9813,16,-0.5747,23,-0.0457
ENSG00000140105,WARS,85,-0.3158,23,-2.2469,70,-0.6125,103,-0.0119,61,-0.8636,126,0.30433,223,1.24496,123,0.26770,119,0.28773
ENSG00000176473,WDR25,2,-2.4183,9,-0.2796,12,0.18250,11,0.11085,7,-0.6441,18,0.79915,12,0.24998,5,-0.9848,13,0.52472
ENSG00000183092,BEGAIN,2,-4.0331,4,-2.9512,19,-0.8341,52,0.71866,31,-0.0795,53,0.76813,37,0.20364,25,-0.4193,43,0.59522
ENSG00000214548,MEG3,379,-0.5000,26,-4.4111,74,-2.9087,478,-0.1421,552,0.08668,1230,1.40093,532,0.02237,702,0.46193,573,0.18765
ENSG00000225746,MEG8,2,-2.6581,0,-4.1983,0,-4.8042,0,-4.2125,20,0.81755,14,0.21822,27,1.24120,5,-1.4127,18,0.87473
ENSG00000078304,PPP2R5C,310,0.95084,131,-0.4130,138,-0.3358,213,0.33837,145,-0.2897,226,0.43389,148,-0.2296,139,-0.3319,160,-0.1500
ENSG00000197102,DYNC1H1,47,-2.9496,217,-0.7004,185,-0.9375,619,0.95348,260,-0.4555,465,0.48423,468,0.49586,461,0.47064,367,0.14660
ENSG00000080824,HSP90AA1,1142,-1.0909,1852,-0.3583,1438,-0.7438,2695,0.22561,1868,-0.3729,3569,0.67747,3453,0.62321,2868,0.32459,2399,0.05687
ENSG00000140153,WDR20,2,-3.1666,39,1.23545,34,1.03920,9,-0.9840,13,-0.4694,10,-0.7988,16,-0.1568,31,0.88449,16,-0.2252
ENSG00000080823,MOK,33,1.30156,6,-1.1796,5,-1.5650,41,1.69947,12,-0.2850,18,0.32510,10,-0.6104,4,-1.7454,12,-0.3895
ENSG00000100865,CINP,2,-4.5699,63,0.43368,65,0.49713,72,0.64063,36,-0.4500,56,0.25277,47,-0.0256,58,0.31444,46,-0.0678
ENSG00000196663,TECPR2,90,1.46368,38,0.04815,22,-0.7670,1,-4.9688,32,-0.2279,69,0.99967,46,0.36897,22,-0.7740,31,-0.3121
ENSG00000156381,ANKRD9,2,-4.2733,31,-0.3575,58,0.64111,6,-2.5873,48,0.36543,17,-1.1918,50,0.40652,30,-0.4010,53,0.71695
ENSG00000131323,TRAF3,2,-3.2809,12,-0.7129,17,-0.2023,4,-2.1859,24,0.34816,23,0.24759,20,0.08363,33,0.81788,23,0.40456
ENSG00000198752,CDC42BPB,123,0.79409,60,-0.3319,52,-0.5658,81,0.11671,69,-0.1439,79,0.07705,70,-0.1001,90,0.27950,70,-0.1261
ENSG00000100664,EIF5,29,-2.9619,177,-0.3010,172,-0.3452,221,0.04572,209,-0.0424,266,0.33876,285,0.44512,282,0.43108,235,0.19371
ENSG00000075413,MARK3,3,-4.0845,54,-0.1636,59,-0.0300,113,1.01198,52,-0.2607,91,0.65654,57,-0.0997,60,-0.0095,61,0.01596
ENSG00000166165,CKB,1002,-0.6579,1053,-0.5825,2101,0.49646,878,-0.8579,1662,0.13524,1245,-0.3253,1903,0.33814,1564,0.02822,1725,0.24839
ENSG00000166166,TRMT61A,2,-3.3441,26,0.38570,13,-0.6811,22,0.14799,18,-0.1748,26,0.41030,24,0.28879,26,0.39453,22,0.14949
ENSG00000166170,BAG5,4,-3.1805,23,-0.6064,23,-0.6205,47,0.48611,32,-0.0938,86,1.50965,25,-0.4602,43,0.34806,32,-0.1029
ENSG00000126214,KLC1,354,-0.8125,119,-2.4277,221,-1.5180,605,0.00874,367,-0.8107,717,0.27575,1134,1.02502,664,0.15508,818,0.69455
ENSG00000256053,COA8,21,-1.7158,54,-0.3000,69,0.06269,83,0.36877,69,0.08474,70,0.08681,72,0.14074,50,-0.4300,75,0.27240
ENSG00000269958,AL049840.5,64,3.00337,24,1.09479,16,0.44077,0,-4.1432,14,0.27643,13,0.11179,0,-4.2804,1,-3.6287,2,-2.6070
ENSG00000100711,ZFYVE21,2,-5.2303,68,-0.1811,193,1.51873,67,-0.1975,72,-0.1007,89,0.24373,66,-0.2297,86,0.17478,70,-0.1804
ENSG00000088808,PPP1R13B,2,-3.4594,4,-2.3774,2,-3.0330,0,-5.0073,24,0.14504,22,-0.0001,24,0.12237,32,0.60929,38,1.30720
ENSG00000156411,ATP5MPL,424,-0.7103,382,-0.8685,490,-0.4892,494,-0.4767,716,0.10617,539,-0.3439,904,0.46670,861,0.38906,806,0.39223
ENSG00000258986,TMEM179,61,1.26405,6,-2.1959,5,-2.5349,49,0.89232,17,-0.8215,35,0.35561,29,0.06071,27,-0.0311,29,0.09724
ENSG00000203485,INF2,2,-5.4547,223,1.43839,86,-0.1219,43,-1.1569,87,-0.1105,195,1.20678,135,0.59267,65,-0.5575,71,-0.5246
ENSG00000184990,SIVA1,40,-0.9097,76,0.05005,124,0.82488,20,-1.9503,61,-0.3042,89,0.28878,68,-0.1208,74,0.00799,86,0.33436
ENSG00000142208,AKT1,53,0.39032,40,-0.0524,27,-0.6617,18,-1.2596,45,0.16455,45,0.14120,30,-0.4926,42,0.04640,48,0.30764
ENSG00000099814,CEP170B,2,-5.3209,7,-3.5980,26,-1.6900,118,0.60137,80,-0.0014,121,0.64923,79,-0.0283,127,0.72512,102,0.51091
ENSG00000166428,PLD4,2,-2.6274,43,2.12890,30,1.43644,0,-3.8440,23,1.12228,10,-0.2953,1,-3.5452,6,-1.0099,5,-1.5001
ENSG00000185567,AHNAK2,75,1.21523,1,-4.3273,0,-6.0368,46,0.40673,24,-0.6238,20,-0.8381,93,1.59009,43,0.29958,33,-0.1265
ENSG00000184916,JAG2,3,-2.2942,2,-2.9599,25,0.75354,7,-1.1041,13,-0.3291,23,0.60844,38,1.44340,25,0.73818,13,-0.2927
ENSG00000183828,NUDT14,21,-1.8673,28,-1.4362,44,-0.7677,75,0.02930,64,-0.2225,57,-0.3891,139,1.02158,89,0.29006,94,0.53029
ENSG00000185024,BRF1,2,-3.8333,34,0.26900,56,1.07343,18,-0.6829,29,0.00299,41,0.55039,29,0.00453,21,-0.4837,29,0.00288
ENSG00000184887,BTBD6,144,1.32826,20,-1.6986,23,-1.5277,29,-1.1660,58,-0.1540,40,-0.6947,77,0.29765,58,-0.1468,80,0.49844
ENSG00000179364,PACS2,2,-4.9922,218,2.07536,78,0.30109,44,-0.5770,73,0.21918,38,-0.7782,32,-1.0449,81,0.37299,49,-0.5392
ENSG00000182979,MTA1,2,-3.2705,25,-0.0820,39,0.62689,21,-0.3667,26,-0.0243,29,0.15206,26,-0.0275,37,0.52773,28,0.11216
ENSG00000182809,CRIP2,107,-0.7160,54,-1.7362,165,-0.0569,94,-0.9182,184,0.12815,301,0.90822,268,0.71589,122,-0.5213,186,0.17836
ENSG00000184986,TMEM121,72,1.22925,25,-0.4428,40,0.28024,10,-1.8261,23,-0.6000,65,1.05673,34,0.03230,11,-1.5915,33,-0.0274
ENSG00000274253,AC138649.1,2,-4.3024,22,-0.9031,19,-1.1148,31,-0.3775,46,0.26793,27,-0.5930,84,1.21521,30,-0.4367,52,0.60738
ENSG00000170113,NIPA1,84,0.21510,126,0.86220,53,-0.5137,31,-1.2853,47,-0.7268,72,-0.0395,99,0.45865,94,0.38140,76,0.06505
ENSG00000140157,NIPA2,44,0.24461,19,-0.9948,18,-1.1458,5,-2.8935,27,-0.5452,46,0.29696,55,0.60457,62,0.78538,47,0.46919
ENSG00000273749,CYFIP1,70,0.87690,61,0.65595,112,1.70787,2,-4.1008,48,0.30225,30,-0.4641,20,-1.0745,21,-0.9961,28,-0.7058
ENSG00000275835,TUBGCP5,2,-2.7530,11,-0.2733,0,-5.2405,2,-2.3088,11,-0.3580,17,0.37116,15,0.15847,13,0.00939,23,1.28850
ENSG00000182636,NDN,97,-0.9107,89,-1.0385,173,-0.0355,353,1.12062,96,-0.9903,273,0.69443,153,-0.2213,217,0.32772,187,0.12141
ENSG00000128739,SNRPN,841,0.03033,263,-1.7259,485,-0.8143,860,0.06484,633,-0.4408,1003,0.30834,1336,0.77153,1167,0.55132,875,0.12562
ENSG00000224078,SNHG14,277,-0.2060,113,-1.5560,231,-0.4843,269,-0.2500,299,-0.0952,420,0.44865,355,0.18069,396,0.35504,363,0.29695
ENSG00000114062,UBE3A,64,-0.3296,44,-0.8914,40,-1.0430,152,1.05741,56,-0.5574,116,0.61987,109,0.50916,80,0.02212,77,-0.0482
ENSG00000166206,GABRB3,78,-0.9800,11,-3.8461,27,-2.5061,146,-0.0182,71,-1.1850,357,1.45167,198,0.45862,151,0.03428,203,0.71710
ENSG00000186297,GABRA5,50,-1.7149,8,-4.3761,39,-2.0630,18,-3.1980,97,-0.7670,376,1.45681,246,0.73418,148,-0.0739,235,0.96701
ENSG00000182256,GABRG3,30,0.57523,0,-5.3263,8,-1.3595,13,-0.6812,12,-0.8559,27,0.44554,18,-0.2424,46,1.28084,25,0.45890
ENSG00000128731,HERC2,2,-4.5965,44,-0.1709,45,-0.1297,14,-1.8061,52,0.09785,78,0.75473,67,0.49676,56,0.22899,56,0.29738
ENSG00000034053,APBA2,52,-1.7619,81,-1.1127,111,-0.6272,217,0.40568,106,-0.7504,228,0.48498,280,0.82271,195,0.23777,201,0.39214
ENSG00000104059,FAM189A1,2,-2.9443,2,-2.7534,0,-7.7936,15,-0.0485,15,-0.0176,11,-0.5057,30,1.09201,18,0.27865,23,0.89082
ENSG00000185115,NSMCE3,34,-0.1734,23,-0.7522,45,0.25520,31,-0.3153,24,-0.7577,41,0.11994,55,0.55593,60,0.71192,40,0.09206
ENSG00000104067,TJP1,2,-4.9049,211,2.13632,167,1.68808,16,-2.0026,67,0.17733,55,-0.1458,20,-1.6458,57,-0.0869,31,-1.2464
ENSG00000198690,FAN1,64,1.15605,42,0.44123,18,-0.8679,22,-0.5513,23,-0.5242,33,0.07011,26,-0.2924,43,0.47889,29,-0.1654
ENSG00000166912,MTMR10,84,1.03130,197,2.62866,103,1.37563,0,-5.9722,51,0.25321,17,-1.4618,7,-2.6937,15,-1.6451,12,-2.1836
ENSG00000169926,KLF13,2,-4.7484,99,0.97039,72,0.45957,56,0.05983,59,0.15171,84,0.69080,45,-0.2881,46,-0.2344,45,-0.3603
ENSG00000169918,OTUD7A,2,-3.8984,43,0.58706,15,-1.0155,38,0.38649,23,-0.3968,45,0.64582,19,-0.6456,40,0.46584,34,0.30777
ENSG00000166922,SCG5,227,-0.9313,149,-1.5513,143,-1.6191,572,0.50338,214,-1.0808,599,0.57592,676,0.77413,541,0.41371,520,0.48889
ENSG00000166923,GREM1,2,-2.0090,53,3.56868,6,-0.3278,0,-3.5705,9,0.30624,3,-1.3954,1,-3.0243,0,-4.0116,4,-0.9810
ENSG00000198838,RYR3,2,-2.8320,5,-1.4592,60,2.49919,11,-0.4299,21,0.73153,46,1.97194,1,-3.1859,10,-0.4430,1,-3.5973
ENSG00000134153,EMC7,2,-5.3818,111,0.43306,111,0.44059,65,-0.3960,71,-0.2903,82,-0.0316,92,0.13324,76,-0.1618,103,0.45041
ENSG00000134152,KATNBL1,4,-2.3022,22,0.27855,33,0.87338,0,-4.7848,19,0.00361,21,0.13854,29,0.70201,12,-0.6506,21,0.26502
ENSG00000128463,EMC4,105,-0.7793,134,-0.4131,183,0.07017,230,0.43158,109,-0.7777,155,-0.1855,212,0.30497,241,0.50335,199,0.27794
ENSG00000140199,SLC12A6,45,1.02245,26,0.14245,15,-0.6764,10,-1.3244,20,-0.2985,30,0.36127,13,-0.8305,30,0.39715,24,0.08306
ENSG00000182117,NOP10,104,-0.1932,89,-0.4230,115,-0.0254,82,-0.5534,113,-0.0650,102,-0.2231,133,0.19857,117,-0.0018,139,0.37306
ENSG00000176454,LPCAT4,132,0.91996,4,-4.1001,14,-2.4831,94,0.36079,39,-1.0471,84,0.18767,120,0.76210,70,-0.1011,93,0.48895
ENSG00000175265,GOLGA8A,2,-3.9333,3,-3.1067,17,-0.8647,19,-0.7366,26,-0.2826,47,0.68726,50,0.78512,35,0.21679,43,0.77148
ENSG00000215252,GOLGA8B,2,-3.8159,5,-2.4921,24,-0.2317,36,0.39030,23,-0.3263,59,1.17946,43,0.64998,27,-0.0586,31,0.21073
ENSG00000021776,AQR,2,-3.4322,21,-0.0453,22,0.06301,47,1.26322,21,-0.0073,11,-0.9343,21,-0.0167,28,0.39296,21,-0.0446
ENSG00000198146,ZNF770,41,-0.2397,28,-0.8114,72,0.64503,53,0.14772,36,-0.4950,53,0.16113,46,-0.0752,48,-0.0111,53,0.21146
ENSG00000134138,MEIS2,15,-1.0718,13,-1.2339,36,0.26401,15,-1.0629,36,0.28553,156,2.95502,8,-1.8832,12,-1.3814,17,-1.1044
ENSG00000166068,SPRED1,47,-0.4333,63,0.01486,48,-0.4120,34,-0.9129,56,-0.1657,79,0.37018,64,0.03773,59,-0.0869,76,0.43070
ENSG00000171262,FAM98B,2,-4.2731,43,0.16963,18,-1.1244,33,-0.2247,37,-0.0993,44,0.17973,42,0.12728,46,0.26196,51,0.59101
ENSG00000172575,RASGRP1,8,-3.0780,2,-5.1498,28,-1.3172,43,-0.7224,45,-0.6917,321,2.75238,91,0.45730,71,0.06351,59,-0.3099
ENSG00000166073,GPR176,2,-4.0991,3,-3.2751,24,-0.5170,65,1.01997,25,-0.4972,45,0.43735,35,0.02836,55,0.75735,41,0.40034
ENSG00000128829,EIF2AK4,2,-3.9158,22,-0.4578,27,-0.1929,2,-3.5444,29,-0.0535,39,0.40591,40,0.43793,44,0.58578,40,0.59192
ENSG00000140319,SRP14,147,-1.8783,558,0.13354,585,0.20810,472,-0.1299,491,-0.0720,409,-0.3481,607,0.26639,668,0.41762,559,0.18290
ENSG00000137843,PAK6,2,-3.7674,3,-3.1075,3,-3.2462,35,0.37927,30,0.15757,45,0.79770,21,-0.4255,33,0.31602,38,0.76504
ENSG00000259330,INAFM2,2,-3.2433,10,-0.9980,24,0.37568,0,-4.6744,21,0.19220,33,0.89657,13,-0.5677,17,-0.1213,26,0.70256
ENSG00000140323,DISP2,2,-4.1654,0,-7.2736,12,-1.6391,69,1.05520,17,-1.1823,40,0.18227,38,0.08698,50,0.51357,56,1.01386
ENSG00000128928,IVD,9,-1.9777,45,0.50004,46,0.53790,3,-3.3619,43,0.45003,26,-0.3758,28,-0.2424,32,-0.0649,39,0.33347
ENSG00000140320,BAHD1,2,-2.9818,14,-0.1469,8,-1.0421,45,1.73844,18,0.26504,10,-0.7166,28,0.91174,4,-2.0293,14,-0.1926
ENSG00000128891,CCDC32,2,-2.9794,13,-0.2867,9,-0.9159,35,1.21908,10,-0.7237,20,0.31833,22,0.47984,11,-0.6154,20,0.41335
ENSG00000137824,RMDN3,2,-4.5989,58,0.27820,32,-0.6557,20,-1.3525,58,0.28682,40,-0.3081,42,-0.2261,63,0.39291,66,0.66398
ENSG00000137880,GCHFR,2,-2.7337,3,-1.8783,3,-2.0884,1,-3.6830,16,0.38532,2,-2.8482,17,0.42329,13,0.02678,24,1.50429
ENSG00000166140,ZFYVE19,2,-2.9368,24,0.69441,20,0.45120,3,-2.1937,14,-0.1637,18,0.23993,16,0.12812,35,1.34773,13,-0.3200
ENSG00000104142,VPS18,2,-3.6081,12,-1.0296,22,-0.1343,19,-0.3916,15,-0.7298,26,0.10298,47,1.03235,39,0.72523,30,0.43938
ENSG00000128965,CHAC1,2,-2.4973,0,-3.7702,0,-7.3519,0,-3.9510,10,-0.2394,16,0.52385,16,0.57451,10,-0.1348,20,1.47177
ENSG00000187446,CHP1,2,-5.6685,57,-0.9226,65,-0.7245,103,-0.0251,93,-0.1942,80,-0.4221,123,0.24766,128,0.31541,155,0.89723
ENSG00000247556,OIP5-AS1,117,-0.3482,104,-0.5267,125,-0.2521,142,-0.0511,152,0.05620,111,-0.4312,97,-0.6379,222,0.65421,172,0.34031
ENSG00000137806,NDUFAF1,2,-4.0583,23,-0.5324,28,-0.2928,9,-1.9187,33,-0.0113,45,0.46393,65,1.06000,43,0.39387,38,0.29368
ENSG00000137815,RTF1,2,-5.2725,50,-0.6880,81,0.05367,55,-0.5236,73,-0.0984,140,0.94610,90,0.22896,63,-0.3251,96,0.46002
ENSG00000137825,ITPKA,2,-4.7748,1,-4.9685,4,-3.5965,29,-0.9874,37,-0.6440,49,-0.1837,67,0.30885,25,-1.1784,116,2.03441
ENSG00000103932,RPAP1,2,-2.6019,9,-0.4410,13,0.15435,0,-4.1490,13,0.12598,21,0.88304,12,0.05720,2,-2.7430,18,0.87006
ENSG00000092445,TYRO3,69,-0.7526,120,0.10443,102,-0.1515,21,-2.5100,83,-0.5053,230,1.15991,173,0.69052,79,-0.5408,125,0.23350
ENSG00000174197,MGA,2,-2.3027,20,1.13727,2,-2.3809,0,-3.8606,12,0.36072,12,0.27387,14,0.52177,6,-0.6872,12,0.40307
ENSG00000137802,MAPKBP1,75,2.42566,8,-1.2675,2,-2.9735,1,-4.2307,14,-0.3920,33,0.93870,12,-0.6105,5,-1.9490,18,0.01600
ENSG00000243789,JMJD7,38,1.40944,11,-0.4901,13,-0.3080,26,0.76497,11,-0.6225,35,1.25827,14,-0.1778,2,-2.6186,11,-0.6408
ENSG00000243708,PLA2G4B,59,2.50509,11,-0.3293,2,-2.4076,0,-4.3458,12,-0.1837,14,0.03561,12,-0.2474,31,1.29456,6,-1.3886
ENSG00000166887,VPS39,111,1.13432,43,-0.3909,31,-0.8697,102,0.98011,29,-1.0184,44,-0.3609,60,0.12696,37,-0.6293,58,0.10223
ENSG00000103978,TMEM87A,81,1.04578,126,1.83170,48,0.20954,63,0.65376,22,-1.0358,41,-0.0283,34,-0.3274,22,-0.9913,22,-1.2101
ENSG00000092529,CAPN3,2,-4.9108,460,3.87450,171,1.62548,4,-3.9619,44,-0.6148,33,-0.9913,8,-2.9697,20,-1.6993,11,-2.9195
ENSG00000103994,ZNF106,2,-4.7776,55,-0.0131,81,0.60169,69,0.34839,63,0.21996,87,0.72013,41,-0.4402,54,-0.0365,51,-0.1638
ENSG00000092531,SNAP23,2,-2.2081,34,2.21301,16,0.91461,0,-3.7671,13,0.68280,10,0.19076,4,-1.2927,8,-0.0988,4,-1.4030
ENSG00000180979,LRRC57,2,-2.8866,8,-0.9381,7,-1.0713,13,-0.1659,16,0.13015,20,0.50752,24,0.74492,10,-0.5674,19,0.53812
ENSG00000137814,HAUS2,2,-2.6161,19,0.71158,1,-3.3572,10,-0.3483,12,0.03922,21,0.83382,10,-0.3303,4,-1.5402,17,0.70574
ENSG00000128881,TTBK2,6,-2.7427,28,-0.5195,27,-0.5862,2,-3.9045,32,-0.3287,43,0.14262,44,0.17800,37,-0.1088,65,1.20485
ENSG00000159459,UBR1,2,-3.4116,11,-0.9414,2,-3.0833,24,0.21185,14,-0.6203,31,0.61868,35,0.78125,20,-0.1068,30,0.80193
ENSG00000137842,TMEM62,2,-2.3497,12,0.24650,4,-1.2313,0,-3.9071,8,-0.3361,16,0.70210,6,-0.7981,5,-1.0970,17,1.31797
ENSG00000166946,CCNDBP1,95,0.50619,51,-0.4689,16,-2.1766,25,-1.5269,46,-0.6681,79,0.21451,96,0.51714,72,0.07144,93,0.66432
ENSG00000168803,ADAL,2,-2.4457,13,0.32620,28,1.53297,0,-4.0022,14,0.50822,2,-2.1995,9,-0.2633,4,-1.3969,13,0.41440
ENSG00000137822,TUBGCP4,2,-2.8612,11,-0.3942,17,0.30037,0,-4.4074,9,-0.6666,9,-0.6573,25,0.89423,18,0.33013,21,0.88135
ENSG00000067369,TP53BP1,2,-4.9734,31,-1.0558,32,-1.0336,112,0.90902,45,-0.5638,101,0.75005,77,0.30704,79,0.34946,75,0.35547
ENSG00000166963,MAP1A,190,-1.3488,200,-1.2737,231,-1.0577,454,-0.0298,751,0.87074,507,0.14220,391,-0.2613,411,-0.1823,532,0.30140
ENSG00000168781,PPIP5K1,2,-2.6327,6,-0.9991,1,-3.1484,0,-4.0832,11,-0.1827,12,-0.0440,8,-0.6339,23,0.95965,21,1.33879
ENSG00000237289,CKMT1B,36,-0.5216,0,-7.9609,6,-3.0582,60,0.25501,36,-0.5390,62,0.32461,119,1.40128,31,-0.7515,68,0.65181
ENSG00000223572,CKMT1A,115,0.89289,3,-4.3977,12,-2.5232,87,0.44020,44,-0.6778,53,-0.3460,117,0.92239,80,0.30257,76,0.29589
ENSG00000167004,PDIA3,149,0.29037,194,0.71162,200,0.76521,95,-0.4107,92,-0.4874,162,0.41973,129,0.05861,86,-0.5612,103,-0.3694
ENSG00000140264,SERF2,551,-0.0796,1014,0.89788,1008,0.88807,459,-0.3628,681,0.27709,444,-0.4139,559,-0.0574,344,-0.8013,450,-0.5022
ENSG00000140259,MFAP1,2,-3.7995,26,-0.1021,50,0.92355,26,-0.0776,30,0.14247,35,0.37160,35,0.35103,13,-1.1838,29,0.05851
ENSG00000171877,FRMD5,2,-3.0729,53,1.89949,21,0.31781,25,0.63592,11,-0.6085,7,-1.3092,2,-2.8419,12,-0.5389,18,0.20962
ENSG00000166734,CASC4,115,0.49680,107,0.38127,95,0.19775,29,-1.5735,83,-0.0277,85,0.02750,73,-0.2052,74,-0.1906,87,0.06445
ENSG00000137770,CTDSPL2,13,-0.1363,15,0.02761,11,-0.4112,2,-2.6453,11,-0.4451,22,0.68593,12,-0.3094,7,-1.0799,21,0.83464
ENSG00000179523,EIF3J-DT,108,2.48594,14,-0.8877,20,-0.3953,52,1.14907,16,-0.7849,8,-1.6624,23,-0.1871,16,-0.6838,15,-0.9745
ENSG00000104131,EIF3J,20,-2.1470,145,0.84838,161,1.01880,83,-0.0491,95,0.17925,80,-0.1032,89,0.07277,80,-0.0909,65,-0.5232
ENSG00000104133,SPG11,36,0.85917,28,0.47687,13,-0.7021,25,0.28271,12,-0.8685,27,0.40794,19,-0.1048,29,0.54040,17,-0.3855
ENSG00000166710,B2M,500,0.00912,1113,1.31925,1884,2.30208,562,0.19240,613,0.36392,321,-0.6728,85,-2.6381,205,-1.3484,142,-2.2022
ENSG00000185880,TRIM69,2,-3.7816,31,0.17610,97,2.13416,9,-1.5882,30,0.13551,16,-0.7755,29,0.07103,27,-0.0343,22,-0.4578
ENSG00000140263,SORD,2,-2.8610,27,1.02080,14,-0.0063,0,-4.4138,11,-0.4298,12,-0.3254,16,0.14133,17,0.21569,19,0.64387
ENSG00000138606,SHF,7,-1.7794,3,-2.8037,23,0.03042,42,0.96384,19,-0.3483,23,-0.0090,51,1.29410,28,0.31557,21,-0.1843
ENSG00000171766,GATM,56,-1.2802,319,1.47852,418,1.97369,67,-0.9987,140,0.13277,61,-1.1406,52,-1.3912,100,-0.4004,84,-0.8397
ENSG00000104154,SLC30A4,2,-2.3022,16,0.79200,3,-1.6158,1,-3.1547,7,-0.5690,11,0.15244,13,0.41402,7,-0.4850,15,1.00511
ENSG00000104164,BLOC1S6,25,-1.5231,37,-0.9618,20,-1.8416,113,0.75404,55,-0.4163,62,-0.1910,75,0.11316,71,0.02837,100,0.79801
ENSG00000137872,SEMA6D,2,-3.6577,52,1.16006,31,0.34285,0,-5.2059,23,-0.1836,12,-1.0562,8,-1.6910,7,-1.9020,43,1.25719
ENSG00000104177,MYEF2,97,1.05993,43,-0.2380,55,0.13202,47,-0.1051,37,-0.5085,55,0.14337,54,0.12664,37,-0.4800,48,-0.1007
ENSG00000233932,CTXN2,2,-3.2065,2,-2.8271,2,-2.7645,48,1.57398,14,-0.4671,18,-0.0490,35,1.01110,19,0.02993,21,0.31195
ENSG00000128951,DUT,133,0.43534,132,0.42959,105,0.07334,16,-2.6806,84,-0.2938,94,-0.1023,134,0.45483,112,0.16615,103,0.05021
ENSG00000255302,EID1,413,0.22024,318,-0.1864,392,0.13718,482,0.46623,249,-0.6057,389,0.12710,398,0.16392,318,-0.1867,364,0.03126
ENSG00000138593,SECISBP2L,2,-5.5859,358,2.24528,111,0.21027,38,-1.4212,71,-0.5027,166,0.85973,90,-0.1101,55,-0.8744,74,-0.5191
ENSG00000166200,COPS2,25,-1.4965,87,0.38312,80,0.25314,74,0.12373,45,-0.6917,62,-0.1385,88,0.40136,88,0.40601,73,0.14540
ENSG00000156958,GALK2,2,-2.6655,23,0.95543,17,0.46572,33,1.59394,9,-0.4890,7,-0.8134,11,-0.2407,8,-0.5805,11,-0.3011
ENSG00000104047,DTWD1,2,-3.2559,23,0.30386,13,-0.5282,1,-3.7448,15,-0.3716,26,0.46583,26,0.51240,32,0.79672,23,0.45231
ENSG00000285410,GABPB1-IT1,2,-3.3603,15,-0.4691,11,-0.9843,0,-4.9097,20,-0.0531,36,0.87274,27,0.40600,12,-0.7817,31,0.96653
ENSG00000244879,GABPB1-AS1,2,-2.4486,28,1.31309,32,1.56577,0,-4.1779,17,0.55610,8,-0.6779,3,-1.7913,3,-2.0104,12,-0.0064
ENSG00000138592,USP8,42,-0.1967,55,0.22581,40,-0.2573,21,-1.2120,54,0.20271,57,0.25882,68,0.54579,63,0.43157,42,-0.2626
ENSG00000138600,SPPL2A,2,-2.8408,25,0.89744,53,2.23234,11,-0.4005,18,0.37664,10,-0.5209,10,-0.4444,1,-3.5339,9,-0.8063
ENSG00000183578,TNFAIP8L3,2,-3.5454,2,-3.1543,7,-1.7998,4,-2.4886,16,-0.5608,32,0.48873,25,0.12107,36,0.66911,41,1.34967
ENSG00000186417,GLDN,2,-3.4258,173,4.22383,38,0.92768,0,-4.9566,13,-0.7565,6,-1.9047,0,-5.8968,12,-0.8423,5,-2.3709
ENSG00000104093,DMXL2,55,-1.0473,13,-3.0786,26,-2.1541,138,0.36018,71,-0.7128,243,1.30244,190,0.88264,106,-0.0504,128,0.33018
ENSG00000104112,SCG3,107,-1.6474,62,-2.4418,516,0.77270,448,0.54406,266,-0.3013,649,1.15809,286,-0.1656,340,0.10606,299,-0.1276
ENSG00000140280,LYSMD2,44,-1.0751,14,-2.7551,28,-1.7428,92,0.02551,63,-0.5815,128,0.56061,148,0.79118,112,0.34689,120,0.63064
ENSG00000128872,TMOD2,173,-0.5215,83,-1.6212,110,-1.2039,189,-0.3864,237,-0.0378,294,0.30661,306,0.36924,293,0.30119,307,0.52290
ENSG00000138594,TMOD3,71,2.07817,16,-0.4111,19,-0.1204,8,-1.4657,18,-0.2668,10,-1.0426,20,-0.0382,6,-1.7110,21,0.01694
ENSG00000166477,LEO1,2,-3.3439,20,-0.0332,31,0.66293,3,-2.7827,21,0.07417,17,-0.2488,19,-0.0970,20,-0.0078,27,0.66283
ENSG00000069956,MAPK6,83,0.63877,55,-0.0137,57,0.05185,30,-0.9041,35,-0.7368,22,-1.3703,69,0.34663,47,-0.2441,71,0.55854
ENSG00000069966,GNB5,25,-1.7374,10,-3.0890,15,-2.4602,37,-1.1951,64,-0.3769,71,-0.1908,142,0.90599,102,0.36188,130,1.13087
ENSG00000197535,MYO5A,246,0.14609,39,-2.6110,76,-1.6367,217,-0.0512,164,-0.5184,267,0.27473,267,0.27010,341,0.66454,284,0.52078
ENSG00000128989,ARPP19,968,0.20189,397,-1.1636,341,-1.3907,256,-1.8155,586,-0.6166,1090,0.39082,1243,0.60248,987,0.23213,1153,0.68507
ENSG00000047346,FAM214A,2,-2.8030,39,1.71424,13,-0.0632,0,-4.3500,11,-0.3526,10,-0.4493,18,0.43204,15,0.07918,15,0.15732
ENSG00000137766,UNC13C,31,1.02335,5,-1.7369,0,-4.5606,1,-3.6510,24,0.65999,6,-1.5583,19,0.23834,20,0.32325,21,0.50051
ENSG00000137876,RSL24D1,127,0.43158,80,-0.2916,70,-0.5035,143,0.62480,75,-0.4286,86,-0.1852,133,0.51101,73,-0.4264,99,0.04250
ENSG00000260916,CCPG1,2,-4.8508,61,0.07329,74,0.37833,96,0.80001,47,-0.3562,69,0.27358,65,0.16676,82,0.55411,53,-0.1810
ENSG00000181827,RFX7,35,1.55008,12,-0.1019,12,-0.1303,0,-4.3085,9,-0.6142,18,0.43186,11,-0.2793,25,0.99463,10,-0.4695
ENSG00000137871,ZNF280D,2,-3.3377,33,0.76448,18,-0.1423,7,-1.5787,20,-0.0193,26,0.39122,24,0.28178,9,-1.1505,26,0.53471
ENSG00000140262,TCF12,2,-3.8402,120,2.47766,74,1.54406,5,-2.3750,29,0.00038,22,-0.3771,16,-0.8271,15,-0.9607,15,-1.1611
ENSG00000255529,POLR2M,2,-4.2299,61,0.76390,79,1.19969,12,-1.6546,48,0.43024,26,-0.5333,34,-0.1568,20,-0.9412,39,0.10096
ENSG00000137845,ADAM10,60,0.08403,89,0.70595,51,-0.1644,112,1.08272,50,-0.2349,71,0.32898,35,-0.7443,50,-0.2095,44,-0.5188
ENSG00000128923,MINDY2,96,0.83785,68,0.26878,68,0.28441,102,0.92652,55,-0.0557,50,-0.2133,44,-0.3910,33,-0.8414,43,-0.5723
ENSG00000157450,RNF111,38,0.28823,25,-0.3517,36,0.20816,8,-1.9746,25,-0.3749,36,0.22272,33,0.06192,41,0.40748,36,0.25531
ENSG00000137776,SLTM,2,-4.4620,101,1.01268,74,0.50948,9,-2.5609,63,0.29004,74,0.50423,39,-0.4771,34,-0.6929,59,0.20808
ENSG00000157470,FAM81A,54,-0.3088,4,-3.9894,20,-1.7993,42,-0.6719,53,-0.3408,56,-0.2348,91,0.51320,91,0.52787,97,0.90040
ENSG00000140307,GTF2A2,2,-4.9394,104,0.82874,75,0.30994,66,0.11273,52,-0.2831,44,-0.5284,42,-0.5741,99,0.75577,66,0.15536
ENSG00000140299,BNIP2,2,-2.8735,35,1.42768,31,1.19230,9,-0.6987,22,0.72849,18,0.30374,12,-0.2952,3,-2.1907,9,-0.9170
ENSG00000182718,ANXA2,52,0.92178,18,-0.7212,48,0.79253,205,3.78240,16,-0.9677,0,-9.5428,0,-5.4700,0,-6.1295,6,-2.6294
ENSG00000128915,ICE2,38,1.72166,34,1.51114,8,-0.6626,3,-2.2020,15,0.21346,16,0.29288,7,-1.0127,5,-1.3347,8,-0.9570
ENSG00000069667,RORA,2,-3.4242,17,-0.3176,27,0.35583,41,1.05327,19,-0.2223,1,-3.7370,27,0.37734,9,-1.2507,29,0.66425
ENSG00000129003,VPS13C,2,-4.3615,60,0.60246,32,-0.3670,60,0.58274,43,0.06676,46,0.18580,54,0.42233,29,-0.5478,42,0.02273
ENSG00000171914,TLN2,79,-0.2172,37,-1.3475,46,-1.0343,61,-0.5994,71,-0.3994,172,1.03229,157,0.87896,92,0.02840,98,0.16246
ENSG00000140416,TPM1,26,-1.9138,16,-2.6640,133,0.53028,71,-0.4476,75,-0.3916,93,-0.0405,128,0.46896,132,0.51987,122,0.54616
ENSG00000103642,LACTB,37,1.27841,11,-0.5882,11,-0.5525,14,-0.2083,10,-0.8613,13,-0.3491,15,-0.1825,16,-0.0219,19,0.35026
ENSG00000185088,RPS27L,2,-5.6823,196,1.00882,242,1.36349,128,0.31034,105,0.00351,70,-0.6274,76,-0.4980,142,0.47988,75,-0.6613
ENSG00000166128,RAB8B,2,-4.1801,36,-0.0090,72,1.08859,17,-1.1622,32,-0.2194,69,1.03555,47,0.40974,25,-0.5557,35,-0.0647
ENSG00000138613,APH1B,2,-3.0054,28,0.87437,58,2.19217,0,-4.5535,17,0.07419,8,-0.9517,18,0.22892,13,-0.3318,11,-0.6157
ENSG00000103657,HERC1,72,-0.7275,33,-1.8626,83,-0.5101,74,-0.6820,66,-0.9127,146,0.36645,200,0.87397,166,0.57023,150,0.56906
ENSG00000166797,CIAO2A,2,-3.3997,51,1.42731,39,0.98338,0,-4.9474,19,-0.1946,26,0.35331,24,0.18744,17,-0.3052,19,-0.1799
ENSG00000028528,SNX1,46,0.14777,126,1.83797,52,0.34201,14,-1.6692,42,0.02292,42,0.01870,37,-0.1897,25,-0.7634,29,-0.6880
ENSG00000157734,SNX22,2,-2.6379,50,2.38397,12,-0.0076,34,1.64275,16,0.41944,8,-0.5393,4,-1.4944,2,-2.3654,4,-1.9038
ENSG00000166794,PPIB,139,0.04585,319,1.41164,240,0.93001,73,-0.9323,107,-0.3816,111,-0.2968,109,-0.3262,113,-0.2744,108,-0.4328
ENSG00000180357,ZNF609,50,1.85103,19,0.18537,19,0.19690,22,0.48741,18,0.17850,16,-0.0572,12,-0.4249,1,-4.1166,10,-0.9936
ENSG00000180304,OAZ2,95,-0.5083,135,0.02732,189,0.56617,87,-0.6492,114,-0.2480,135,0.03606,163,0.32515,108,-0.3155,145,0.19568
ENSG00000241839,PLEKHO2,2,-2.3335,9,-0.1535,37,2.19534,10,0.03417,18,1.00933,2,-1.9638,7,-0.4318,3,-1.8528,6,-0.9257
ENSG00000166839,ANKDD1A,30,1.16745,5,-1.4267,23,0.70645,0,-4.4318,10,-0.5597,19,0.38145,13,-0.2022,16,0.11028,16,0.15421
ENSG00000090487,SPG21,2,-4.3679,72,0.87490,28,-0.6046,20,-1.0686,33,-0.3653,60,0.58090,31,-0.4600,70,0.83504,48,0.29069
ENSG00000103707,MTFMT,2,-2.5643,4,-1.5596,25,1.18100,2,-2.2006,10,-0.3013,12,0.02249,17,0.58346,7,-0.7980,16,0.69558
ENSG00000103710,RASL12,2,-2.3458,33,1.97716,61,3.32730,12,0.26223,10,0.06630,1,-3.1581,0,-8.1073,0,-5.1376,0,-4.5469
ENSG00000090470,PDCD7,2,-3.1745,18,-0.0355,9,-1.0379,0,-4.3258,21,0.24258,26,0.57973,31,0.85786,22,0.28834,21,0.34710
ENSG00000166855,CLPX,44,0.43969,44,0.44029,29,-0.1875,8,-2.1341,27,-0.3154,25,-0.4075,40,0.30732,37,0.18255,37,0.23590
ENSG00000074603,DPP8,2,-4.4091,39,-0.1319,74,0.88099,5,-3.2034,45,0.10252,42,-0.0418,51,0.28224,65,0.66602,47,0.18973
ENSG00000074696,HACD3,133,-0.3186,109,-0.6276,237,0.58627,307,1.01580,113,-0.6144,118,-0.5044,140,-0.2390,241,0.61739,154,-0.1229
ENSG00000138614,INTS14,9,-0.7459,13,-0.2454,3,-2.0700,83,3.03806,10,-0.6308,14,-0.1417,3,-2.4432,8,-1.0218,11,-0.5622
ENSG00000174485,DENND4A,2,-3.6135,19,-0.3666,8,-1.6768,83,2.04952,24,-0.0475,20,-0.3066,25,0.03003,20,-0.3070,24,-0.0773
ENSG00000103769,RAB11A,16,-3.4556,101,-0.8103,119,-0.5596,195,0.20444,126,-0.5056,132,-0.3950,319,1.00191,204,0.27384,222,0.57475
ENSG00000166938,DIS3L,2,-3.9512,36,0.24255,61,1.07754,71,1.33459,26,-0.2829,31,-0.0053,21,-0.6037,18,-0.8418,28,-0.2028
ENSG00000169032,MAP2K1,55,-2.4308,54,-2.4547,113,-1.3681,243,-0.2102,170,-0.8012,858,1.89938,328,0.25861,189,-0.5948,358,0.56548
ENSG00000174446,SNAPC5,88,0.90994,22,-1.2479,24,-1.0783,25,-1.0413,38,-0.4732,67,0.46593,60,0.27426,65,0.40474,56,0.23800
ENSG00000174444,RPL4,699,0.10615,1260,1.06377,801,0.32120,602,-0.1275,688,0.09004,625,-0.0697,483,-0.4663,540,-0.2961,526,-0.4303
ENSG00000166949,SMAD3,2,-3.0842,6,-1.7916,9,-1.2132,0,-4.8610,18,-0.1528,25,0.37190,19,-0.0307,32,0.74486,32,1.13157
ENSG00000103591,AAGAB,2,-3.9367,12,-1.4309,20,-0.6301,10,-1.6740,25,-0.3150,26,-0.2385,67,1.27276,28,-0.1644,46,0.92563
ENSG00000189227,C15orf61,60,-0.3019,27,-1.4782,39,-0.9549,57,-0.4031,59,-0.3750,93,0.37533,88,0.28220,90,0.31512,96,0.58906
ENSG00000137764,MAP2K5,52,0.93427,15,-1.0152,16,-0.8545,22,-0.4139,15,-1.0254,38,0.43516,33,0.22022,24,-0.2905,36,0.49167
ENSG00000033800,PIAS1,71,0.82778,21,-1.0641,39,-0.1238,37,-0.2211,29,-0.5979,45,0.08866,45,0.09401,60,0.54146,44,0.05955
ENSG00000169018,FEM1B,2,-5.5290,58,-0.7306,80,-0.2295,20,-2.3147,76,-0.3368,187,1.12396,169,0.96243,94,0.01960,112,0.40462
ENSG00000103647,CORO2B,224,1.18613,89,-0.3001,35,-1.6969,134,0.34653,78,-0.5328,103,-0.0650,100,-0.1191,78,-0.4863,120,0.23559
ENSG00000140350,ANP32A,110,0.23336,135,0.56091,122,0.39678,76,-0.3392,101,0.10948,195,1.17708,73,-0.3962,80,-0.2529,59,-0.8923
ENSG00000138604,GLCE,44,0.95254,18,-0.4710,14,-0.8521,1,-4.0119,13,-0.9996,121,2.87062,16,-0.6084,15,-0.7066,15,-0.8967
ENSG00000137818,RPLP1,1105,-0.4335,3128,1.24051,2703,0.99201,1116,-0.4175,1907,0.46487,839,-0.8515,819,-0.8885,904,-0.7385,1145,-0.4845
ENSG00000140332,TLE3,2,-2.3675,15,0.61021,9,-0.1351,0,-3.9200,10,0.05701,1,-2.8293,10,0.02271,8,-0.3303,16,1.07985
ENSG00000166173,LARP6,42,-1.4985,328,1.76705,172,0.65704,97,-0.2555,85,-0.4933,104,-0.1410,130,0.21178,74,-0.6548,91,-0.4454
ENSG00000137821,LRRC49,73,1.28684,10,-1.7533,10,-1.7393,55,0.81362,25,-0.4372,31,-0.0872,37,0.19552,13,-1.4144,37,0.25299
ENSG00000066933,MYO9A,2,-4.2751,22,-0.8243,28,-0.4880,65,0.82618,37,-0.0850,57,0.60739,35,-0.1631,39,0.01029,46,0.34155
ENSG00000067225,PKM,362,-1.0183,259,-1.5190,687,-0.0394,709,0.00984,539,-0.4469,792,0.18241,1023,0.59160,842,0.28058,853,0.41600
ENSG00000137817,PARP6,46,0.02250,17,-1.4755,43,-0.0912,32,-0.5511,40,-0.2256,58,0.38147,55,0.27939,33,-0.4739,57,0.49754
ENSG00000140488,CELF6,2,-3.6747,6,-2.0754,20,-0.3341,102,2.38986,18,-0.5321,6,-2.0223,33,0.41073,29,0.21369,24,-0.1324
ENSG00000213614,HEXA,110,1.57133,41,-0.0577,41,-0.0343,7,-2.5457,38,-0.1706,35,-0.2788,47,0.18093,34,-0.3452,39,-0.1440
ENSG00000166233,ARIH1,2,-4.5255,23,-1.0724,33,-0.5062,35,-0.4291,38,-0.3418,73,0.71466,65,0.54304,64,0.51210,58,0.49002
ENSG00000140463,BBS4,2,-3.2120,10,-0.9170,15,-0.3245,42,1.31498,13,-0.5156,17,-0.1654,27,0.56845,18,-0.0125,21,0.25401
ENSG00000159322,ADPGK,6,-1.1695,19,0.45727,7,-0.9658,4,-1.6562,11,-0.4878,20,0.48761,25,0.85678,12,-0.3013,18,0.47023
ENSG00000067141,NEO1,2,-3.9039,99,2.01987,76,1.51537,7,-2.1681,31,0.03871,17,-0.8912,20,-0.6284,16,-0.8991,23,-0.5170
ENSG00000156642,NPTN,271,-0.7327,49,-3.2356,129,-1.8394,416,-0.0764,192,-1.3214,798,0.97009,777,0.92677,442,0.01879,603,0.73213
ENSG00000205363,INSYN1,45,1.55919,3,-2.5596,3,-2.4523,0,-4.6786,20,0.24577,15,-0.2220,14,-0.3441,33,0.99941,18,0.09714
ENSG00000067221,STOML1,2,-4.9416,26,-1.6572,52,-0.6376,60,-0.4038,48,-0.7906,131,0.81488,140,0.92914,91,0.23225,105,0.65906
ENSG00000140464,PML,2,-2.5405,11,-0.0348,2,-2.4704,0,-4.0267,14,0.38045,38,1.96381,9,-0.2825,15,0.39344,11,-0.1130
ENSG00000138623,SEMA7A,2,-3.3919,39,1.00605,12,-0.8814,3,-2.6905,19,-0.1429,40,1.01344,31,0.62680,13,-0.6886,23,0.23975
ENSG00000138629,UBL7,30,-1.4643,65,-0.2986,78,-0.0112,84,0.10960,81,0.05523,129,0.79110,134,0.85530,43,-0.9285,74,-0.1184
ENSG00000179335,CLK3,2,-2.4772,28,1.52066,4,-1.4900,1,-3.0136,15,0.57589,16,0.54154,26,1.38430,4,-1.2725,8,-0.6573
ENSG00000179151,EDC3,2,-2.5276,13,0.21554,2,-2.1449,3,-1.6510,11,-0.0163,9,-0.3136,11,-0.0829,8,-0.5776,19,1.24003
ENSG00000103653,CSK,2,-3.7094,30,0.22497,39,0.63064,5,-2.3059,22,-0.2909,44,0.82406,14,-0.8967,52,1.09092,27,0.09920
ENSG00000213578,CPLX3,2,-4.6499,4,-3.6977,108,1.23286,30,-0.8056,49,-0.0507,353,3.78271,0,-7.7265,46,-0.1497,4,-3.9890
ENSG00000140474,ULK3,2,-4.2772,16,-1.3390,51,0.42914,46,0.26828,33,-0.2493,124,1.95230,30,-0.3997,38,-0.0412,33,-0.3324
ENSG00000140497,SCAMP2,2,-3.7907,81,1.77677,68,1.46763,15,-0.9189,34,0.33210,24,-0.2031,13,-1.1279,18,-0.6422,18,-0.8192
ENSG00000178802,MPI,2,-4.7505,35,-0.6826,43,-0.3820,35,-0.6878,39,-0.5373,69,0.35476,67,0.32087,86,0.71882,74,0.67900
ENSG00000178761,FAM219B,3,-3.4862,18,-1.1886,32,-0.3656,75,0.96727,39,-0.0712,60,0.62410,47,0.21664,22,-0.9335,48,0.37143
ENSG00000178741,COX5A,358,-0.0039,205,-0.8537,269,-0.4460,373,0.06135,322,-0.1800,370,0.04748,503,0.53636,351,-0.0329,397,0.21826
ENSG00000178718,RPP25,2,-3.1602,8,-1.1224,26,0.61984,68,2.29751,9,-1.1341,4,-2.0237,1,-4.1092,32,0.92307,18,0.02852
ENSG00000198794,SCAMP5,175,-0.5969,34,-2.9869,133,-1.0085,330,0.38826,174,-0.6450,339,0.43106,308,0.28156,364,0.54531,330,0.54700
ENSG00000140365,COMMD4,2,-4.5946,57,0.24184,41,-0.2515,114,1.39805,36,-0.5119,38,-0.3830,47,-0.0356,66,0.48326,49,0.00675
ENSG00000140398,NEIL1,2,-2.1522,5,-0.6733,2,-2.0095,0,-3.7118,14,0.87917,15,0.79290,8,-0.0610,6,-0.6390,12,0.60780
ENSG00000140400,MAN2C1,2,-3.8350,26,-0.1265,51,0.93208,2,-3.5664,31,0.12322,46,0.74043,32,0.18836,43,0.64560,27,-0.1250
ENSG00000169375,SIN3A,2,-3.0622,13,-0.3652,21,0.34762,13,-0.4124,15,-0.1387,27,0.73943,23,0.50697,15,-0.1690,18,0.18593
ENSG00000169410,PTPN9,203,3.20499,7,-2.4569,4,-3.1055,8,-2.2510,21,-0.8574,26,-0.4617,31,-0.1933,11,-1.7494,33,-0.1687
ENSG00000169371,SNUPN,2,-3.6503,17,-0.5506,13,-0.9543,2,-3.3550,35,0.59973,41,0.77980,33,0.40654,43,0.84489,26,0.07862
ENSG00000177971,IMP3,2,-4.5866,57,-0.1994,64,-0.0247,63,-0.0675,54,-0.3175,91,0.52323,94,0.56467,75,0.20888,74,0.26184
ENSG00000140367,UBE2Q2,43,0.64350,33,0.19014,11,-1.4106,65,1.32190,26,-0.1504,12,-1.2485,25,-0.2379,12,-1.2993,30,0.09438
ENSG00000167196,FBXO22,2,-3.2131,17,-0.1185,7,-1.3535,13,-0.5515,13,-0.5097,27,0.62187,24,0.41684,23,0.31422,25,0.66583
ENSG00000140374,ETFA,2,-4.3547,41,-0.0183,58,0.55470,20,-1.0851,38,-0.1150,46,0.16984,43,0.07667,55,0.46520,48,0.33768
ENSG00000140386,SCAPER,2,-3.8193,35,0.33941,23,-0.3208,9,-1.7059,39,0.58259,55,1.05341,17,-0.7298,31,0.14483,29,0.06675
ENSG00000117906,RCN2,79,-1.3670,88,-1.2042,166,-0.2475,289,0.62565,109,-0.9514,369,1.02732,249,0.38375,141,-0.4975,235,0.39806
ENSG00000140391,TSPAN3,6,-5.7557,402,0.33676,432,0.45212,412,0.37930,261,-0.3655,311,-0.0628,365,0.18485,234,-0.5031,383,0.36164
ENSG00000173517,PEAK1,2,-3.5075,35,0.66100,33,0.58085,15,-0.6636,18,-0.4148,33,0.60323,11,-1.0686,12,-1.0050,30,0.61515
ENSG00000140382,HMG20A,78,1.05792,23,-0.8228,5,-2.9220,75,0.98682,26,-0.7218,43,0.10983,40,-0.0003,38,-0.0920,42,0.10447
ENSG00000169783,LINGO1,66,-1.7274,17,-3.6778,65,-1.7592,49,-2.1675,142,-0.6369,295,0.55260,426,1.15817,211,0.01620,325,1.04639
ENSG00000136425,CIB2,2,-2.6874,7,-0.8519,3,-1.9958,14,0.09928,13,0.01836,6,-1.1981,22,0.84880,28,1.28242,15,0.28367
ENSG00000166411,IDH3A,92,-0.0188,48,-1.0049,58,-0.7204,24,-2.0403,66,-0.5665,101,0.12495,165,0.90880,111,0.26041,121,0.56954
ENSG00000103740,ACSBG1,81,1.00477,25,-0.8438,96,1.29033,31,-0.4939,80,1.12431,28,-0.6839,9,-2.3739,46,0.07772,22,-1.2508
ENSG00000140403,DNAJA4,186,0.84179,46,-1.2997,38,-1.6047,62,-0.8790,77,-0.5809,76,-0.5695,146,0.44815,94,-0.2435,156,0.80975
ENSG00000140395,WDR61,53,0.09018,56,0.18043,46,-0.1434,14,-1.8843,39,-0.4010,52,0.04094,66,0.43639,51,0.02935,59,0.34170
ENSG00000136381,IREB2,2,-3.2866,17,-0.2390,19,-0.0603,12,-0.6799,16,-0.2701,21,0.09856,20,0.06603,35,0.91129,24,0.42354
ENSG00000041357,PSMA4,19,-2.7973,97,-0.4063,65,-1.0251,171,0.47150,98,-0.4211,139,0.13943,183,0.58008,174,0.50045,151,0.37865
ENSG00000185787,MORF4L1,336,-0.8174,491,-0.2394,526,-0.1337,558,-0.0430,484,-0.2838,556,-0.0460,695,0.30466,709,0.33585,653,0.27920
ENSG00000103811,CTSH,33,-0.6500,164,1.98046,313,3.42281,0,-6.2013,38,-0.4818,6,-3.1032,13,-1.9862,4,-3.4974,12,-2.4274
ENSG00000058335,RASGRF1,95,-0.4418,30,-2.1495,53,-1.3057,29,-2.2138,81,-0.7276,213,0.83372,170,0.46421,172,0.48652,180,0.80790
ENSG00000166557,TMED3,2,-4.6020,41,-0.2569,72,0.61252,119,1.45988,25,-1.0499,41,-0.2718,52,0.11289,52,0.09681,51,0.09639
ENSG00000136371,MTHFS,2,-2.7276,19,0.60208,12,-0.1359,33,1.50070,13,-0.0140,8,-0.7823,13,0.01064,6,-1.0949,13,-0.0512
ENSG00000180953,AC015871.1,50,1.73966,7,-1.2389,2,-3.0967,50,1.73605,8,-1.2452,19,0.15277,10,-0.7993,21,0.28950,13,-0.5970
ENSG00000086666,ZFAND6,2,-4.4276,48,0.14903,53,0.32196,121,1.70639,41,-0.1006,50,0.23576,34,-0.3498,16,-1.4561,39,-0.2054
ENSG00000259417,CTXND1,2,-2.9272,7,-1.1427,15,-0.0267,0,-4.4795,39,1.83111,6,-1.3842,4,-1.8767,23,0.64349,15,0.03135
ENSG00000172379,ARNT2,131,-0.2955,72,-1.2063,112,-0.5359,92,-0.8242,149,-0.1028,116,-0.4749,202,0.38154,136,-0.2395,225,0.80473
ENSG00000136379,ABHD17C,39,1.07478,22,0.15761,23,0.25586,0,-4.8634,18,-0.1534,26,0.39071,15,-0.3824,10,-1.0862,22,0.18347
ENSG00000117899,MESD,2,-3.7488,61,1.22647,29,0.04713,8,-1.8010,26,-0.1609,35,0.31719,35,0.34185,42,0.61714,26,-0.1553
ENSG00000140406,TLNRD1,2,-3.2609,13,-0.5382,7,-1.4932,0,-4.4136,18,-0.0847,43,1.29638,27,0.52603,24,0.35616,24,0.49228
ENSG00000182774,RPS17,437,0.14088,548,0.50029,600,0.64927,329,-0.2978,450,0.20490,319,-0.3458,313,-0.3782,328,-0.3055,354,-0.2423
ENSG00000214575,CPEB1,2,-3.9275,44,0.57482,36,0.25359,3,-3.1168,23,-0.4813,34,0.17193,57,1.01189,48,0.70243,32,0.08188
ENSG00000103723,AP3B2,2,-4.8706,3,-4.4795,10,-2.6468,16,-2.0284,45,-0.5576,92,0.60154,115,0.97859,124,1.09655,91,0.85584
ENSG00000156232,WHAMM,33,1.27499,16,0.14867,15,-0.0131,43,1.72437,8,-1.0091,19,0.38218,9,-0.7307,2,-2.9093,10,-0.6914
ENSG00000103942,HOMER2,2,-3.2282,9,-1.1436,6,-1.7058,29,0.71485,22,0.30697,34,0.93972,6,-1.5769,24,0.39996,22,0.35190
ENSG00000169612,RAMAC,2,-3.3295,17,-0.2863,10,-1.0744,14,-0.5630,19,-0.0724,30,0.60742,28,0.51342,26,0.39314,24,0.41027
ENSG00000169609,C15orf40,2,-2.8982,24,0.76789,30,1.13205,0,-4.2593,16,0.12590,20,0.44171,14,-0.0992,9,-0.6954,15,0.06629
ENSG00000064726,BTBD1,68,0.35976,37,-0.5868,47,-0.2266,49,-0.1683,33,-0.7936,71,0.42399,44,-0.3138,97,0.93301,57,0.08065
ENSG00000136404,TM6SF1,67,1.29973,11,-1.4963,9,-1.7465,10,-1.5644,19,-0.7083,52,0.88843,47,0.71317,25,-0.2721,32,0.15420
ENSG00000166503,HDGFL3,135,-0.2229,100,-0.6903,91,-0.8266,141,-0.1571,144,-0.1351,232,0.62544,180,0.22143,177,0.19455,172,0.20184
ENSG00000140600,SH3GL3,2,-5.6443,252,1.39185,112,0.05798,107,-0.0063,76,-0.5831,163,0.65833,113,0.07769,120,0.17109,95,-0.2548
ENSG00000197696,NMB,2,-3.7516,121,2.62956,66,1.47090,63,1.37841,12,-1.2815,1,-4.4133,33,0.33708,10,-1.5101,8,-2.1549
ENSG00000140612,SEC11A,2,-4.1497,100,1.71340,69,1.07281,2,-3.9626,33,-0.1205,29,-0.3169,27,-0.4154,46,0.38712,30,-0.3153
ENSG00000166716,ZNF592,2,-2.9378,31,1.15864,24,0.72089,14,-0.1583,21,0.52910,20,0.45688,13,-0.2482,10,-0.6107,10,-0.7039
ENSG00000073417,PDE8A,44,0.88923,114,2.65458,28,0.15317,37,0.61592,13,-0.9907,7,-1.9089,1,-4.1007,16,-0.7151,13,-1.1650
ENSG00000170776,AKAP13,2,-3.5810,12,-1.0401,5,-2.2340,0,-5.1394,21,-0.2335,5,-2.1581,34,0.54408,23,-0.0367,47,1.74672
ENSG00000140538,NTRK3,2,-5.1590,16,-2.2241,106,0.61690,88,0.30706,47,-0.6852,123,0.85119,91,0.37163,77,0.10432,85,0.34957
ENSG00000259494,MRPL46,2,-3.7593,33,0.30635,21,-0.3948,6,-2.2173,30,0.19015,22,-0.2879,37,0.50435,29,0.13106,35,0.57428
ENSG00000181991,MRPS11,2,-4.8520,44,-0.5199,50,-0.3510,39,-0.7163,54,-0.2337,62,-0.0222,98,0.70678,71,0.20455,85,0.67756
ENSG00000140545,MFGE8,2,-3.1983,6,-1.6589,44,1.40957,2,-3.0282,41,1.51403,19,0.02327,5,-1.9443,9,-1.0180,17,-0.0985
ENSG00000140526,ABHD2,35,-1.2669,23,-1.8950,71,-0.2015,73,-0.1687,70,-0.2366,72,-0.1737,104,0.39739,135,0.81684,100,0.45531
ENSG00000140521,POLG,2,-3.6692,22,-0.2487,31,0.31881,21,-0.2908,21,-0.3320,26,0.05497,46,0.95795,20,-0.3756,30,0.36771
ENSG00000166823,MESP1,81,0.69735,15,-1.8582,27,-0.9958,5,-3.2611,47,-0.1809,62,0.27428,111,1.23841,29,-0.9030,63,0.42075
ENSG00000157823,AP3S2,2,-4.6528,44,-0.3466,66,0.29545,177,1.98631,42,-0.4262,50,-0.1398,35,-0.6885,56,0.05232,49,-0.2215
ENSG00000242498,ARPIN,2,-2.7408,31,1.36885,20,0.66364,27,1.13583,15,0.21631,3,-2.2072,13,-0.0645,10,-0.3686,9,-0.7186
ENSG00000259291,ZNF710-AS1,39,0.74077,26,0.10741,48,1.08551,1,-4.5644,35,0.61740,12,-1.0827,7,-1.8957,25,0.04811,22,-0.1611
ENSG00000182054,IDH2,77,0.34760,89,0.57196,133,1.25047,18,-1.8377,72,0.27288,79,0.39575,30,-1.1043,25,-1.3490,52,-0.3559
ENSG00000185033,SEMA4B,2,-2.8816,14,-0.0328,89,3.32665,1,-3.2280,18,0.35603,5,-1.4071,3,-2.0642,7,-0.9980,8,-1.1126
ENSG00000185043,CIB1,2,-4.1441,74,1.19254,87,1.46754,6,-2.6467,45,0.42144,39,0.13068,31,-0.2159,18,-1.0038,29,-0.4256
ENSG00000182768,NGRN,293,-0.4730,137,-1.6103,271,-0.5892,552,0.51766,373,-0.1078,462,0.23358,551,0.51619,458,0.22014,426,0.14267
ENSG00000140575,IQGAP1,2,-2.8667,37,1.53538,36,1.47639,16,0.19534,16,0.21529,3,-2.0777,1,-3.9530,19,0.43897,10,-0.6703
ENSG00000140577,CRTC3,2,-3.0011,51,1.93849,33,1.14435,0,-4.5435,10,-0.7815,21,0.41242,6,-1.4317,25,0.69774,12,-0.4618
ENSG00000140564,FURIN,125,1.82674,12,-1.8008,15,-1.5148,3,-3.5329,21,-1.1151,24,-0.8590,50,0.29516,43,0.06422,57,0.69667
ENSG00000196547,MAN2A2,47,-0.6977,122,0.79807,100,0.48636,81,0.13905,43,-0.8824,79,0.10449,60,-0.3107,84,0.20255,75,0.03929
ENSG00000184508,HDDC3,2,-3.3191,27,0.46311,9,-1.2261,18,-0.1672,22,0.13954,14,-0.5581,22,0.11784,23,0.16721,26,0.56254
ENSG00000140553,UNC45A,44,0.92293,11,-1.2317,26,0.10913,20,-0.2681,19,-0.4440,36,0.61513,23,-0.0749,33,0.46108,22,-0.2301
ENSG00000184056,VPS33B,82,2.10555,9,-1.4004,0,-5.2899,4,-2.4396,13,-0.9109,35,0.64705,27,0.21641,25,0.11113,24,0.04065
ENSG00000185518,SV2B,149,-0.8366,13,-4.3785,71,-1.9447,61,-2.1574,161,-0.7760,664,1.56308,503,1.08051,291,0.18915,320,0.47429
ENSG00000176463,SLCO3A1,41,0.19607,113,1.92419,25,-0.5316,6,-2.5088,32,-0.1653,35,-0.0426,38,0.08845,25,-0.5638,29,-0.3804
ENSG00000185442,FAM174B,47,0.63360,18,-0.8809,4,-3.0773,61,1.05413,15,-1.1710,37,0.26125,23,-0.5060,34,0.11080,39,0.47241
ENSG00000272888,LINC01578,100,-0.0722,283,1.65593,173,0.80661,103,-0.0197,107,0.03574,82,-0.3735,58,-0.8986,67,-0.6900,70,-0.7768
ENSG00000173575,CHD2,2,-4.4436,61,0.49864,74,0.83442,56,0.37527,62,0.58573,45,0.03406,44,-0.0093,30,-0.5628,34,-0.4845
ENSG00000182175,RGMA,2,-4.7506,37,-0.5938,149,1.67951,4,-3.7772,58,0.12766,177,2.00121,8,-2.8424,22,-1.3817,47,-0.2686
ENSG00000185551,NR2F2,53,0.34744,15,-1.5681,29,-0.5792,14,-1.6965,44,0.03881,18,-1.2589,48,0.16807,69,0.75932,56,0.57681
ENSG00000140450,ARRDC4,2,-3.0755,90,3.02255,18,0.13325,0,-4.2251,9,-0.9766,10,-0.7552,14,-0.2851,12,-0.4629,13,-0.4488
ENSG00000140443,IGF1R,2,-3.8121,23,-0.3208,47,0.81335,21,-0.4499,27,-0.0396,50,0.90627,22,-0.3964,15,-0.9768,33,0.34469
ENSG00000182253,SYNM,3,-4.0015,78,0.90560,57,0.40311,18,-1.3606,39,-0.2123,32,-0.4935,37,-0.2727,43,-0.0430,58,0.57425
ENSG00000168904,LRRC28,48,2.08456,5,-1.4730,13,-0.1125,0,-4.3567,8,-0.9327,5,-1.5236,11,-0.2915,8,-0.7728,18,0.63717
ENSG00000068305,MEF2A,52,-0.2903,38,-0.7559,28,-1.2307,62,-0.0298,39,-0.7868,46,-0.4885,64,0.02739,107,0.84866,86,0.69982
ENSG00000183060,LYSMD4,2,-2.5037,13,0.18631,5,-1.2206,37,2.00335,8,-0.5476,10,-0.1753,14,0.35344,1,-3.0801,12,0.13920
ENSG00000131871,SELENOS,75,0.86295,105,1.43777,78,0.93605,18,-1.3390,33,-0.4432,51,0.24134,22,-1.0561,47,0.11696,26,-0.9619
ENSG00000131876,SNRPA1,12,-1.7810,28,-0.5423,30,-0.4187,4,-3.1820,35,-0.1886,35,-0.1847,72,0.95177,84,1.21073,45,0.26433
ENSG00000140479,PCSK6,2,-3.2901,154,4.13532,35,0.93687,14,-0.4628,16,-0.3247,5,-1.9600,0,-5.8992,1,-3.8026,3,-3.1508
ENSG00000184277,TM2D3,75,-0.8033,58,-1.1977,64,-1.0386,131,0.03542,77,-0.8353,177,0.52138,243,1.04009,128,0.00237,157,0.45787
ENSG00000185418,TARSL2,2,-4.1451,111,1.90204,25,-0.5074,79,1.28895,32,-0.1774,13,-1.4354,19,-0.9267,43,0.29216,26,-0.5709
ENSG00000161980,POLR3K,2,-4.0127,15,-1.1382,35,0.10359,57,0.91054,23,-0.5468,35,0.13298,41,0.37496,22,-0.5532,42,0.55543
ENSG00000161981,SNRNP25,58,-0.7857,43,-1.2302,49,-1.0344,71,-0.4652,91,-0.0997,131,0.47546,95,-0.0300,138,0.56977,122,0.51943
ENSG00000103152,MPG,2,-4.3834,31,-0.4570,28,-0.6144,33,-0.3841,40,-0.0971,44,0.05979,68,0.77958,18,-1.2562,61,0.84006
ENSG00000103148,NPRL3,2,-3.6340,30,0.31661,36,0.57613,31,0.36767,27,0.15481,27,0.11325,35,0.53105,20,-0.2995,22,-0.2664
ENSG00000188536,HBA2,139690,11.7923,12,-9.8986,42,-8.1092,0,-13.921,73,-7.4439,21,-9.0905,22,-9.0417,0,-15.151,56,-8.0965
ENSG00000206172,HBA1,55054,10.6220,4,-10.025,37,-6.9313,14,-8.3611,53,-6.5615,89,-5.6873,21,-7.7636,3,-10.497,35,-7.4337
ENSG00000086506,HBQ1,2,-3.2403,0,-4.6534,11,-0.8046,18,-0.1051,16,-0.2950,55,1.78477,31,0.78810,11,-0.7848,21,0.25416
ENSG00000007392,LUC7L,2,-4.5856,44,-0.1531,49,0.03365,91,1.00908,38,-0.4078,54,0.16926,40,-0.2940,65,0.46977,52,0.15660
ENSG00000167930,FAM234A,2,-3.6458,65,1.56321,95,2.28493,29,0.21453,20,-0.3443,10,-1.3592,17,-0.6132,13,-0.9576,14,-1.1252
ENSG00000076344,RGS11,2,-3.2095,21,0.19492,14,-0.3849,20,0.14986,20,0.11693,26,0.51644,24,0.43409,18,-0.0741,19,0.03994
ENSG00000242173,ARHGDIG,111,-1.5753,47,-2.8311,56,-2.5897,427,0.47845,252,-0.3751,357,0.19061,512,0.77199,508,0.75872,396,0.49783
ENSG00000185615,PDIA2,66,1.66725,55,1.34319,14,-0.7803,26,0.09481,10,-1.4360,20,-0.2558,16,-0.5735,16,-0.5740,20,-0.3847
ENSG00000103126,AXIN1,2,-2.4164,16,0.69714,11,0.11861,0,-3.9580,12,0.29248,18,0.86646,8,-0.4207,7,-0.6369,12,0.30098
ENSG00000086504,MRPL28,12,-3.2964,63,-0.9256,73,-0.7145,124,0.09444,111,-0.0848,201,0.87110,180,0.69415,130,0.17486,127,0.18805
ENSG00000129925,TMEM8A,2,-2.1924,11,0.30508,0,-5.0379,0,-3.5474,10,0.25709,6,-0.4687,16,0.88451,4,-0.9957,14,0.99891
ENSG00000103202,NME4,165,2.01632,45,-0.1630,86,0.86805,7,-2.9489,45,-0.1884,33,-0.6258,25,-1.0704,56,0.16743,36,-0.6282
ENSG00000242612,DECR2,2,-2.3115,10,0.00904,6,-0.7686,0,-3.8191,10,-0.0215,16,0.76909,11,0.23390,7,-0.4305,14,0.76253
ENSG00000090565,RAB11FIP3,64,0.57520,34,-0.4030,38,-0.2230,16,-1.5390,59,0.48818,38,-0.2312,62,0.53504,33,-0.4470,43,-0.0462
ENSG00000103326,CAPN15,2,-2.2998,10,0.11981,1,-2.8207,9,-0.0281,12,0.32546,12,0.38809,6,-0.5878,7,-0.3719,13,0.68175
ENSG00000007541,PIGQ,64,0.42829,19,-1.4354,26,-0.9541,108,1.30426,27,-0.9549,62,0.38722,65,0.45179,50,0.03698,46,-0.1060
ENSG00000197562,RAB40C,2,-4.4365,18,-1.3304,11,-2.0613,24,-0.9244,21,-1.1721,79,0.90094,82,0.96250,62,0.51244,65,0.86406
ENSG00000130731,METTL26,363,1.07917,94,-1.0401,103,-0.9021,90,-1.1029,155,-0.3059,187,0.00128,195,0.07178,347,0.99946,183,-0.0335
ENSG00000172366,MCRIP2,2,-4.2778,30,-0.3942,49,0.34854,28,-0.4761,52,0.48677,32,-0.3060,40,0.03316,32,-0.3007,48,0.43610
ENSG00000140983,RHOT2,60,0.59909,23,-0.8603,41,0.01079,39,-0.0575,35,-0.2514,35,-0.2360,36,-0.2058,47,0.22098,45,0.19972
ENSG00000103269,RHBDL1,2,-3.7897,5,-2.5867,22,-0.3244,60,1.25707,20,-0.4989,23,-0.2821,26,-0.1120,12,-1.2844,42,0.99106
ENSG00000103266,STUB1,171,-0.1777,131,-0.5940,158,-0.2995,230,0.28134,187,-0.0488,167,-0.2165,233,0.30279,176,-0.1391,215,0.23684
ENSG00000161999,JMJD8,2,-3.6214,33,0.45888,45,0.96015,7,-1.8976,20,-0.3156,23,-0.1055,33,0.48129,20,-0.3132,29,0.35675
ENSG00000127580,WDR24,2,-2.4453,7,-0.5271,6,-0.7447,22,1.12383,15,0.54130,20,0.95046,18,0.77609,3,-1.6014,8,-0.5762
ENSG00000127585,FBXL16,443,0.24908,23,-4.0952,123,-1.6987,435,0.22004,465,0.36022,502,0.44781,416,0.15014,323,-0.2435,430,0.27579
ENSG00000103260,METRN,279,0.15180,452,0.93352,790,1.92357,138,-0.9204,376,0.70652,121,-1.1154,63,-2.0844,81,-1.7179,152,-0.9621
ENSG00000103254,ANTKMT,2,-5.3783,72,-0.2439,27,-1.6686,85,0.02501,91,0.13731,72,-0.2399,108,0.40487,81,-0.0461,115,0.71575
ENSG00000103253,HAGHL,2,-4.2307,43,0.19942,42,0.17359,50,0.45986,37,-0.0345,15,-1.3589,36,-0.0632,27,-0.5064,50,0.63295
ENSG00000103245,CIAO3,15,-0.7936,24,-0.1280,23,-0.1866,44,0.81187,20,-0.4260,18,-0.5409,31,0.24693,17,-0.6404,32,0.42263
ENSG00000007376,RPUSD1,37,1.54111,10,-0.5099,2,-2.5021,5,-1.5583,13,-0.1312,19,0.48752,12,-0.2709,4,-1.6871,17,0.40645
ENSG00000103227,LMF1,2,-3.2488,31,0.77287,41,1.26055,8,-1.2664,11,-0.8724,15,-0.3358,15,-0.3200,12,-0.7368,25,0.61067
ENSG00000260807,AC009041.2,2,-4.7334,110,1.16463,32,-0.7646,20,-1.4555,44,-0.3089,15,-1.8636,72,0.45830,36,-0.6078,80,0.92859
ENSG00000005513,SOX8,10,-2.6974,357,3.23320,124,1.11346,14,-2.2296,57,-0.1395,31,-1.0688,17,-1.8981,34,-0.9030,27,-1.5303
ENSG00000196557,CACNA1H,2,-3.1703,1,-4.2981,0,-6.6858,2,-2.8578,13,-0.4716,25,0.50960,43,1.39627,11,-0.7680,31,1.31962
ENSG00000103275,UBE2I,19,-2.0605,69,-0.1453,80,0.08625,32,-1.3054,69,-0.1380,105,0.51867,88,0.23906,95,0.36410,89,0.34981
ENSG00000007516,BAIAP3,174,0.07361,43,-2.0123,222,0.45870,170,0.03584,114,-0.6133,369,1.30493,186,0.18108,123,-0.4680,161,-0.0692
ENSG00000007520,TSR3,2,-4.9410,95,0.68785,92,0.63160,20,-1.7115,66,0.11845,53,-0.2306,66,0.09026,73,0.26006,68,0.18983
ENSG00000090581,GNPTG,48,-1.1191,156,0.69746,149,0.62543,52,-1.0081,71,-0.5720,84,-0.2676,96,-0.0766,132,0.43302,112,0.22730
ENSG00000059145,UNKL,36,0.57273,11,-1.2136,41,0.77570,1,-4.3653,21,-0.2908,24,-0.0737,36,0.55022,13,-0.9622,31,0.42449
ENSG00000174109,C16orf91,2,-3.5019,8,-1.4454,19,-0.2951,33,0.57554,17,-0.4888,25,0.17516,35,0.68959,17,-0.4373,30,0.65553
ENSG00000103249,CLCN7,105,0.96061,39,-0.5863,25,-1.2292,29,-1.0069,36,-0.7494,74,0.40367,74,0.40062,77,0.46264,63,0.17892
ENSG00000100726,TELO2,2,-2.8702,19,0.44264,17,0.27352,2,-2.6472,13,-0.2038,21,0.57358,19,0.39668,9,-0.6243,18,0.49747
ENSG00000206053,JPT2,2,-2.4731,77,3.73650,13,0.21688,0,-4.0293,6,-0.9113,0,-4.3156,3,-1.6695,10,-0.1285,6,-1.0479
ENSG00000138834,MAPK8IP3,252,0.53347,108,-0.7725,67,-1.4960,251,0.52878,124,-0.6079,193,0.11244,255,0.55355,128,-0.5201,208,0.31920
ENSG00000103024,NME3,66,-0.5830,156,0.77157,114,0.27318,76,-0.3601,90,-0.1068,136,0.55470,49,-1.0089,162,0.83480,77,-0.4333
ENSG00000074071,MRPS34,2,-5.3567,103,0.26286,117,0.46715,124,0.56192,77,-0.2031,75,-0.2308,97,0.17659,93,0.10528,91,0.10352
ENSG00000197774,EME2,2,-2.3321,2,-2.4159,0,-6.2765,0,-3.6801,11,0.14712,31,1.84578,18,0.91320,6,-0.7356,12,0.46006
ENSG00000162032,SPSB3,9,-2.2882,47,0.18841,72,0.87436,55,0.41688,36,-0.2600,42,0.02045,50,0.28797,24,-0.8228,43,0.06100
ENSG00000095906,NUBP2,38,-0.2482,62,0.49718,39,-0.1996,4,-3.3686,45,0.01357,57,0.36515,45,-0.0009,59,0.41653,47,0.11263
ENSG00000063854,HAGH,71,-0.9467,91,-0.5847,94,-0.5295,190,0.56392,102,-0.4346,234,0.90711,139,0.06639,113,-0.2474,148,0.22634
ENSG00000180185,FAHD1,2,-3.8112,20,-0.5067,32,0.18997,11,-1.4247,33,0.26982,54,1.03293,32,0.22448,38,0.46041,28,-0.0201
ENSG00000198736,MSRB1,40,1.47158,26,0.73441,6,-1.3543,0,-4.5880,18,0.19341,12,-0.3952,9,-0.8416,30,0.98362,12,-0.5098
ENSG00000140990,NDUFB10,246,-0.0321,234,-0.1121,210,-0.2790,195,-0.3886,281,0.19601,222,-0.1921,327,0.41541,238,-0.0834,258,0.05357
ENSG00000140988,RPS2,771,0.45552,1000,0.88117,875,0.66049,431,-0.4529,728,0.40079,427,-0.4694,359,-0.7311,464,-0.3417,433,-0.5671
ENSG00000255198,SNHG9,111,0.33778,129,0.58006,113,0.36752,131,0.61124,86,-0.0516,90,0.01702,72,-0.3215,98,0.14627,61,-0.7417
ENSG00000183751,TBL3,33,0.82738,19,-0.0283,11,-0.9246,8,-1.2403,15,-0.4678,37,0.97286,27,0.47997,10,-0.9517,20,0.06468
ENSG00000127554,GFER,2,-2.5396,15,0.42228,16,0.51262,0,-4.0952,16,0.52106,11,-0.0488,10,-0.2358,11,-0.0057,13,0.27751
ENSG00000127561,SYNGR3,7,-5.1650,7,-5.1106,40,-2.6684,597,1.51322,133,-0.9511,336,0.54276,377,0.72696,378,0.73396,274,0.29598
ENSG00000167962,ZNF598,2,-2.6882,13,-0.0149,4,-1.6568,20,0.67715,12,-0.0556,24,0.96846,25,1.07485,6,-1.0531,12,-0.1170
ENSG00000065054,SLC9A3R2,6,-2.5515,49,0.44033,71,1.03608,9,-2.0298,57,0.73145,52,0.51936,39,0.05121,36,-0.0757,27,-0.5969
ENSG00000065057,NTHL1,2,-3.7623,30,0.15879,27,0.01295,6,-2.1498,29,0.13597,47,0.88457,33,0.29805,32,0.24481,29,0.14905
ENSG00000103197,TSC2,2,-4.6441,42,-0.2743,59,0.25169,80,0.73543,52,0.07051,61,0.30963,46,-0.1236,49,-0.0301,52,0.08035
ENSG00000008710,PKD1,6,-3.7012,35,-1.3006,62,-0.4491,33,-1.3996,75,-0.1716,134,0.76129,115,0.51767,137,0.79984,102,0.44357
ENSG00000167964,RAB26,2,-4.7948,5,-3.5951,23,-1.3133,97,0.88977,48,-0.2656,184,2.01111,68,0.30579,51,-0.1440,50,-0.2096
ENSG00000260260,SNHG19,2,-3.5235,37,0.73734,34,0.59713,43,0.99004,33,0.64532,12,-1.0131,12,-0.9241,23,0.02791,17,-0.5294
ENSG00000131653,TRAF7,2,-3.1728,10,-0.8975,14,-0.3597,0,-4.5746,21,0.23312,24,0.44178,20,0.15784,27,0.66808,24,0.60783
ENSG00000167971,CASKIN1,116,0.41871,10,-3.1765,89,-0.0095,84,-0.0984,100,0.19175,116,0.41098,89,-0.0044,100,0.17266,89,2.75379
ENSG00000167965,MLST8,175,1.51263,42,-0.7704,63,-0.1533,40,-0.8412,56,-0.3626,75,0.10991,92,0.43496,81,0.22817,57,-0.4104
ENSG00000184207,PGP,20,-2.3942,26,-2.0541,42,-1.3381,56,-0.9116,89,-0.2433,142,0.50958,213,1.18348,91,-0.1885,142,0.72736
ENSG00000167967,E4F1,34,1.07289,15,-0.1531,9,-0.9513,0,-4.6605,18,0.05246,14,-0.2991,32,0.99368,14,-0.2938,17,0.00536
ENSG00000167969,ECI1,51,0.26045,80,1.00013,72,0.82077,41,-0.0550,41,-0.0793,31,-0.4927,33,-0.4044,37,-0.2211,33,-0.5319
ENSG00000205937,RNPS1,45,-1.7012,96,-0.5762,62,-1.2327,170,0.30098,116,-0.3118,160,0.20527,158,0.18533,185,0.43756,178,0.53271
ENSG00000167972,ABCA3,51,-1.0405,45,-1.2054,97,-0.0591,50,-1.0593,60,-0.8262,114,0.19936,156,0.69879,117,0.23656,139,0.73260
ENSG00000162065,TBC1D24,40,-0.3097,11,-2.1718,26,-0.9465,37,-0.4241,41,-0.2926,88,0.93271,61,0.35015,58,0.24988,59,0.37883
ENSG00000185883,ATP6V0C,668,-0.7566,341,-1.7587,486,-1.2350,1596,0.60070,777,-0.5683,1414,0.40531,1529,0.53184,1164,0.09709,1368,0.49170
ENSG00000162066,AMDHD2,5,-1.0437,9,-0.3199,4,-1.3508,0,-4.0038,9,-0.2490,15,0.53394,27,1.46572,2,-2.1957,15,0.68314
ENSG00000140992,PDPK1,2,-5.0003,23,-1.5248,20,-1.7357,71,0.15030,69,0.11291,94,0.60333,73,0.20399,55,-0.2409,90,0.76359
ENSG00000167977,KCTD5,2,-2.1440,20,1.35680,13,0.57052,0,-3.7037,10,0.22221,12,0.51968,15,0.83577,1,-2.5921,7,-0.3069
ENSG00000167978,SRRM2,56,-0.6859,114,0.41784,106,0.29772,59,-0.6119,82,-0.0983,121,0.51400,62,-0.5253,110,0.35565,86,-0.0295
ENSG00000103363,ELOB,414,-0.7241,668,0.01020,781,0.25662,605,-0.1442,695,0.07930,495,-0.4513,783,0.26091,662,-0.0043,707,0.13390
ENSG00000162076,FLYWCH2,2,-3.8671,20,-0.5364,48,0.79492,9,-1.7614,29,0.00267,22,-0.4220,42,0.57635,45,0.68358,33,0.26712
ENSG00000059122,FLYWCH1,2,-4.1978,28,-0.3906,40,0.14026,63,0.84617,38,0.06173,22,-0.7633,45,0.31614,18,-1.0372,46,0.47583
ENSG00000162073,PAQR4,2,-4.6106,161,2.00696,86,0.90301,10,-2.3564,29,-0.8397,50,0.01276,67,0.48085,45,-0.1309,40,-0.4136
ENSG00000103145,HCFC1R1,61,-1.8865,99,-1.1778,152,-0.5377,293,0.48921,223,0.06023,266,0.32941,286,0.44876,184,-0.2466,253,0.34941
ENSG00000085644,ZNF213,2,-2.2615,16,0.78062,4,-1.1410,25,1.59894,12,0.41560,3,-1.5296,8,-0.2697,1,-2.5677,10,0.06900
ENSG00000006194,ZNF263,48,1.45969,12,-0.7134,0,-5.5074,5,-2.0801,17,-0.2442,22,0.17423,27,0.48411,14,-0.5416,23,0.38009
ENSG00000232196,MTRNR2L4,2,-3.2626,16,-0.2963,6,-1.7770,2,-2.8169,55,2.06611,22,0.21450,1,-3.5157,20,0.05177,18,-0.1553
ENSG00000122390,NAA60,84,1.32658,40,0.11353,25,-0.5993,37,-0.0057,30,-0.3239,42,0.20189,44,0.26140,26,-0.5145,31,-0.3736
ENSG00000103351,CLUAP1,2,-3.4299,31,0.57355,25,0.24859,0,-4.5990,21,-0.0822,24,0.17817,22,0.01300,37,0.82786,25,0.27253
ENSG00000126602,TRAP1,3,-4.8821,36,-1.2753,96,0.20964,172,1.15670,53,-0.7427,82,-0.0511,105,0.34828,128,0.66477,92,0.17601
ENSG00000005339,CREBBP,2,-4.2055,43,-0.0278,53,0.27052,26,-0.7895,39,-0.2124,67,0.64724,51,0.23383,62,0.54152,48,0.17492
ENSG00000162104,ADCY9,42,1.72532,2,-2.4272,0,-7.7322,9,-0.7178,11,-0.3957,25,0.83116,12,-0.2483,7,-1.0052,17,0.36577
ENSG00000217930,PAM16,258,1.85814,49,-0.8537,35,-1.3379,101,0.26417,61,-0.5500,59,-0.5580,103,0.29851,84,-0.0255,74,-0.2771
ENSG00000262246,CORO7,2,-3.3173,54,1.63497,15,-0.4683,0,-4.8670,20,-0.0096,15,-0.3770,20,0.04283,27,0.45632,21,0.15802
ENSG00000103423,DNAJA3,33,-0.1681,27,-0.4861,33,-0.1578,2,-3.7962,22,-0.7978,36,-0.0428,64,0.88061,57,0.69429,45,0.45121
ENSG00000153406,NMRAL1,45,-0.3184,58,0.07844,81,0.59569,57,0.05375,42,-0.4665,84,0.66074,61,0.16107,54,-0.0275,49,-0.2538
ENSG00000103415,HMOX2,2,-5.7889,117,-0.0444,86,-0.5263,91,-0.4396,91,-0.4593,70,-0.8211,203,0.83175,128,0.09488,172,0.81279
ENSG00000089486,CDIP1,44,-1.7473,84,-0.7977,108,-0.4262,82,-0.8314,133,-0.1176,184,0.40334,220,0.69598,140,-0.0268,180,0.52186
ENSG00000153443,UBALD1,2,-4.0711,16,-1.1391,15,-1.2205,34,0.00531,36,0.11003,56,0.81123,43,0.38559,40,0.26294,40,0.37857
ENSG00000102858,MGRN1,67,1.00576,24,-0.5860,34,-0.0580,21,-0.8148,34,-0.0817,42,0.23598,45,0.35373,18,-1.0441,36,0.04013
ENSG00000168101,NUDT16L1,2,-4.8068,50,-0.1701,57,0.02098,39,-0.5669,48,-0.2792,74,0.42464,72,0.37776,47,-0.2916,74,0.61204
ENSG00000067836,ROGDI,56,-1.3926,238,0.85017,167,0.28304,132,-0.0852,101,-0.5298,141,0.01061,201,0.57814,213,0.66995,116,-0.3636
ENSG00000140632,GLYR1,45,-0.8602,41,-1.0063,62,-0.3767,68,-0.2488,65,-0.3453,131,0.79283,88,0.16280,102,0.38158,92,0.31362
ENSG00000118900,UBN1,2,-2.8799,7,-1.1457,11,-0.4086,39,1.60980,12,-0.2660,16,0.16700,8,-0.8965,7,-1.1566,19,0.55420
ENSG00000118898,PPL,114,2.48512,0,-6.3346,0,-8.6051,0,-5.2848,8,-1.9540,0,-8.4494,24,-0.2017,1,-4.0438,50,1.52273
ENSG00000103184,SEC14L5,2,-3.3556,82,2.38980,20,0.00690,0,-4.9045,14,-0.6411,18,-0.1728,30,0.61649,15,-0.4226,17,-0.3178
ENSG00000103174,NAGPA,2,-3.8993,8,-1.9481,1,-4.5509,37,0.35193,26,-0.2340,31,0.07334,74,1.47000,20,-0.5936,41,0.69976
ENSG00000033011,ALG1,2,-2.5225,14,0.28147,4,-1.4864,0,-4.0782,10,-0.1614,12,0.08280,19,0.77016,17,0.60758,15,0.59641
ENSG00000153446,C16orf89,2,-2.6455,10,-0.6492,82,2.88314,16,-0.0248,25,0.78865,5,-1.7819,0,-4.2967,3,-2.5616,10,-0.8376
ENSG00000078328,RBFOX1,2,-6.3081,5,-5.0090,43,-1.9572,167,0.07153,140,-0.2273,257,0.75929,301,1.01771,233,0.59411,198,0.46786
ENSG00000183044,ABAT,147,-0.0378,41,-1.9491,99,-0.6391,302,1.12682,152,0.01449,132,-0.2008,98,-0.6563,229,0.66592,151,0.01077
ENSG00000184857,TMEM186,21,0.87738,13,0.13590,6,-1.0947,10,-0.2579,5,-1.2269,17,0.50226,12,0.02909,21,0.90107,11,-0.1220
ENSG00000153048,CARHSP1,2,-4.0739,86,1.54328,62,0.97562,52,0.67889,35,0.03842,30,-0.1726,5,-2.6445,34,0.02864,24,-0.6270
ENSG00000187555,USP7,70,-0.3045,52,-0.7567,34,-1.4011,139,0.77736,60,-0.5775,115,0.46130,123,0.57146,112,0.43158,87,0.02545
ENSG00000182831,C16orf72,81,0.97704,24,-0.9187,52,0.26159,88,1.12585,23,-1.0612,35,-0.3526,38,-0.2094,54,0.30726,39,-0.2646
ENSG00000183454,GRIN2A,287,0.73899,8,-4.4537,67,-1.4946,181,0.00172,101,-0.9486,197,0.13426,206,0.20310,183,0.02217,254,0.78054
ENSG00000166669,ATF7IP2,2,-2.6091,3,-1.8841,13,0.12346,0,-4.1640,15,0.35453,29,1.38234,13,0.13862,7,-0.7489,15,0.45282
ENSG00000166676,TVP23A,2,-2.6766,3,-1.9586,3,-1.9672,0,-4.2169,12,-0.1375,24,1.01383,22,0.86146,9,-0.5063,19,0.98518
ENSG00000182108,DEXI,56,0.11378,46,-0.1832,42,-0.3354,7,-2.9525,51,-0.0285,36,-0.5736,71,0.48718,52,-0.0119,67,0.53104
ENSG00000038532,CLEC16A,41,1.18518,12,-0.7642,0,-7.0342,60,1.84616,11,-0.9026,16,-0.2845,13,-0.6801,5,-1.8706,22,0.20240
ENSG00000189067,LITAF,2,-4.3122,237,3.30701,99,1.48831,0,-5.8579,37,-0.1240,19,-1.1423,7,-2.4467,26,-0.6443,14,-1.8779
ENSG00000184602,SNN,182,-0.0511,52,-1.9285,103,-0.9130,140,-0.4550,141,-0.4734,197,0.06980,231,0.32219,221,0.25142,259,0.72571
ENSG00000153066,TXNDC11,64,2.67944,9,-0.5737,5,-1.3806,2,-2.8826,9,-0.7140,15,0.16418,6,-1.2229,6,-1.3078,14,-0.0214
ENSG00000122299,ZC3H7A,2,-3.2984,24,0.31110,24,0.29142,0,-4.8254,18,-0.1225,31,0.73869,12,-0.7806,39,1.10432,22,0.20670
ENSG00000171490,RSL1D1,8,-3.0412,59,-0.2077,54,-0.3407,56,-0.2809,67,0.00310,85,0.36310,61,-0.1381,104,0.70294,78,0.31461
ENSG00000103342,GSPT1,181,1.39505,88,0.20408,67,-0.2109,67,-0.2189,58,-0.4743,69,-0.1654,79,0.03482,61,-0.3670,69,-0.2327
ENSG00000048471,SNX29,2,-2.5653,35,1.77106,33,1.67810,0,-4.1235,11,-0.0841,5,-1.2775,10,-0.2557,11,-0.1061,9,-0.5518
ENSG00000103381,CPPED1,8,-0.8980,55,2.15035,14,-0.1610,29,1.01888,13,-0.2837,10,-0.5788,6,-1.3273,21,0.51224,7,-1.3082
ENSG00000237515,SHISA9,43,-0.1568,5,-3.2853,7,-2.6925,53,0.17140,23,-1.1689,48,0.03398,57,0.29751,86,0.96378,67,0.80624
ENSG00000186260,MRTFB,69,-1.0584,9,-4.0071,36,-2.0364,32,-2.1920,100,-0.5398,299,1.25035,304,1.27939,138,-0.0044,179,0.56685
ENSG00000140694,PARN,2,-3.3337,26,0.41155,27,0.44221,1,-3.4734,14,-0.5615,39,1.06395,24,0.25264,24,0.26409,22,0.23558
ENSG00000103429,BFAR,82,1.59646,20,-0.6973,19,-0.7487,70,1.31306,18,-0.9047,11,-1.5378,28,-0.1545,15,-1.0808,31,-0.0041
ENSG00000103512,NOMO1,2,-5.1848,52,-0.5124,63,-0.2396,27,-1.5123,62,-0.2766,120,0.78459,103,0.53800,92,0.35455,92,0.51212
ENSG00000183426,NPIPA1,40,1.33665,11,-0.7180,3,-2.4395,0,-4.6687,17,-0.0094,28,0.74282,22,0.38669,11,-0.6524,19,0.18420
ENSG00000179889,PDXDC1,98,1.07078,32,-0.6737,39,-0.3785,46,-0.1376,38,-0.4735,61,0.29136,39,-0.4021,35,-0.5386,57,0.26936
ENSG00000157045,NTAN1,113,1.86056,19,-1.0227,12,-1.6814,48,0.38749,26,-0.5676,36,-0.0556,41,0.15002,17,-1.1897,36,-0.0436
ENSG00000085721,RRN3,2,-3.0736,25,0.62457,6,-1.3683,27,0.77791,7,-1.3042,29,0.87784,11,-0.6458,18,0.13710,21,0.48911
ENSG00000156968,MPV17L,2,-2.3909,11,0.13077,11,0.09469,16,0.63138,8,-0.3956,28,1.58534,8,-0.3478,2,-1.9608,10,-0.0468
ENSG00000166780,BMERB1,322,0.26369,70,-2.0322,133,-1.0874,266,-0.0369,191,-0.5885,261,-0.0651,342,0.36286,334,0.32112,357,0.60593
ENSG00000166783,MARF1,154,1.88661,39,-0.3969,27,-0.9264,1,-4.8146,47,-0.1006,44,-0.2083,41,-0.3113,46,-0.1447,51,0.04706
ENSG00000133393,FOPNL,2,-3.7720,25,-0.1555,20,-0.4591,59,1.23366,18,-0.6681,33,0.27248,42,0.68364,14,-0.9757,31,0.27995
ENSG00000103489,XYLT1,2,-3.9290,13,-1.2568,7,-2.0981,5,-2.7016,26,-0.2722,53,0.89159,78,1.53078,29,-0.0970,40,0.57312
ENSG00000134419,RPS15A,696,0.48375,1041,1.15066,905,0.91416,273,-0.9619,643,0.39380,332,-0.6684,291,-0.8665,538,0.07470,326,-0.8689
ENSG00000170540,ARL6IP1,165,-1.6956,198,-1.4265,457,-0.1640,579,0.20469,410,-0.3581,687,0.47818,841,0.80762,675,0.44925,546,0.15027
ENSG00000157106,SMG1,17,-0.8197,29,-0.0605,60,1.12201,8,-1.8459,25,-0.3114,34,0.17714,28,-0.1269,51,0.82957,28,-0.1152
ENSG00000170537,TMC7,2,-2.0962,64,3.96405,14,0.78611,0,-3.6565,5,-0.8593,3,-1.3639,1,-2.7869,1,-2.9581,3,-1.4686
ENSG00000167186,COQ7,2,-2.4526,15,0.47121,9,-0.3170,16,0.55435,10,-0.1174,8,-0.4086,5,-1.0711,14,0.41084,13,0.39721
ENSG00000103528,SYT17,2,-4.4232,13,-1.7955,20,-1.1578,39,-0.1591,29,-0.6231,18,-1.3174,162,2.26860,71,0.79967,44,0.05664
ENSG00000006007,GDE1,62,-0.8761,161,0.60463,84,-0.4175,180,0.78699,66,-0.8371,110,0.00079,116,0.08079,80,-0.4966,126,0.29939
ENSG00000103540,CCP110,11,-2.3627,196,2.24187,105,1.09962,49,-0.1238,41,-0.4466,51,-0.0481,37,-0.5697,33,-0.7338,32,-0.9636
ENSG00000103544,VPS35L,89,0.73853,81,0.58681,41,-0.4590,32,-0.8268,36,-0.7025,50,-0.1893,54,-0.0619,53,-0.0787,64,0.27051
ENSG00000103550,KNOP1,2,-3.2623,59,1.88746,32,0.79059,14,-0.4659,23,0.33726,15,-0.3366,14,-0.4803,15,-0.3851,13,-0.7607
ENSG00000174628,IQCK,2,-3.2014,46,1.48070,83,2.64020,0,-4.7306,16,-0.2433,15,-0.2609,2,-3.0546,6,-1.6220,13,-0.6321
ENSG00000167191,GPRC5B,63,-2.0979,1150,2.68009,957,2.29104,86,-1.6382,268,0.09157,105,-1.3376,43,-2.6320,97,-1.4504,66,-2.3550
ENSG00000066654,THUMPD1,2,-3.7621,36,0.43990,39,0.57882,28,0.06485,22,-0.3571,40,0.60486,30,0.13775,17,-0.6795,29,0.15631
ENSG00000102897,LYRM1,2,-4.5306,31,-0.6262,49,0.08745,123,1.60383,39,-0.3076,43,-0.1251,63,0.47029,37,-0.3367,45,-0.0712
ENSG00000103316,CRYM,6,-4.8117,6,-4.8024,55,-1.7647,67,-1.4876,133,-0.4948,446,1.50982,320,0.93558,166,-0.1106,248,0.74009
ENSG00000197006,METTL9,113,0.25715,67,-0.5385,91,-0.0695,73,-0.4218,84,-0.2119,125,0.42564,86,-0.1581,81,-0.2574,109,0.28973
ENSG00000140740,UQCRC2,90,-1.2651,102,-1.0794,185,-0.1764,295,0.55550,146,-0.5824,301,0.58886,296,0.56249,347,0.81915,198,-0.0984
ENSG00000185716,MOSMO,2,-4.7220,22,-1.3328,72,0.47044,77,0.57833,38,-0.5364,116,1.27458,38,-0.4966,52,-0.0206,59,0.21174
ENSG00000058600,POLR3E,2,-3.1918,14,-0.3830,11,-0.7437,16,-0.1891,13,-0.5237,35,1.05059,15,-0.3218,31,0.83941,22,0.36261
ENSG00000140743,CDR2,2,-2.9078,2,-2.6490,1,-3.1159,0,-4.4603,10,-0.5998,4,-1.8169,17,0.21833,2,-2.8278,36,2.62255
ENSG00000122254,HS3ST2,25,-0.5830,5,-2.8878,6,-2.7275,14,-1.3891,25,-0.6288,86,1.38228,101,1.66999,39,0.09444,38,0.06873
ENSG00000103404,USP31,2,-3.1773,17,-0.1187,21,0.23231,44,1.44261,17,-0.0976,27,0.63458,21,0.20549,15,-0.2422,13,-0.5532
ENSG00000168434,COG7,2,-3.0305,18,0.15524,18,0.16949,19,0.22164,17,0.08926,7,-1.1596,23,0.55924,11,-0.5915,20,0.40781
ENSG00000103365,GGA2,2,-3.1188,10,-0.8407,13,-0.4088,2,-2.6847,14,-0.3940,18,0.07025,18,0.10731,22,0.35204,28,1.13338
ENSG00000103353,UBFD1,31,-0.3487,18,-1.1303,16,-1.3561,35,-0.1788,36,-0.1355,42,0.14180,66,0.84297,20,-1.0303,51,0.62310
ENSG00000004779,NDUFAB1,207,-0.4906,147,-1.0056,204,-0.5138,293,0.04436,264,-0.1329,229,-0.3367,446,0.71399,266,-0.1068,346,0.42480
ENSG00000166847,DCTN5,183,1.56026,49,-0.5854,67,-0.0885,8,-3.2637,65,-0.1595,89,0.35356,53,-0.4567,51,-0.4993,74,0.08043
ENSG00000166501,PRKCB,236,-0.6587,38,-3.3513,64,-2.5861,245,-0.6017,515,0.62059,1141,1.93763,335,-0.1212,352,-0.0436,317,-0.2679
ENSG00000006116,CACNG3,54,-1.5256,9,-4.0640,53,-1.5300,57,-1.4243,94,-0.7365,275,1.00614,162,0.15077,127,-0.2328,248,1.26281
ENSG00000122257,RBBP6,2,-4.0168,47,0.59640,45,0.50983,56,0.87367,34,0.09909,30,-0.1386,33,0.03407,42,0.41510,24,-0.5534
ENSG00000090905,TNRC6A,68,0.56089,56,0.24446,62,0.39964,53,0.16302,34,-0.5763,72,0.65581,46,-0.0711,31,-0.6579,42,-0.2804
ENSG00000158865,SLC5A11,10,0.06707,97,5.05340,11,0.19529,0,-3.8671,4,-1.3492,0,-5.1395,1,-2.7447,0,-5.1015,0,-5.6614
ENSG00000205629,LCMT1,109,0.72699,41,-0.8137,35,-1.0380,83,0.28134,51,-0.4896,97,0.52958,110,0.73938,69,-0.0118,63,-0.1778
ENSG00000182601,HS3ST4,2,-4.2956,5,-2.8829,61,0.69229,18,-1.1465,46,0.27707,283,3.85975,6,-2.8158,6,-2.6139,9,-2.4233
ENSG00000169189,NSMCE1,51,0.22011,60,0.49076,85,1.04473,10,-2.1752,43,-0.0423,53,0.27387,44,-0.0196,45,0.02044,35,-0.4429
ENSG00000077235,GTF3C1,41,-0.5576,37,-0.7065,16,-1.9731,43,-0.4949,43,-0.5326,78,0.42339,82,0.50500,74,0.34693,79,0.62963
ENSG00000169181,GSG1L,87,1.99047,3,-2.9962,22,-0.3180,8,-1.7095,16,-0.8342,94,2.14159,4,-2.6029,29,0.15113,17,-0.8868
ENSG00000169180,XPO6,2,-4.6095,36,-0.4635,16,-1.6835,20,-1.3447,44,-0.1782,52,0.10483,82,0.80870,80,0.77870,65,0.64132
ENSG00000188322,SBK1,37,1.05882,3,-2.7524,4,-2.1604,0,-4.8026,23,0.31253,13,-0.5183,20,0.04518,8,-1.1954,29,0.96827
ENSG00000188603,CLN3,2,-3.1252,24,0.48158,18,0.07081,68,2.33390,16,-0.1670,13,-0.4011,14,-0.3346,2,-2.6704,13,-0.5220
ENSG00000176046,NUPR1,10,-1.9195,126,2.11690,171,2.75977,0,-5.7168,39,0.14208,9,-2.0985,6,-2.6381,8,-2.1247,15,-1.5418
ENSG00000196502,SULT1A1,2,-4.6138,7,-2.8450,53,0.12635,47,-0.0602,50,0.04200,31,-0.6840,60,0.29802,72,0.60645,67,0.67606
ENSG00000168488,ATXN2L,2,-4.0243,26,-0.4345,36,0.05268,27,-0.3520,23,-0.6585,53,0.68127,40,0.23625,52,0.64038,42,0.40498
ENSG00000178952,TUFM,65,-1.3225,131,-0.2601,191,0.32596,190,0.31766,154,-0.0177,116,-0.4458,191,0.32441,114,-0.4751,179,0.29635
ENSG00000178188,SH2B1,2,-3.8476,37,0.39362,22,-0.4083,7,-2.1320,30,0.08403,36,0.32758,51,0.89730,28,-0.0220,33,0.28552
ENSG00000176953,NFATC2IP,2,-3.6182,29,0.28550,12,-1.0522,37,0.65014,21,-0.2844,15,-0.7727,27,0.14326,56,1.33471,25,0.03182
ENSG00000169682,SPNS1,2,-3.0956,24,0.50973,45,1.59774,0,-4.6469,13,-0.3945,9,-0.8777,12,-0.4927,15,-0.2360,22,0.54071
ENSG00000183336,BOLA2,2,-3.6390,12,-1.0654,8,-1.6123,114,2.66565,14,-0.9050,27,0.12573,33,0.43453,4,-2.4925,24,-0.0870
ENSG00000103485,QPRT,2,-2.9992,18,0.23324,48,1.84288,29,0.93787,17,0.12785,1,-4.1241,9,-0.7690,19,0.25436,11,-0.6132
ENSG00000079616,KIF22,7,-2.6118,42,-0.0092,47,0.16977,131,1.88020,39,-0.1296,29,-0.5745,26,-0.7542,22,-1.0043,42,-0.0036
ENSG00000103495,MAZ,99,0.25175,50,-0.7865,46,-0.9172,99,0.26169,94,0.18208,138,0.78892,83,-0.0178,80,-0.0877,78,-0.1575
ENSG00000167371,PRRT2,79,-0.5040,5,-4.3709,38,-1.6013,93,-0.2686,105,-0.0755,236,1.23866,187,0.84408,116,0.07603,117,0.12661
ENSG00000280789,PAGR1,2,-3.2956,37,1.02345,53,1.61906,1,-3.9075,24,0.31906,21,0.07855,17,-0.2163,8,-1.2270,17,-0.2626
ENSG00000013364,MVP,87,2.74193,57,1.86960,53,1.75667,0,-4.7614,12,-0.6804,2,-3.0229,0,-7.8850,1,-3.8694,4,-2.6117
ENSG00000103502,CDIPT,2,-5.6115,57,-0.8440,81,-0.2938,84,-0.2498,70,-0.5739,114,0.22172,126,0.38582,183,0.99841,124,0.50308
ENSG00000174938,SEZ6L2,197,-0.7974,74,-2.2495,160,-1.1106,613,0.99023,202,-0.8128,493,0.62749,451,0.48516,380,0.21061,386,0.32464
ENSG00000174939,ASPHD1,2,-5.3036,102,0.39801,52,-0.6486,88,0.15741,96,0.32443,99,0.34561,83,0.06983,54,-0.5941,90,0.27363
ENSG00000174943,KCTD13,2,-4.1995,27,-0.4664,52,0.53992,72,1.06752,27,-0.4911,36,-0.0424,35,-0.0703,23,-0.7201,44,0.40685
ENSG00000149932,TMEM219,99,-0.2418,218,1.02965,195,0.84152,79,-0.5733,123,0.11606,92,-0.3488,105,-0.1526,61,-0.9769,101,-0.2691
ENSG00000149930,TAOK2,2,-3.9140,19,-0.7298,26,-0.2153,26,-0.2353,37,0.36860,53,0.89244,31,0.06623,23,-0.3870,34,0.27267
ENSG00000149929,HIRIP3,2,-3.4836,47,1.21042,40,0.94157,7,-1.6978,27,0.33363,21,-0.1169,27,0.29133,15,-0.6144,19,-0.2944
ENSG00000169592,INO80E,2,-3.8290,41,0.58356,25,-0.2248,2,-3.8707,31,0.16499,32,0.16432,35,0.30228,37,0.41479,34,0.35875
ENSG00000149927,DOC2A,189,0.39688,9,-4.0451,32,-2.2740,140,-0.0737,94,-0.7325,252,0.86306,244,0.81121,176,0.28096,170,0.31492
ENSG00000149926,TLCD3B,54,0.68879,2,-3.7485,3,-3.3467,28,-0.3168,38,0.17090,32,-0.1081,33,-0.0618,51,0.62421,42,0.43388
ENSG00000149925,ALDOA,2,-5.2897,54,-0.9690,72,-0.5139,95,-0.1067,78,-0.4290,94,-0.1096,223,1.28762,166,0.78568,114,0.24333
ENSG00000149923,PPP4C,39,-0.2482,45,-0.0410,90,1.06052,79,0.86105,31,-0.6741,32,-0.5821,45,-0.0549,47,0.02849,41,-0.2478
ENSG00000090238,YPEL3,527,0.78865,228,-0.5345,125,-1.4291,286,-0.1821,233,-0.5389,329,0.03495,443,0.50478,337,0.07053,361,0.24647
ENSG00000102882,MAPK3,44,-1.7697,95,-0.6495,128,-0.1850,136,-0.0884,125,-0.2419,30,-2.3589,172,0.27101,171,0.26506,213,0.89844
ENSG00000102879,CORO1A,108,0.41711,22,-1.9436,23,-1.9319,33,-1.3670,54,-0.6906,67,-0.3281,143,0.87406,61,-0.4818,128,1.01798
ENSG00000169627,BOLA2B,52,1.35434,26,0.25421,17,-0.4255,0,-5.0307,25,0.19214,12,-0.9211,7,-1.6988,14,-0.6785,28,0.49007
ENSG00000169217,CD2BP2,90,0.79357,47,-0.2203,63,0.22542,30,-0.8959,52,-0.0933,48,-0.1910,53,-0.0478,68,0.34569,52,-0.1121
ENSG00000169221,TBC1D10B,2,-3.8295,57,0.72036,22,-0.7105,18,-1.0544,36,-0.0103,43,0.27642,60,0.80986,51,0.56094,36,-0.0190
ENSG00000180035,ZNF48,2,-2.3626,8,-0.3885,0,-7.1977,2,-1.9839,13,0.43355,13,0.37684,6,-0.7136,14,0.45503,15,0.92315
ENSG00000179965,ZNF771,2,-3.9301,16,-0.9794,31,0.03733,2,-3.9202,41,0.49569,46,0.64234,51,0.81946,18,-0.7993,37,0.44340
ENSG00000179958,DCTPP1,2,-4.2473,22,-0.8227,19,-1.0302,28,-0.4428,37,-0.0496,17,-1.1918,68,0.92265,72,1.02997,48,0.50771
ENSG00000179918,SEPHS2,12,-1.9723,29,-0.7347,22,-1.1817,14,-1.8016,31,-0.6754,72,0.65078,88,0.99214,49,0.06058,67,0.77907
ENSG00000169957,ZNF768,2,-2.0990,13,0.69311,7,-0.2130,0,-3.6508,17,1.22632,6,-0.5497,6,-0.4516,1,-2.3587,10,0.35736
ENSG00000169955,ZNF747,8,-0.4138,16,0.59277,24,1.28146,2,-2.2976,9,-0.2836,11,0.00087,11,0.07758,12,0.20519,9,-0.2725
ENSG00000229809,ZNF688,2,-2.5614,27,1.36949,9,-0.3146,4,-1.6097,20,0.97574,6,-0.9004,11,-0.0255,14,0.27558,9,-0.4452
ENSG00000156858,PRR14,47,1.92247,18,0.29995,15,0.01697,0,-4.4440,14,-0.0660,11,-0.4840,14,-0.0964,7,-0.9920,13,-0.2753
ENSG00000156860,FBRS,2,-3.3742,42,1.12017,34,0.77072,32,0.70144,22,0.12901,14,-0.5391,20,-0.0611,22,0.11970,14,-0.6748
ENSG00000080603,SRCAP,2,-3.4141,20,-0.0668,32,0.61680,21,-0.0116,21,0.01671,34,0.71650,27,0.40006,22,0.03922,19,-0.2276
ENSG00000156873,PHKG2,52,0.99065,23,-0.3095,30,0.13034,1,-4.0081,19,-0.6045,25,-0.1634,48,0.84332,32,0.21308,28,0.02886
ENSG00000196118,CCDC189,2,-2.4283,1,-2.8889,0,-4.4810,0,-3.9849,9,-0.2296,6,-0.7810,32,1.82398,5,-1.1022,18,1.27956
ENSG00000103549,RNF40,65,0.98294,23,-0.6331,36,0.01572,22,-0.7171,30,-0.2665,28,-0.3258,44,0.33713,35,-0.0289,36,0.06422
ENSG00000099385,BCL7C,41,0.10386,63,0.78562,96,1.49876,53,0.48992,48,0.38628,27,-0.5481,17,-1.2334,27,-0.5208,20,-1.2034
ENSG00000099364,FBXL19,2,-3.3547,10,-1.0071,6,-1.6965,4,-2.2984,31,0.74828,29,0.56133,22,0.09465,34,0.79679,24,0.33199
ENSG00000099381,SETD1A,2,-2.5389,12,0.10002,1,-2.9046,12,0.10896,9,-0.4419,15,0.43791,11,-0.0477,18,0.71132,15,0.56244
ENSG00000099365,STX1B,266,0.51269,21,-3.3020,70,-1.5353,273,0.55132,174,-0.1682,206,0.10387,204,0.08975,262,0.48704,214,0.21995
ENSG00000103496,STX4,41,-0.1795,86,0.97983,59,0.37879,31,-0.6359,44,-0.0816,60,0.41082,51,0.14368,45,-0.0462,35,-0.5223
ENSG00000167397,VKORC1,40,-0.1835,91,1.11639,38,-0.2876,47,0.04164,35,-0.4196,29,-0.6922,37,-0.3001,41,-0.1614,49,0.17597
ENSG00000103507,BCKDK,48,0.02151,33,-0.5548,22,-1.1654,56,0.24522,33,-0.6076,75,0.71530,50,0.06871,51,0.10553,55,0.29584
ENSG00000103510,KAT8,39,-0.1077,44,0.06814,39,-0.1113,60,0.56592,28,-0.6443,58,0.50419,30,-0.4910,63,0.64362,39,-0.1544
ENSG00000089280,FUS,156,0.09462,143,-0.0453,176,0.28065,124,-0.2642,142,-0.0544,140,-0.0686,113,-0.4019,166,0.19068,152,0.06900
ENSG00000169900,PYDC1,2,-3.6419,3,-2.8552,2,-3.4396,5,-2.2951,15,-0.8293,15,-0.8016,34,0.49072,20,-0.3541,53,2.08330
ENSG00000140691,ARMC5,2,-2.9016,18,0.26948,19,0.38816,20,0.48060,17,0.18884,19,0.38784,18,0.27286,11,-0.4696,13,-0.2144
ENSG00000140688,C16orf58,2,-4.2862,25,-0.6706,31,-0.3498,35,-0.1555,35,-0.1881,66,0.82468,85,1.25397,29,-0.4811,42,0.12630
ENSG00000197302,ZNF720,2,-2.5659,13,0.19276,10,-0.1915,15,0.33702,10,-0.3178,14,0.23005,8,-0.5292,10,-0.2659,15,0.58600
ENSG00000069329,VPS35,169,-0.4615,104,-1.1898,81,-1.5533,258,0.19634,142,-0.7738,323,0.55224,311,0.49011,222,-0.0398,302,0.63377
ENSG00000155330,C16orf87,2,-2.1899,9,0.08017,0,-7.0494,0,-3.7491,9,-0.0704,14,0.71893,15,0.83061,5,-0.7799,13,0.88474
ENSG00000166123,GPT2,100,1.06902,56,0.13864,100,1.07570,9,-2.5015,59,0.24101,44,-0.2340,31,-0.7492,39,-0.4161,42,-0.3829
ENSG00000069345,DNAJA2,144,0.33351,56,-1.1092,76,-0.6444,204,0.89993,61,-1.0436,162,0.52285,168,0.58503,85,-0.4889,124,0.13156
ENSG00000171208,NETO2,3,-3.4433,3,-3.7242,11,-1.8464,229,3.34138,19,-1.0691,32,-0.2519,27,-0.4911,45,0.24818,26,-0.7034
ENSG00000129636,ITFG1,64,-2.0330,75,-1.7886,83,-1.6491,794,1.97310,104,-1.3943,378,0.67317,316,0.38327,399,0.76520,225,-0.1926
ENSG00000102893,PHKB,57,0.54856,46,0.20432,61,0.64496,45,0.16726,31,-0.4563,44,0.13666,35,-0.2074,39,-0.0681,34,-0.3314
ENSG00000102910,LONP2,45,-0.5143,50,-0.3733,65,0.04346,104,0.78871,57,-0.1920,58,-0.1441,69,0.12303,61,-0.0675,65,0.05052
ENSG00000196470,SIAH1,2,-3.0901,26,0.68366,10,-0.7302,0,-4.6267,16,-0.0747,24,0.52884,27,0.73517,16,-0.0538,20,0.40448
ENSG00000102921,N4BP1,2,-2.8579,17,0.22744,1,-3.1581,16,0.18384,21,0.68072,12,-0.2898,13,-0.1996,3,-2.1769,20,0.75612
ENSG00000205423,CNEP1R1,2,-2.9484,12,-0.3460,7,-1.1911,24,0.69740,10,-0.6098,18,0.24905,20,0.40967,12,-0.3337,21,0.67626
ENSG00000121274,TENT4B,2,-3.3335,14,-0.5607,10,-1.0361,11,-0.8393,19,-0.0975,31,0.66635,32,0.71620,22,0.13937,25,0.51385
ENSG00000166164,BRD7,2,-4.5065,99,1.25997,71,0.71009,40,-0.2049,54,0.29953,51,0.17945,29,-0.6643,39,-0.2492,38,-0.3539
ENSG00000083799,CYLD,2,-4.1208,35,-0.3995,31,-0.6176,107,1.37370,35,-0.4734,70,0.65449,56,0.30817,37,-0.3157,48,0.07365
ENSG00000103449,SALL1,2,-3.2302,110,3.24976,31,0.80342,19,0.02745,22,0.26020,7,-1.4153,0,-6.6196,1,-4.0572,8,-1.5876
ENSG00000177200,CHD9,70,0.80618,41,-0.0579,35,-0.2799,54,0.39545,41,-0.0542,45,0.10349,40,-0.0706,39,-0.1008,35,-0.3474
ENSG00000103479,RBL2,2,-3.1000,54,1.90041,17,0.01981,19,0.18196,21,0.38811,20,0.21622,20,0.21495,4,-2.0430,11,-0.8270
ENSG00000166971,AKTIP,97,0.33872,72,-0.1284,96,0.33243,80,0.04050,69,-0.2082,136,0.89537,62,-0.3583,43,-0.9188,73,-0.1465
ENSG00000103494,RPGRIP1L,2,-2.9763,5,-1.6213,22,0.55754,20,0.36831,13,-0.2363,23,0.60941,34,1.24507,12,-0.4205,14,-0.1448
ENSG00000140718,FTO,2,-5.0545,59,-0.4020,78,0.02836,99,0.40678,50,-0.7001,119,0.70315,95,0.33089,98,0.39122,87,0.25681
ENSG00000087253,LPCAT2,2,-2.5287,38,2.00875,23,1.08897,19,0.76640,11,-0.1218,0,-4.0022,4,-1.5767,21,0.97693,5,-1.4079
ENSG00000087258,GNAO1,262,-0.7065,180,-1.2703,182,-1.2535,271,-0.6555,367,-0.2027,542,0.42360,569,0.50344,666,0.75749,496,0.38912
ENSG00000159461,AMFR,25,-1.5195,101,0.60201,97,0.52451,15,-2.2566,59,-0.2601,100,0.57390,69,-0.0018,91,0.43276,71,0.05040
ENSG00000167005,NUDT21,18,-2.3137,57,-0.5828,82,-0.0335,43,-1.0330,73,-0.2430,114,0.48029,138,0.78786,92,0.14559,101,0.39525
ENSG00000087263,OGFOD1,2,-3.7503,31,0.22122,24,-0.1517,64,1.39897,18,-0.6533,25,-0.0914,23,-0.2533,20,-0.4471,31,0.31625
ENSG00000125124,BBS2,47,-0.2625,71,0.37200,89,0.73654,11,-2.3392,59,0.09286,44,-0.3573,36,-0.6736,78,0.53083,58,0.07568
ENSG00000087250,MT3,3572,0.04731,3236,-0.1068,7204,1.19146,2535,-0.4831,5564,0.85112,2782,-0.3404,2049,-0.8064,2881,-0.2869,2417,-0.7019
ENSG00000125148,MT2A,626,0.06130,737,0.31846,1869,1.91103,236,-1.4191,1049,1.00888,264,-1.2539,158,-2.0086,493,-0.3107,337,-1.0957
ENSG00000169715,MT1E,283,-0.4276,357,-0.0664,1266,2.08171,303,-0.3224,598,0.84799,159,-1.2995,115,-1.7744,240,-0.6799,233,-0.9018
ENSG00000205364,MT1M,219,0.18564,185,-0.0784,524,1.64379,136,-0.5543,349,1.06129,101,-1.0048,51,-2.0177,133,-0.5836,122,-0.9013
ENSG00000198417,MT1F,252,1.22608,104,-0.1956,341,1.76318,92,-0.3910,172,0.65809,42,-1.5627,22,-2.4671,40,-1.6329,76,-0.8537
ENSG00000125144,MT1G,100,-1.0364,37,-2.4879,640,1.98131,158,-0.3527,374,1.16383,84,-1.2986,57,-1.8738,147,-0.4637,152,-0.5244
ENSG00000205358,MT1H,56,1.44093,3,-3.0428,8,-1.6043,31,0.45810,31,0.51640,0,-9.2194,0,-4.8347,14,-0.7498,32,0.70087
ENSG00000187193,MT1X,124,-0.5273,261,0.63861,632,2.20418,109,-0.7259,274,0.80004,62,-1.5751,29,-2.6758,109,-0.7225,100,-1.0524
ENSG00000102900,NUP93,2,-3.3844,18,-0.2570,5,-2.0912,10,-1.0929,19,-0.1678,26,0.37266,17,-0.2814,28,0.43868,32,0.98374
ENSG00000051108,HERPUD1,90,0.19778,61,-0.4011,97,0.31258,148,0.99821,54,-0.6352,94,0.27051,90,0.19687,79,-0.0141,66,-0.3589
ENSG00000140848,CPNE2,12,-1.6985,80,1.26147,54,0.59759,128,2.11103,27,-0.4820,78,1.21615,2,-4.0161,33,-0.1458,9,-2.3690
ENSG00000172775,FAM192A,2,-5.3317,100,0.32049,65,-0.3476,83,0.02338,84,0.05747,107,0.43299,67,-0.3121,71,-0.2228,99,0.42901
ENSG00000159579,RSPRY1,5,-1.2805,17,0.52941,13,0.06241,13,0.14265,15,0.34123,17,0.53117,14,0.16174,8,-0.7064,11,-0.2898
ENSG00000102931,ARL2BP,2,-5.0438,37,-0.8729,59,-0.1936,83,0.34796,60,-0.1768,101,0.65785,101,0.65805,71,0.10833,73,0.19200
ENSG00000102934,PLLP,2,-5.5534,807,3.79005,213,0.98351,37,-1.7209,90,-0.4137,50,-1.2795,22,-2.4812,88,-0.4166,26,-2.5644
ENSG00000006210,CX3CL1,2,-5.7334,9,-3.6463,37,-1.6190,105,-0.0402,57,-1.0144,306,1.74857,141,0.42732,105,-0.0311,144,0.66236
ENSG00000005194,CIAPIN1,44,-0.0229,26,-0.8568,14,-1.7379,55,0.30965,28,-0.7595,40,-0.1684,72,0.75347,45,-0.0122,58,0.56513
ENSG00000088682,COQ9,6,-2.3484,24,-0.2949,35,0.28928,41,0.50840,17,-0.8846,45,0.67252,46,0.70786,29,-0.0208,30,0.07775
ENSG00000102978,POLR2C,85,0.78236,48,-0.1389,58,0.16195,92,0.91321,33,-0.7495,53,0.03321,44,-0.2726,37,-0.5388,49,-0.1329
ENSG00000125170,DOK4,2,-2.9884,1,-3.4984,0,-5.9047,51,1.95759,13,-0.2837,24,0.66329,7,-1.1224,9,-0.9019,21,0.64647
ENSG00000205336,ADGRG1,45,-1.2642,65,-0.7259,449,2.55507,29,-1.9056,164,0.79474,81,-0.3912,40,-1.4594,52,-1.0644,68,-0.8233
ENSG00000140854,KATNB1,35,0.30950,7,-2.0092,10,-1.5336,7,-2.1336,23,-0.3418,43,0.63641,51,0.90550,32,0.14795,36,0.46245
ENSG00000140859,KIFC3,41,0.48484,27,-0.1823,34,0.18491,10,-1.6459,22,-0.5016,26,-0.2011,30,0.00741,18,-0.7607,40,0.63959
ENSG00000103005,USB1,2,-3.3978,8,-1.4135,28,0.44002,29,0.51979,28,0.48150,27,0.39796,37,0.91489,7,-1.6692,20,-0.1161
ENSG00000070761,CFAP20,4,-3.4450,48,-0.0563,53,0.09761,52,0.06923,46,-0.1348,65,0.43853,55,0.17034,36,-0.4922,60,0.40660
ENSG00000070770,CSNK2A2,2,-3.7233,23,-0.2325,18,-0.5906,10,-1.4494,28,0.07503,55,1.19439,24,-0.1545,29,0.17178,32,0.39643
ENSG00000103034,NDRG4,88,-2.9203,78,-3.0919,343,-0.9159,899,0.57733,446,-0.5595,925,0.62491,985,0.72708,564,-0.1584,837,0.65763
ENSG00000125107,CNOT1,2,-4.3013,37,-0.1149,26,-0.6362,6,-2.6571,36,-0.1424,45,0.18496,46,0.23157,104,1.59420,44,0.22777
ENSG00000103042,SLC38A7,2,-2.9108,10,-0.6311,14,-0.0421,28,0.97951,12,-0.3531,17,0.23598,17,0.17228,6,-1.3459,19,0.52714
ENSG00000125166,GOT2,5,-4.3574,80,-0.2648,54,-0.8576,100,0.08285,59,-0.7820,122,0.39431,156,0.79236,97,0.02888,126,0.62813
ENSG00000150394,CDH8,63,-0.3796,11,-2.9011,11,-2.8665,34,-1.2921,36,-1.2991,34,-1.2857,149,0.98684,53,-0.6320,155,1.69467
ENSG00000140937,CDH11,2,-3.6172,18,-0.4398,56,1.32511,5,-2.3446,26,0.07109,124,2.90554,20,-0.3442,11,-1.1948,8,-1.9213
ENSG00000166548,TK2,41,0.17102,37,0.00336,45,0.31095,17,-1.2045,43,0.23765,43,0.23769,23,-0.7368,34,-0.1422,39,0.11363
ENSG00000217555,CKLF,2,-3.4492,43,1.09191,41,0.99916,11,-0.9885,18,-0.2798,30,0.49782,11,-1.0449,24,0.17064,21,-0.0635
ENSG00000183723,CMTM4,2,-5.1482,55,-0.3902,66,-0.1191,62,-0.2071,60,-0.2824,104,0.59365,75,0.08485,41,-0.8458,100,0.77514
ENSG00000135720,DYNC1LI2,91,-0.7552,369,1.49696,184,0.33404,166,0.16734,138,-0.1255,183,0.32558,134,-0.1606,122,-0.3117,103,-0.7225
ENSG00000159593,NAE1,2,-4.4079,38,-0.1685,49,0.22973,25,-0.8065,28,-0.6906,56,0.42976,51,0.27690,58,0.48460,55,0.55041
ENSG00000172840,PDP2,2,-2.7844,19,0.48332,12,-0.1571,7,-0.9884,12,-0.1389,15,0.10941,15,0.19527,9,-0.5507,18,0.63725
ENSG00000166595,CIAO2B,29,-2.2646,258,1.06659,124,-0.1153,126,-0.0930,115,-0.2434,120,-0.1566,146,0.14099,144,0.12188,139,0.08552
ENSG00000172831,CES2,99,2.13278,23,-0.3317,32,0.21570,28,-0.0328,29,0.06211,24,-0.2696,10,-1.5808,10,-1.5132,21,-0.5975
ENSG00000172824,CES4A,99,2.29487,17,-0.6621,5,-2.2663,15,-0.8184,21,-0.3404,55,1.19513,20,-0.3855,12,-1.1792,18,-0.6870
ENSG00000067955,CBFB,2,-3.6118,62,1.51456,66,1.63250,37,0.64157,24,-0.0430,41,0.82168,11,-1.1722,15,-0.7121,9,-1.7306
ENSG00000125149,C16orf70,2,-4.1070,26,-0.4525,17,-1.0452,22,-0.6617,19,-0.9213,85,1.47680,33,-0.0510,46,0.46464,45,0.55774
ENSG00000102871,TRADD,2,-2.7326,18,0.45342,5,-1.3151,2,-2.6153,17,0.39077,11,-0.2246,11,-0.2599,22,0.80513,17,0.51332
ENSG00000102878,HSF4,2,-2.9708,6,-1.3963,24,0.66726,54,2.08617,10,-0.6904,15,-0.0135,16,0.04852,32,1.14309,8,-1.1355
ENSG00000140939,NOL3,2,-3.7501,31,0.19905,49,0.96130,18,-0.6147,27,0.03716,28,0.03577,31,0.20967,36,0.45342,25,-0.1283
ENSG00000196123,KIAA0895L,25,-0.0971,5,-2.3499,27,-0.0236,30,0.15466,22,-0.3405,32,0.26157,29,0.09580,49,0.95067,28,0.04316
ENSG00000205250,E2F4,2,-3.6559,19,-0.4524,28,0.15231,43,0.86013,23,-0.1846,23,-0.1287,34,0.44770,17,-0.6057,29,0.32209
ENSG00000168701,TMEM208,2,-4.8862,53,-0.1833,72,0.30473,40,-0.6089,55,-0.1318,76,0.38448,77,0.39984,74,0.34360,67,0.26771
ENSG00000159713,TPPP3,2,-5.5053,525,3.23195,209,1.34566,139,0.66503,66,-0.5521,28,-1.7814,37,-1.3656,39,-1.3032,20,-2.5712
ENSG00000159720,ATP6V0D1,232,-0.5354,135,-1.3527,209,-0.6939,388,0.26028,210,-0.7371,498,0.66120,651,1.10683,338,0.04189,351,0.13728
ENSG00000039523,RIPOR1,90,0.56475,11,-2.5705,22,-1.6044,116,0.97881,61,-0.0449,115,0.95827,47,-0.4592,71,0.17845,57,-0.2201
ENSG00000102974,CTCF,2,-3.5872,58,1.43524,30,0.32365,2,-3.6540,25,0.05591,46,1.02415,33,0.50027,20,-0.3065,18,-0.5269
ENSG00000159753,CARMIL2,40,-0.3580,0,-6.1699,36,-0.5073,78,0.69304,49,-0.0294,79,0.72037,61,0.31896,47,-0.0922,53,0.11603
ENSG00000102977,ACD,2,-3.5073,21,-0.1324,6,-1.8325,61,1.62400,21,-0.0926,21,-0.0905,28,0.34930,31,0.46463,20,-0.2107
ENSG00000102981,PARD6A,2,-4.2386,6,-2.6258,4,-3.1284,49,0.38934,38,-0.0055,38,-0.0126,45,0.26405,61,0.75580,53,0.76601
ENSG00000141098,GFOD2,2,-3.7391,8,-1.7526,30,0.19751,39,0.58162,25,-0.1315,30,0.19996,51,1.02877,18,-0.6105,30,0.24360
ENSG00000102901,CENPT,2,-3.6339,16,-0.6229,9,-1.4991,38,0.67783,21,-0.2829,17,-0.6060,36,0.58916,35,0.53542,32,0.55274
ENSG00000168286,THAP11,33,-0.1309,25,-0.5162,58,0.76256,7,-2.4012,23,-0.7453,62,0.87435,44,0.33401,57,0.73660,33,-0.1395
ENSG00000102898,NUTF2,17,-2.7221,118,0.15432,125,0.23803,123,0.20809,96,-0.1949,152,0.54760,152,0.55405,110,0.03485,102,-0.1075
ENSG00000038358,EDC4,2,-4.6130,22,-1.2351,54,0.13145,78,0.73845,27,-0.9741,60,0.32347,48,-0.0348,58,0.24595,66,0.65916
ENSG00000205220,PSMB10,44,-1.3690,105,-0.0602,105,-0.0499,64,-0.8128,143,0.47053,109,0.00500,101,-0.1235,136,0.34546,117,0.14655
ENSG00000103066,PLA2G15,2,-3.5894,11,-1.2167,12,-1.0622,50,1.19018,13,-0.9513,41,0.84212,40,0.80802,21,-0.2114,27,0.27670
ENSG00000103061,SLC7A6OS,45,1.73772,18,0.19247,6,-1.3892,31,1.10722,9,-0.8820,8,-1.0138,0,-5.0340,10,-0.6757,17,0.15468
ENSG00000132600,PRMT7,2,-3.6435,15,-0.7321,21,-0.2732,14,-0.8501,41,0.86937,75,1.82035,24,-0.0714,25,0.02508,17,-0.7542
ENSG00000103056,SMPD3,2,-3.5742,1,-3.8967,16,-0.5768,28,0.27580,15,-0.7282,73,1.86299,31,0.40030,22,-0.0843,26,0.20952
ENSG00000184939,ZFP90,64,1.47407,29,0.16479,17,-0.6603,6,-2.1977,29,0.20362,36,0.48932,38,0.58748,9,-1.5725,20,-0.4752
ENSG00000141076,UTP4,2,-3.6948,6,-2.0021,11,-1.2878,30,0.24594,28,0.11031,27,0.06239,31,0.28702,43,0.80593,33,0.50464
ENSG00000168807,SNTB2,44,1.52639,8,-1.1348,30,0.85566,22,0.41533,10,-0.8731,31,0.91002,12,-0.4932,2,-2.7742,14,-0.4523
ENSG00000132612,VPS4A,58,-0.8946,101,-0.0622,96,-0.1297,53,-1.0369,93,-0.2049,116,0.16468,150,0.56760,83,-0.3647,130,0.46971
ENSG00000213380,COG8,2,-2.5152,20,0.86012,27,1.38866,29,1.50564,10,-0.1794,9,-0.3721,5,-1.2199,1,-3.1281,9,-0.4853
ENSG00000132604,TERF2,9,-2.2063,31,-0.3554,24,-0.7297,39,0.02304,32,-0.2938,35,-0.1680,58,0.65413,51,0.42504,48,0.46632
ENSG00000103018,CYB5B,37,-0.6340,53,-0.0868,65,0.23720,31,-0.9040,53,-0.0804,44,-0.3607,99,0.91631,55,-0.0163,59,0.11232
ENSG00000181019,NQO1,2,-3.5330,27,0.15023,51,1.16834,31,0.34539,31,0.36841,15,-0.7033,17,-0.5594,34,0.48648,21,-0.3551
ENSG00000141101,NOB1,29,0.85743,15,-0.1817,10,-0.8168,17,-0.0004,14,-0.3310,11,-0.6649,18,0.11204,20,0.28516,18,0.13046
ENSG00000198373,WWP2,2,-3.3105,42,1.19900,16,-0.3631,13,-0.5931,19,-0.0982,13,-0.6793,9,-1.1215,18,-0.1484,27,0.68303
ENSG00000090857,PDPR,6,-0.7311,24,1.56950,18,1.02982,1,-2.6805,12,0.45918,7,-0.4526,7,-0.3071,4,-1.2972,7,-0.4741
ENSG00000223496,EXOSC6,31,-1.0056,35,-0.8270,46,-0.4281,41,-0.5823,60,-0.0201,91,0.65052,54,-0.1805,98,0.76204,68,0.23993
ENSG00000090861,AARS,88,-0.6770,118,-0.2320,91,-0.6294,132,-0.0584,101,-0.5057,137,-0.0006,198,0.57678,171,0.34024,162,0.35615
ENSG00000168872,DDX19A,2,-3.6904,21,-0.3105,31,0.28195,49,1.01609,17,-0.6679,28,0.15182,21,-0.2995,21,-0.3213,32,0.46998
ENSG00000157350,ST3GAL2,79,2.20539,6,-1.9344,9,-1.3036,24,0.13887,17,-0.3586,23,0.10477,18,-0.2551,15,-0.5423,18,-0.3502
ENSG00000157353,FCSK,2,-2.1482,19,1.19986,14,0.78225,0,-3.6512,9,0.13564,11,0.30112,5,-0.8668,14,0.76213,7,-0.3256
ENSG00000103051,COG4,45,0.15762,30,-0.4757,48,0.25470,122,1.83013,24,-0.8724,29,-0.5334,25,-0.7540,48,0.25544,34,-0.3611
ENSG00000189091,SF3B3,2,-4.4231,42,-0.0498,49,0.20283,54,0.34159,29,-0.6553,61,0.54823,39,-0.1397,36,-0.2956,55,0.54026
ENSG00000157368,IL34,11,-1.6212,1,-4.4145,0,-7.2705,15,-1.1390,16,-1.1048,73,1.36265,44,0.50776,41,0.41143,49,1.01163
ENSG00000132613,MTSS2,5,-3.2882,74,0.67624,86,0.94196,9,-2.4495,81,0.93974,47,-0.0278,28,-0.8392,21,-1.2355,48,0.00323
ENSG00000103043,VAC14,2,-3.9300,25,-0.3215,13,-1.2377,25,-0.2745,32,0.10276,52,0.84808,38,0.35335,40,0.43322,34,0.22788
ENSG00000172137,CALB2,2,-4.1061,1,-5.0396,38,0.15767,27,-0.3645,26,-0.4602,18,-0.9691,5,-2.7792,195,3.17508,28,-0.4318
ENSG00000040199,PHLPP2,2,-3.9995,6,-2.4523,21,-0.6665,136,2.52341,15,-1.1674,26,-0.3220,39,0.30968,19,-0.7642,34,0.13683
ENSG00000166747,AP1G1,2,-4.1538,34,-0.0824,32,-0.1496,4,-3.1294,33,-0.1081,37,0.07005,53,0.61982,48,0.45927,47,0.59682
ENSG00000224470,ATXN1L,2,-2.5807,19,0.76158,11,-0.1140,29,1.47462,14,0.29568,6,-0.8691,16,0.47982,1,-3.3811,10,-0.3033
ENSG00000182149,IST1,2,-4.8165,104,0.96752,80,0.54133,50,-0.1780,52,-0.1386,56,-0.0170,63,0.16262,36,-0.7072,61,0.13808
ENSG00000102984,ZNF821,2,-2.6336,8,-0.5385,4,-1.6039,2,-2.4629,12,-0.0252,13,0.12857,15,0.30265,15,0.33040,19,0.98383
ENSG00000140830,TXNL4B,70,2.01929,15,-0.4954,30,0.56100,30,0.58277,11,-0.9880,15,-0.5121,18,-0.2071,19,-0.1033,13,-0.8965
ENSG00000140829,DHX38,2,-3.2954,31,0.70865,17,-0.2378,1,-4.2701,21,0.11978,32,0.76489,29,0.59638,19,-0.0285,21,0.11537
ENSG00000260664,AC004158.1,2,-2.2094,28,1.82049,28,1.80242,0,-3.7668,15,0.84151,19,1.11378,3,-1.3771,1,-2.8245,2,-2.3079
ENSG00000140836,ZFHX3,2,-2.7969,15,0.12152,35,1.49574,13,-0.1178,27,1.20500,47,2.04276,3,-2.2994,0,-5.2060,3,-2.4846
ENSG00000103035,PSMD7,127,0.13507,91,-0.3682,86,-0.4585,81,-0.5442,111,-0.0739,122,0.07787,177,0.67380,101,-0.2092,125,0.15842
ENSG00000090863,GLG1,43,-1.3333,120,0.21401,139,0.44678,120,0.21531,87,-0.3131,130,0.33809,94,-0.1677,90,-0.2343,113,0.15779
ENSG00000103089,FA2H,2,-4.4414,346,4.18836,90,1.16451,17,-1.4490,22,-1.1242,15,-1.5526,2,-4.4184,20,-1.1565,8,-2.7598
ENSG00000103091,WDR59,2,-3.6092,34,0.50192,18,-0.4950,80,1.99147,17,-0.5876,20,-0.2660,25,0.04590,32,0.44514,18,-0.5806
ENSG00000186187,ZNRF1,38,-0.4928,16,-1.7269,26,-1.0704,74,0.56317,46,-0.2024,85,0.77391,62,0.26184,32,-0.7380,63,0.41535
ENSG00000166816,LDHD,2,-2.4859,9,-0.3672,4,-1.4052,0,-4.0419,18,0.83078,17,0.63869,29,1.57293,4,-1.3549,11,-0.0545
ENSG00000184517,ZFP1,76,1.69318,15,-0.8868,6,-2.1525,1,-4.1889,19,-0.5760,30,0.15270,31,0.19845,48,0.88335,27,-0.0002
ENSG00000050820,BCAR1,65,0.06162,104,0.80603,58,-0.1115,1,-6.0756,47,-0.4613,66,0.07767,68,0.13738,95,0.65648,66,0.09848
ENSG00000153774,CFDP1,177,1.11087,92,0.05100,44,-1.0728,95,0.09268,71,-0.3695,64,-0.5156,95,0.10205,127,0.55746,81,-0.2034
ENSG00000166822,TMEM170A,77,1.75428,59,1.29238,41,0.67856,34,0.36733,17,-0.7328,23,-0.2510,2,-3.7383,20,-0.4607,14,-1.1284
ENSG00000205084,TMEM231,2,-3.0876,20,0.27287,42,1.47309,18,0.13735,10,-0.8400,9,-0.8622,6,-1.5102,31,0.97798,18,0.09252
ENSG00000034713,GABARAPL2,345,-0.2418,560,0.51995,505,0.35436,293,-0.4958,303,-0.4767,307,-0.4233,470,0.23894,481,0.27453,420,0.08370
ENSG00000065427,KARS,46,-0.0956,49,0.02235,25,-0.9962,38,-0.3655,47,-0.0681,63,0.39937,74,0.66624,43,-0.1772,50,0.05924
ENSG00000166848,TERF2IP,58,-2.4584,177,-0.8104,214,-0.5235,529,0.91242,229,-0.4478,405,0.47298,387,0.40075,253,-0.2625,355,0.36461
ENSG00000152910,CNTNAP4,35,-0.9599,198,1.83785,98,0.61880,100,0.65133,41,-0.7635,82,0.34634,44,-0.6213,103,0.70299,29,-1.4872
ENSG00000103111,MON1B,45,0.26657,63,0.79826,37,-0.0479,25,-0.6479,30,-0.4028,33,-0.2114,18,-1.1163,69,0.93023,37,-0.0860
ENSG00000171724,VAT1L,64,-0.0849,6,-3.5963,25,-1.5064,265,2.36335,34,-1.0868,79,0.24401,43,-0.7043,104,0.68263,56,-0.3662
ENSG00000186153,WWOX,2,-2.9368,23,0.65772,47,1.85292,5,-1.7186,19,0.41268,24,0.72242,4,-2.0261,9,-0.7961,11,-0.5297
ENSG00000178573,MAF,2,-4.5695,40,-0.2597,109,1.35334,149,1.90965,61,0.42608,12,-2.0567,10,-2.3100,33,-0.5541,36,-0.5631
ENSG00000166446,CDYL2,2,-3.4604,1,-4.5885,29,0.43394,0,-5.0095,15,-0.6040,19,-0.2064,34,0.69319,6,-1.8654,41,1.57639
ENSG00000103121,CMC2,128,1.01749,116,0.84584,55,-0.3246,32,-1.1569,53,-0.4328,60,-0.1914,88,0.39929,47,-0.5808,64,-0.1326
ENSG00000166454,ATMIN,89,0.23651,58,-0.4439,62,-0.3214,155,1.13228,58,-0.4778,73,-0.0824,66,-0.2365,80,0.06486,75,-0.0440
ENSG00000140905,GCSH,9,-3.6933,300,1.57621,275,1.41734,84,-0.4989,144,0.37920,57,-1.0647,54,-1.1614,82,-0.5368,89,-0.5166
ENSG00000153815,CMIP,64,-0.7710,28,-1.9699,55,-1.0110,84,-0.3720,92,-0.2501,210,1.09720,161,0.66033,102,-0.0640,124,0.32916
ENSG00000197943,PLCG2,84,1.16284,62,0.67206,80,1.08463,32,-0.3691,44,0.14631,13,-1.7265,10,-2.1214,39,-0.0644,30,-0.5728
ENSG00000135698,MPHOSPH6,2,-4.4032,38,-0.1678,20,-1.1151,5,-2.9942,55,0.43665,76,0.91846,79,0.99177,37,-0.2319,47,0.19786
ENSG00000140945,CDH13,2,-5.3420,18,-2.2142,82,0.00842,476,3.27222,26,-1.7828,86,0.08554,37,-1.1838,98,0.28119,52,-0.8464
ENSG00000230989,HSBP1,134,-0.8516,327,0.53178,363,0.70236,196,-0.2763,200,-0.2644,223,-0.0730,227,-0.0456,265,0.19461,226,-0.0668
ENSG00000103154,NECAB2,81,-0.1211,10,-3.1465,32,-1.5219,109,0.35188,48,-0.9700,1,-6.1742,143,0.78638,120,0.50338,136,1.04160
ENSG00000140943,MBTPS1,2,-4.4172,29,-0.5936,39,-0.1624,88,1.16782,43,-0.0138,77,0.92571,43,-0.0115,22,-1.0127,43,0.02565
ENSG00000103160,HSDL1,38,-0.5872,24,-1.2885,15,-1.9915,56,-0.0044,39,-0.6035,69,0.33130,75,0.47175,85,0.67199,72,0.55275
ENSG00000103168,TAF1C,2,-2.5516,9,-0.3369,22,0.99941,0,-4.0960,16,0.57219,18,0.65187,8,-0.5219,4,-1.4002,14,0.35487
ENSG00000103175,WFDC1,2,-2.8149,1,-3.3890,6,-1.2496,1,-3.8620,14,0.01177,23,0.77271,12,-0.2745,21,0.63268,22,1.06850
ENSG00000103187,COTL1,46,-0.3899,75,0.37591,151,1.55251,107,0.95735,67,0.22805,21,-1.5700,19,-1.6583,66,0.19172,36,-0.9086
ENSG00000135686,KLHL36,2,-2.9302,8,-0.9120,12,-0.3741,10,-0.6178,17,0.20527,24,0.71581,14,-0.0813,20,0.42750,18,0.38587
ENSG00000103194,USP10,2,-4.6606,35,-0.5483,10,-2.3757,72,0.54305,42,-0.3042,79,0.70325,75,0.60459,48,-0.0809,64,0.49673
ENSG00000153786,ZDHHC7,2,-3.5195,14,-0.6862,18,-0.3220,17,-0.4650,17,-0.5147,47,1.15167,25,0.12796,15,-0.5976,31,0.70040
ENSG00000135709,KIAA0513,110,-0.2789,9,-3.8888,45,-1.6296,80,-0.7675,130,-0.0168,219,0.81458,199,0.66183,97,-0.4681,173,0.60763
ENSG00000131149,GSE1,2,-3.1716,2,-2.8957,18,-0.0291,1,-3.8192,24,0.49913,55,1.87196,19,0.09514,11,-0.7677,19,0.16012
ENSG00000131148,EMC8,2,-3.6235,27,0.14463,40,0.77741,25,0.03436,23,-0.1325,42,0.84331,23,-0.0960,17,-0.5341,24,-0.0098
ENSG00000131143,COX4I1,926,-0.0166,826,-0.1938,969,0.05446,732,-0.3810,1025,0.15589,703,-0.4415,1103,0.25781,765,-0.3122,1023,0.19000
ENSG00000103264,FBXO31,70,0.93895,12,-1.7555,18,-1.1192,2,-4.3725,20,-1.0949,44,0.19792,45,0.23295,89,1.35012,46,0.38410
ENSG00000140941,MAP1LC3B,220,-0.3082,234,-0.2120,230,-0.2398,430,0.75625,194,-0.5319,209,-0.3876,335,0.35255,224,-0.2764,303,0.26660
ENSG00000140948,ZCCHC14,44,1.10722,19,-0.1688,15,-0.6023,34,0.68565,22,0.01407,32,0.59891,12,-0.8283,23,0.06810,15,-0.6881
ENSG00000154118,JPH3,3,-4.6962,9,-3.2250,39,-1.0909,58,-0.5102,87,0.13333,142,0.91261,70,-0.2037,137,0.85250,103,0.55430
ENSG00000104731,KLHDC4,2,-2.5689,15,0.35318,3,-1.8223,10,-0.2066,12,0.08596,23,1.09268,14,0.29056,9,-0.3501,13,0.16803
ENSG00000103257,SLC7A5,2,-4.6827,21,-1.3793,127,1.48026,27,-0.9932,55,0.12248,36,-0.5694,29,-0.8491,61,0.25793,64,0.48613
ENSG00000172530,BANP,2,-2.5640,15,0.34603,0,-4.8636,13,0.11519,10,-0.2435,11,-0.0788,12,0.01360,34,1.74692,11,-0.0369
ENSG00000179588,ZFPM1,2,-3.9390,38,0.31871,45,0.59550,62,1.12837,26,-0.2464,22,-0.5332,23,-0.4690,22,-0.5294,34,0.18585
ENSG00000158545,ZC3H18,2,-2.9268,20,0.43923,11,-0.5290,0,-4.4790,19,0.37806,34,1.32609,24,0.69785,9,-0.7248,15,-0.0642
ENSG00000051523,CYBA,2,-3.2862,48,1.48620,53,1.63923,1,-3.5576,51,1.85927,3,-2.7749,3,-2.7079,6,-1.6873,9,-1.4272
ENSG00000167508,MVD,20,-1.6123,43,-0.5121,54,-0.1632,111,1.00313,56,-0.1052,61,0.04382,73,0.32818,64,0.11879,59,-0.0217
ENSG00000260630,SNAI3-AS1,2,-2.5374,4,-1.4898,1,-3.6727,1,-3.3801,20,0.96675,8,-0.5232,27,1.38156,7,-0.6466,15,0.56497
ENSG00000158717,RNF166,2,-2.1430,15,0.80998,14,0.76915,0,-3.6663,7,-0.4201,19,1.22117,16,0.91316,2,-1.7238,8,-0.1885
ENSG00000174177,CTU2,2,-3.0352,10,-0.7358,7,-1.2423,39,1.42864,14,-0.2985,20,0.31144,22,0.49925,32,1.08922,13,-0.4417
ENSG00000103335,PIEZO1,2,-2.2695,7,-0.3354,26,1.61519,0,-3.8277,22,1.52098,4,-1.2297,2,-1.9036,7,-0.3553,8,-0.4019
ENSG00000198931,APRT,2,-5.0191,70,0.10433,111,0.84687,52,-0.3498,68,0.06379,73,0.18020,93,0.55381,71,0.13228,60,-0.1581
ENSG00000141012,GALNS,2,-3.1999,12,-0.6872,13,-0.5384,45,1.46192,17,-0.1494,16,-0.1692,9,-1.1167,12,-0.6630,24,0.60895
ENSG00000167515,TRAPPC2L,96,-0.3764,129,0.08138,100,-0.3065,79,-0.6805,110,-0.1768,93,-0.4308,180,0.60892,118,-0.0647,145,0.35714
ENSG00000176715,ACSF3,2,-2.8823,12,-0.3041,31,1.21784,5,-1.6623,11,-0.3873,17,0.25467,13,-0.1269,19,0.38960,17,0.31340
ENSG00000167522,ANKRD11,2,-5.5225,70,-0.4483,83,-0.1939,110,0.24177,98,0.07383,134,0.56505,129,0.49529,73,-0.3981,106,0.26448
ENSG00000197912,SPG7,162,1.19420,51,-0.6354,48,-0.7352,19,-2.1175,62,-0.3727,100,0.39690,96,0.33802,77,-0.0203,83,0.14298
ENSG00000167526,RPL13,1003,-0.2656,2158,0.95921,1800,0.65927,1052,-0.1916,1525,0.43330,801,-0.6094,592,-1.0668,1115,-0.1024,976,-0.3978
ENSG00000178773,CPNE7,2,-4.4514,2,-4.0394,0,-6.3425,13,-1.7995,29,-0.6615,51,0.22180,108,1.47318,40,-0.1579,74,1.27208
ENSG00000131165,CHMP1A,2,-4.8245,48,-0.2729,65,0.19711,43,-0.4230,47,-0.3215,86,0.65106,70,0.31093,90,0.73394,61,0.13957
ENSG00000167523,SPATA33,2,-3.0866,10,-0.8400,11,-0.6880,22,0.42301,17,0.05925,34,1.11012,23,0.45760,27,0.70879,14,-0.3253
ENSG00000185324,CDK10,77,1.64844,13,-1.1738,14,-1.0430,14,-1.0670,27,-0.0553,25,-0.1812,31,0.14914,28,-0.0143,28,-0.0392
ENSG00000158792,SPATA2L,44,1.31670,3,-2.5859,0,-8.1442,8,-1.3699,12,-0.7777,31,0.70291,29,0.58704,16,-0.3182,25,0.54670
ENSG00000075399,VPS9D1,2,-3.9089,8,-1.8846,34,0.18238,52,0.88341,24,-0.3945,35,0.23560,21,-0.5079,25,-0.3044,42,0.72407
ENSG00000158805,ZNF276,2,-2.6848,30,1.35060,19,0.59549,19,0.65628,10,-0.4498,24,1.01918,6,-0.9781,3,-2.0657,11,-0.3245
ENSG00000204991,SPIRE2,35,1.39324,2,-2.4543,1,-3.9671,15,0.00765,10,-0.6104,22,0.61474,10,-0.6203,25,0.82018,15,0.10609
ENSG00000141002,TCF25,45,-1.9536,107,-0.6555,129,-0.3753,151,-0.1300,129,-0.3961,196,0.27719,219,0.45676,228,0.52499,200,0.43141
ENSG00000258947,TUBB3,164,-1.5873,32,-3.9600,276,-0.8129,597,0.38077,266,-0.9262,455,-0.0453,808,0.87370,683,0.59741,637,0.69267
ENSG00000140995,DEF8,2,-4.9622,47,-0.4779,44,-0.5877,67,0.06443,63,-0.0331,68,0.08665,111,0.87887,72,0.16960,75,0.32377
ENSG00000177946,CENPBD1,2,-2.0568,12,0.54895,0,-6.9187,0,-3.6177,11,0.58625,11,0.40000,12,0.55834,7,-0.1562,10,0.41372
ENSG00000003249,DBNDD1,206,2.07407,6,-3.3907,21,-1.5920,29,-1.1252,46,-0.4426,36,-0.7947,84,0.50623,48,-0.3489,67,0.19755
ENSG00000141013,GAS8,46,1.86018,8,-0.9246,16,0.08189,0,-4.4723,13,-0.2561,5,-1.6147,8,-0.8611,13,-0.2523,18,0.42073
ENSG00000272636,DOC2B,29,-0.4869,3,-3.4917,32,-0.3022,104,1.59595,46,0.27775,161,2.43894,26,-0.6339,19,-1.0869,11,-2.1427
ENSG00000187624,C17orf97,2,-3.1142,8,-1.1641,1,-3.4881,70,2.40400,14,-0.3032,14,-0.3123,30,0.90227,12,-0.5501,15,-0.3297
ENSG00000141252,VPS53,2,-4.5866,24,-1.0642,46,-0.0847,54,0.16600,47,-0.0566,64,0.44515,55,0.21714,46,-0.0707,61,0.50842
ENSG00000167699,GLOD4,3,-3.8980,26,-0.9986,35,-0.5552,49,-0.0545,40,-0.3744,71,0.54787,81,0.76121,49,-0.0387,65,0.56123
ENSG00000171861,MRM3,2,-2.2655,5,-0.8250,4,-1.1018,0,-3.8241,10,0.03139,11,0.17379,13,0.44915,6,-0.5914,16,1.15626
ENSG00000177370,TIMM22,108,2.01893,12,-1.4205,30,-0.1082,4,-2.9272,16,-1.1416,44,0.48347,50,0.68994,15,-1.1751,32,-0.0513
ENSG00000159842,ABR,130,-0.8612,67,-1.8454,224,-0.0319,252,0.14923,211,-0.1354,237,0.05230,274,0.28294,135,-0.8118,309,0.67211
ENSG00000108953,YWHAE,483,-0.5174,725,0.11131,729,0.11940,477,-0.5370,604,-0.1868,852,0.36678,753,0.17173,1104,0.78648,612,-0.2010
ENSG00000167193,CRK,92,0.05994,85,-0.0679,88,0.00203,50,-0.8643,76,-0.2598,120,0.48139,75,-0.2518,111,0.36136,94,0.13175
ENSG00000132376,INPP5K,2,-3.5236,24,0.06809,29,0.38783,27,0.26258,17,-0.4945,27,0.27649,39,0.84518,12,-0.9266,26,0.24546
ENSG00000236618,PITPNA-AS1,2,-2.3615,33,1.95312,26,1.51324,0,-3.6076,13,0.44607,2,-2.4519,10,9.47817,0,-4.3127,8,-0.4420
ENSG00000174238,PITPNA,57,-0.9313,43,-1.3631,125,0.26667,43,-1.3466,86,-0.3371,111,0.08232,111,0.07958,145,0.51343,140,0.64347
ENSG00000167703,SLC43A2,2,-3.6446,13,-1.0162,20,-0.3729,2,-3.3650,24,-0.0992,43,0.84481,49,1.07838,48,1.02648,26,0.05105
ENSG00000167705,RILP,2,-2.6983,3,-1.8565,12,-0.1372,31,1.40802,21,0.86318,5,-1.2561,9,-0.4953,4,-1.5132,14,0.25693
ENSG00000174231,PRPF8,2,-5.5221,86,-0.1160,80,-0.2186,69,-0.4571,94,0.02604,86,-0.1209,137,0.61474,110,0.27127,112,0.40700
ENSG00000167716,WDR81,2,-2.1956,17,0.95343,20,1.24589,0,-3.7548,13,0.67122,11,0.30679,7,-0.3500,4,-1.2100,7,-0.3547
ENSG00000132386,SERPINF1,159,1.49137,11,-2.5335,25,-1.4087,3,-4.4977,30,-1.2169,27,-1.3049,187,1.78769,44,-0.5659,79,0.46356
ENSG00000132383,RPA1,2,-4.2516,52,0.48398,64,0.82320,54,0.55492,33,-0.2405,57,0.62620,45,0.26624,41,0.09680,29,-0.5454
ENSG00000185924,RTN4RL1,2,-3.7604,2,-3.3701,0,-8.6032,25,-0.1362,16,-0.8732,25,-0.1143,48,0.91131,23,-0.2199,49,1.46618
ENSG00000070366,SMG6,2,-3.1279,15,-0.2522,20,0.22641,22,0.33174,17,-0.0244,26,0.62136,17,-0.0254,26,0.63988,16,-0.1533
ENSG00000167721,TSR1,2,-3.0373,16,0.01154,3,-2.1986,9,-0.8971,15,-0.1151,21,0.41943,25,0.67199,18,0.18273,22,0.60992
ENSG00000141258,SGSM2,2,-4.2807,17,-1.6247,60,0.26103,62,0.31420,71,0.59423,70,0.49418,48,-0.0709,49,-0.0628,52,0.06208
ENSG00000070444,MNT,2,-3.7299,8,-1.7627,30,0.20916,14,-0.9334,26,-0.0606,38,0.55604,32,0.30483,12,-1.2068,39,0.90568
ENSG00000127804,METTL16,2,-2.2144,25,1.64397,13,0.50985,2,-1.8596,14,0.72145,9,-0.0574,9,0.00954,4,-1.1101,7,-0.5907
ENSG00000007168,PAFAH1B1,372,0.28951,163,-0.9794,168,-0.9306,319,0.04936,173,-0.9493,366,0.26629,432,0.53211,287,-0.1158,392,0.52235
ENSG00000132361,CLUH,2,-4.4143,21,-1.0892,32,-0.4399,47,0.14380,44,0.04316,45,0.06339,54,0.35806,50,0.24950,55,0.53497
ENSG00000132359,RAP1GAP2,27,-1.1310,3,-4.1098,23,-1.3364,121,1.21156,54,-0.0953,160,1.70503,52,-0.1469,64,0.17893,46,-0.4185
ENSG00000108381,ASPA,2,-3.3467,152,3.96805,51,1.49561,1,-3.8751,17,-0.2610,6,-1.7467,1,-3.7106,10,-1.0384,1,-3.9121
ENSG00000213977,TAX1BP3,2,-3.6451,102,2.43019,75,1.81945,0,-5.1294,29,0.24724,17,-0.6192,3,-2.9099,9,-1.5537,15,-0.9572
ENSG00000127774,EMC6,27,-1.1774,72,0.32843,50,-0.2177,43,-0.4466,49,-0.2937,68,0.24714,86,0.61688,57,-0.0139,63,0.19060
ENSG00000083457,ITGAE,134,1.33156,56,-0.0859,50,-0.2394,86,0.60186,34,-0.8906,42,-0.5220,51,-0.2242,88,0.63060,48,-0.4104
ENSG00000074356,NCBP3,2,-3.0484,46,1.67293,10,-0.7752,29,0.91054,17,0.05515,16,-0.0835,5,-1.7116,15,-0.1292,14,-0.2589
ENSG00000004660,CAMKK1,2,-5.4247,7,-3.6546,7,-3.5817,28,-1.6691,51,-0.8628,124,0.56556,135,0.71158,131,0.66248,147,1.29555
ENSG00000074755,ZZEF1,2,-2.8866,13,-0.1656,37,1.48376,0,-4.4393,8,-0.9100,5,-1.5890,23,0.72017,17,0.26549,19,0.58451
ENSG00000167740,CYB5D2,42,0.09030,43,0.13446,52,0.43136,58,0.59973,26,-0.6531,54,0.48643,69,0.88194,37,-0.1091,27,-0.7543
ENSG00000185722,ANKFY1,2,-3.9409,69,1.30557,52,0.82416,50,0.76290,22,-0.5258,33,0.11062,26,-0.2428,36,0.24898,22,-0.6496
ENSG00000132388,UBE2G1,117,1.14533,101,0.89961,50,-0.2118,26,-1.1890,38,-0.6872,46,-0.3583,53,-0.1295,43,-0.4470,59,0.05948
ENSG00000183018,SPNS2,9,-1.8338,57,0.85731,16,-1.0609,70,1.21509,25,-0.4345,20,-0.7535,22,-0.6420,16,-1.0437,42,0.52612
ENSG00000132382,MYBBP1A,42,0.33529,13,-1.4585,9,-1.9485,43,0.37096,26,-0.4263,49,0.57830,33,-0.0721,43,0.37253,40,0.31701
ENSG00000141456,PELP1,4,-3.2596,31,-0.3930,65,0.78077,8,-2.3786,47,0.28516,43,0.10377,43,0.10061,47,0.26558,46,0.30247
ENSG00000141480,ARRB2,90,0.58592,41,-0.6104,26,-1.2868,89,0.56931,50,-0.3642,67,0.13114,92,0.62929,75,0.29934,56,-0.1969
ENSG00000161920,MED11,34,0.91565,45,1.37141,35,0.94670,15,-0.3335,11,-0.8875,7,-1.4213,13,-0.5504,13,-0.5740,16,-0.3401
ENSG00000161921,CXCL16,2,-2.9170,26,0.89803,47,1.88542,54,2.16735,18,0.27658,5,-1.6901,0,-4.7908,3,-2.2212,6,-1.6954
ENSG00000142507,PSMB6,209,0.29003,177,0.03327,149,-0.2401,111,-0.6855,153,-0.2167,118,-0.5880,205,0.26128,181,0.06396,200,0.30865
ENSG00000141503,MINK1,51,-0.3351,39,-0.7562,48,-0.4222,10,-2.6442,61,-0.0715,69,0.13605,91,0.56446,43,-0.6078,88,0.74185
ENSG00000108528,SLC25A11,59,-1.1887,65,-1.0332,99,-0.4053,199,0.68638,95,-0.5071,140,0.12329,165,0.38705,179,0.51480,146,0.25694
ENSG00000108523,RNF167,137,1.10991,93,0.46982,51,-0.4707,23,-1.6683,54,-0.4099,80,0.22232,88,0.37453,51,-0.4683,67,-0.0625
ENSG00000108518,PFN1,146,-0.6443,497,1.31488,373,0.82817,135,-0.7610,234,0.08510,146,-0.6508,224,0.01482,265,0.27708,159,-0.6522
ENSG00000091640,SPAG7,39,-0.7365,52,-0.3316,72,0.19061,38,-0.7776,58,-0.1674,85,0.44962,93,0.58886,63,-0.0311,68,0.14016
ENSG00000108509,CAMTA2,79,0.22858,17,-2.0779,45,-0.6198,49,-0.5160,64,-0.0950,80,0.24983,80,0.24564,83,0.31515,81,0.37545
ENSG00000129250,KIF1C,2,-3.8614,102,2.12015,59,1.13855,7,-2.1174,46,0.81505,18,-0.7268,7,-2.1262,29,-0.0083,16,-1.1283
ENSG00000234327,AC012146.1,49,0.46961,36,0.00646,49,0.47886,34,-0.1190,44,0.32908,34,-0.1196,36,-0.0131,19,-0.9847,32,-0.2641
ENSG00000029725,RABEP1,92,-0.1900,125,0.28398,94,-0.1661,156,0.64518,94,-0.1784,84,-0.3300,75,-0.5022,108,0.04940,108,0.08131
ENSG00000108559,NUP88,2,-2.9938,13,-0.2554,39,1.46347,14,-0.1815,14,-0.1449,10,-0.7473,29,0.98137,7,-1.0975,15,-0.0401
ENSG00000129197,RPAIN,2,-5.1916,63,-0.2351,120,0.78154,64,-0.2150,55,-0.4666,91,0.33969,94,0.37837,70,-0.0674,85,0.31631
ENSG00000108561,C1QBP,77,-0.6551,97,-0.3125,168,0.55289,79,-0.6164,108,-0.1610,117,-0.0278,169,0.56291,80,-0.5972,135,0.27128
ENSG00000005100,DHX33,30,0.74118,16,-0.2245,12,-0.6810,7,-1.4331,18,-0.0395,36,1.04243,18,-0.0423,9,-1.0285,20,0.08837
ENSG00000072849,DERL2,138,2.35160,31,-0.1826,43,0.29583,35,-0.0282,21,-0.8238,18,-0.9970,29,-0.3241,24,-0.5538,25,-0.6942
ENSG00000091592,NLRP1,160,1.08065,36,-1.2587,37,-1.1977,61,-0.4614,63,-0.4211,89,0.12892,69,-0.2714,87,0.09429,100,0.43321
ENSG00000179314,WSCD1,2,-2.7930,37,1.63149,24,0.90702,11,-0.2937,16,0.26688,7,-0.9439,7,-0.9637,13,-0.0636,11,-0.4284
ENSG00000091622,PITPNM3,43,0.12358,3,-3.7380,8,-2.3467,49,0.33885,59,0.72112,43,0.13733,53,0.44775,30,-0.4100,42,0.10532
ENSG00000129235,TXNDC17,173,1.22820,67,-0.2875,48,-0.7917,88,0.11696,67,-0.3172,65,-0.3448,86,0.08574,45,-0.8974,87,0.15443
ENSG00000108590,MED31,2,-4.0569,16,-1.0666,27,-0.3199,25,-0.4150,30,-0.1588,42,0.35188,71,1.21210,32,-0.0775,40,0.36580
ENSG00000219200,RNASEK,401,-0.5527,368,-0.6820,531,-0.1196,936,0.78387,459,-0.3711,537,-0.1017,662,0.22537,400,-0.5543,675,0.35467
ENSG00000258315,C17orf49,86,0.42095,55,-0.2555,52,-0.3494,50,-0.4074,62,-0.0950,58,-0.1953,69,0.08895,73,0.16562,71,0.17206
ENSG00000267532,MIR497HG,2,-2.0014,12,0.63651,14,0.90482,0,-3.5630,17,1.42030,3,-1.3506,1,-2.1976,2,-2.0426,8,0.12407
ENSG00000132535,DLG4,53,-0.3050,6,-3.3825,31,-1.1081,44,-0.5797,83,0.44129,128,1.10540,45,-0.5566,86,0.44422,70,0.17012
ENSG00000072778,ACADVL,44,-0.9727,95,0.22075,157,1.02749,118,0.55821,70,-0.2857,87,0.07026,65,-0.3671,94,0.19009,70,-0.3503
ENSG00000040633,PHF23,2,-3.8659,22,-0.4407,18,-0.7200,22,-0.4452,33,0.20324,43,0.62319,38,0.39556,52,0.92829,29,0.00295
ENSG00000170296,GABARAP,247,-0.9294,745,0.79670,510,0.18478,412,-0.1480,419,-0.1331,376,-0.2884,480,0.09138,583,0.39819,425,-0.1318
ENSG00000175826,CTDNEP1,2,-4.8106,83,0.60176,66,0.24031,19,-1.5874,63,0.18246,60,0.10150,50,-0.1804,54,-0.0760,69,0.42251
ENSG00000170291,ELP5,2,-3.9259,22,-0.4756,18,-0.8142,77,1.51210,26,-0.2423,36,0.27804,47,0.70135,36,0.24813,26,-0.2920
ENSG00000132507,EIF5A,45,-1.4135,107,-0.1275,79,-0.5847,60,-1.0063,97,-0.2885,127,0.14726,145,0.35754,176,0.66398,143,0.45846
ENSG00000132522,GPS2,56,0.10862,64,0.31914,92,0.89679,16,-1.7544,49,-0.0920,37,-0.5297,34,-0.6682,55,0.08984,57,0.17023
ENSG00000215041,NEURL4,2,-3.6004,11,-1.1445,9,-1.5220,61,1.49741,24,-0.0102,33,0.50529,34,0.52143,20,-0.2851,24,0.00641
ENSG00000072818,ACAP1,2,-2.6739,17,0.45850,26,1.12294,24,0.99316,24,1.18843,14,0.17181,8,-0.6938,1,-2.9702,6,-1.3306
ENSG00000205544,TMEM256,3,-4.9368,177,0.94380,131,0.45392,100,0.02872,84,-0.2608,78,-0.3643,100,0.02034,126,0.39028,99,0.01144
ENSG00000169992,NLGN2,16,-1.9863,32,-0.9752,74,0.30814,4,-3.7469,49,-0.3410,78,0.40936,79,0.41620,63,0.06443,85,0.78472
ENSG00000170175,CHRNB1,2,-2.4745,25,1.29643,4,-1.2710,0,-4.0306,10,-0.1223,20,0.95411,6,-0.8881,13,0.24262,13,0.35178
ENSG00000174282,ZBTB4,51,-0.3241,51,-0.3229,80,0.35638,31,-1.0939,68,0.10840,68,0.11693,49,-0.3788,59,-0.1134,75,0.35639
ENSG00000181222,POLR2A,50,-0.7267,80,-0.0190,71,-0.2085,68,-0.2769,61,-0.4850,153,1.01254,96,0.25666,65,-0.3549,88,0.17320
ENSG00000239697,TNFSF12,5,-2.8212,16,-1.1442,48,0.49930,64,0.97237,37,0.10657,35,0.02101,28,-0.3398,49,0.55249,33,-0.0956
ENSG00000161955,TNFSF13,2,-3.0646,19,0.19897,29,0.86356,2,-2.7795,40,1.63562,16,-0.0568,8,-1.0865,10,-0.8021,13,-0.4880
ENSG00000161960,EIF4A1,86,-1.2406,198,0.02731,199,0.03901,175,-0.1632,149,-0.4432,280,0.57715,269,0.51313,148,-0.4178,219,0.25139
ENSG00000129226,CD68,32,1.49534,25,1.05938,25,1.07974,17,0.46079,22,0.99101,8,-0.7108,4,-1.6014,2,-2.5229,2,-2.9548
ENSG00000129255,MPDU1,32,0.10525,43,0.54377,35,0.22652,0,-5.4076,23,-0.4694,22,-0.4659,30,-0.0124,40,0.42147,36,0.39540
ENSG00000129194,SOX15,2,-3.3927,12,-0.7844,9,-1.2121,47,1.30907,17,-0.3721,14,-0.6262,15,-0.5228,35,0.82901,26,0.47555
ENSG00000129245,FXR2,6,-3.4842,68,0.06355,41,-0.7029,105,0.75871,57,-0.2209,84,0.40312,85,0.42116,67,0.03082,69,0.12980
ENSG00000141504,SAT2,3,-4.4944,89,0.12055,67,-0.3094,171,1.17989,81,-0.0179,75,-0.1508,107,0.40702,70,-0.2601,82,-0.0195
ENSG00000129244,ATP1B2,157,-0.5703,82,-1.5383,1097,2.81408,199,-0.2081,308,0.53175,121,-0.9621,80,-1.5854,98,-1.2875,128,-1.0873
ENSG00000108947,EFNB3,17,-2.0525,3,-4.4821,10,-2.8327,144,1.24569,46,-0.6236,136,1.15183,79,0.25728,53,-0.3554,84,0.50337
ENSG00000183011,NAA38,298,-0.1895,266,-0.3675,458,0.48423,221,-0.6499,356,0.09541,235,-0.5553,311,-0.1233,396,0.25338,371,0.20433
ENSG00000170004,CHD3,2,-4.9751,9,-2.8842,47,-0.4689,52,-0.3085,79,0.38775,150,1.41727,70,0.14833,98,0.69755,59,-0.1320
ENSG00000170043,TRAPPC1,10,-3.8722,98,-0.5014,112,-0.3007,154,0.20012,138,0.02501,142,0.06692,198,0.59909,177,0.42407,149,0.20635
ENSG00000179094,PER1,2,-3.2665,34,0.91940,12,-0.6438,2,-3.2363,20,0.08199,39,1.11959,21,0.12010,11,-0.7835,22,0.28913
ENSG00000220205,VAMP2,297,-1.3764,297,-1.3745,432,-0.8148,724,-0.0248,767,0.07304,928,0.36805,961,0.42280,878,0.27873,877,0.38265
ENSG00000179029,TMEM107,2,-2.9051,8,-0.9599,17,0.17106,24,0.74020,14,-0.0853,19,0.40694,25,0.84445,15,0.06374,14,-0.1650
ENSG00000196544,BORCS6,2,-2.2730,17,0.89184,0,-6.7747,0,-3.6579,9,-0.1021,16,0.79376,17,0.92966,9,-0.0417,11,0.33261
ENSG00000108961,RANGRF,2,-4.0575,21,-0.6867,52,0.69931,111,2.03189,26,-0.3914,15,-1.2102,33,-0.0158,13,-1.4028,34,0.01050
ENSG00000161970,RPL26,645,-0.5307,1718,1.02752,1480,0.77966,853,-0.0997,1204,0.49135,659,-0.4981,634,-0.5561,742,-0.3153,672,-0.5957
ENSG00000166579,NDEL1,142,1.14690,18,-2.0312,51,-0.4789,49,-0.5297,38,-0.9693,81,0.23376,109,0.71585,45,-0.6523,83,0.39145
ENSG00000133026,MYH10,15,-2.5613,19,-2.2593,37,-1.2939,77,-0.1995,74,-0.2747,115,0.43746,149,0.85515,93,0.08704,121,0.72831
ENSG00000170310,STX8,2,-4.3008,54,0.49961,21,-0.9260,64,0.76681,45,0.21766,41,0.07187,50,0.35452,39,-0.0367,38,-0.0682
ENSG00000007237,GAS7,92,-1.0794,154,-0.3006,145,-0.3878,73,-1.4188,157,-0.2896,369,1.10723,189,0.02281,187,0.00832,225,0.41150
ENSG00000133028,SCO1,3,-3.1237,23,-0.2759,33,0.26675,80,1.76907,16,-0.8689,18,-0.6507,22,-0.3350,28,0.05993,30,0.15457
ENSG00000188803,SHISA6,2,-3.3434,1,-3.6300,22,0.15695,77,2.26692,23,0.21827,4,-2.2505,3,-2.6925,48,1.38355,15,-0.5669
ENSG00000065559,MAP2K4,77,-0.9070,29,-2.3186,48,-1.5850,236,0.84970,90,-0.7140,206,0.62772,233,0.82671,153,0.15347,161,0.31461
ENSG00000006740,ARHGAP44,2,-4.5006,3,-4.0087,20,-1.2061,55,0.30423,38,-0.3031,81,0.92096,58,0.37204,66,0.57556,58,0.52759
ENSG00000006744,ELAC2,2,-4.1787,23,-0.6637,90,1.48675,22,-0.7749,23,-0.7395,38,0.07670,44,0.30653,64,0.89738,36,-0.0326
ENSG00000109099,PMP22,2,-6.0527,802,3.34782,431,1.97633,46,-1.6037,91,-0.6407,77,-0.8364,10,-3.8457,43,-1.6938,37,-2.2357
ENSG00000214941,ZSWIM7,77,1.22718,37,0.01488,16,-1.1779,71,1.08181,34,-0.1009,22,-0.7768,41,0.18774,31,-0.2272,27,-0.5802
ENSG00000011295,TTC19,2,-4.9620,30,-1.1829,54,-0.2915,19,-1.8334,44,-0.6347,90,0.51495,107,0.80169,103,0.74653,87,0.67223
ENSG00000141027,NCOR1,2,-5.6011,104,0.09545,143,0.60258,73,-0.4567,143,0.67256,218,1.30676,71,-0.5033,92,-0.0946,71,-0.6272
ENSG00000166582,CENPV,102,1.32796,31,-0.5754,37,-0.2968,50,0.15705,28,-0.7991,35,-0.4051,44,-0.0373,59,0.41041,43,-0.0741
ENSG00000170315,UBB,814,-1.0326,1896,0.26775,1898,0.26921,1929,0.29506,1434,-0.1841,1628,0.02743,2110,0.43798,1999,0.35214,1413,-0.2516
ENSG00000187688,TRPV2,2,-3.1527,0,-4.6167,5,-1.7374,108,3.34506,10,-0.8791,6,-1.5342,48,1.61800,3,-2.5303,9,-1.1321
ENSG00000175061,SNHG29,45,-1.7218,209,0.61266,213,0.63945,120,-0.2656,219,0.76495,100,-0.5363,114,-0.3456,110,-0.4015,125,-0.2551
ENSG00000181350,LRRC75A,2,-3.1966,19,0.04551,8,-1.1187,3,-2.5025,22,0.30992,18,-0.0161,21,0.20516,9,-1.0122,28,1.01372
ENSG00000133030,MPRIP,70,-0.7934,90,-0.4069,82,-0.5562,65,-0.9061,114,-0.0505,159,0.47885,176,0.64427,110,-0.1077,137,0.32965
ENSG00000154803,FLCN,73,2.31752,13,-0.4958,4,-2.0882,0,-4.7876,19,0.01881,24,0.36952,16,-0.2065,3,-2.7236,18,-0.0805
ENSG00000141030,COPS3,81,0.25643,46,-0.6207,51,-0.4621,70,0.02916,52,-0.4457,68,-0.0189,117,0.85041,86,0.35228,67,-0.0380
ENSG00000205309,NT5M,2,-2.3765,9,-0.1061,3,-1.7697,14,0.53868,10,0.02691,7,-0.6285,13,0.40162,10,-0.0718,13,0.58763
ENSG00000141026,MED9,2,-2.9789,10,-0.7130,7,-1.1978,1,-3.6887,13,-0.2494,23,0.62073,35,1.31473,25,0.75346,18,0.33082
ENSG00000108551,RASD1,39,-1.5547,31,-1.8999,59,-0.9561,10,-3.5446,66,-0.8374,185,0.83348,291,1.61037,111,0.01155,143,0.58687
ENSG00000133027,PEMT,166,2.20576,29,-0.7051,23,-1.0078,36,-0.3455,33,-0.5089,35,-0.3893,33,-0.5138,46,0.00070,39,-0.2860
ENSG00000108557,RAI1,43,0.06078,18,-1.2374,26,-0.7149,26,-0.7247,28,-0.6266,62,0.64341,44,0.10910,46,0.16082,54,0.59309
ENSG00000072310,SREBF1,2,-4.6861,135,1.58351,192,2.24472,24,-1.1545,67,0.44435,37,-0.5005,16,-1.7053,28,-0.9216,26,-1.2580
ENSG00000175662,TOM1L2,65,-0.6604,87,-0.2143,106,0.10464,77,-0.3971,78,-0.3989,111,0.17538,107,0.11430,139,0.52749,111,0.23853
ENSG00000108591,DRG2,2,-3.8852,25,-0.2720,24,-0.3430,36,0.30203,26,-0.2308,30,0.03916,50,0.82488,49,0.79694,29,-0.0053
ENSG00000091542,ALKBH5,7,-3.4788,103,0.37079,61,-0.4440,91,0.17200,71,-0.2363,76,-0.1097,81,-0.0071,139,0.85932,89,0.20310
ENSG00000177731,FLII,2,-4.0799,33,-0.0336,42,0.32677,43,0.38603,24,-0.5617,20,-0.8222,57,0.82582,23,-0.5691,43,0.52712
ENSG00000177427,MIEF2,2,-3.1115,5,-1.7274,11,-0.7147,27,0.68687,8,-1.1974,12,-0.4780,16,-0.1190,17,-0.0506,30,1.30656
ENSG00000176994,SMCR8,2,-2.7660,7,-0.8938,5,-1.3569,9,-0.6436,11,-0.3315,29,1.19532,14,0.01157,15,0.15952,18,0.66678
ENSG00000273018,FAM106A,2,-3.7699,28,0.03274,36,0.41332,44,0.76993,12,-1.2662,58,1.22506,44,0.75996,11,-1.2923,27,-0.0444
ENSG00000141127,PRPSAP2,2,-4.0651,76,1.32185,15,-1.2288,40,0.28263,27,-0.3641,37,0.16950,40,0.25695,29,-0.2128,36,0.14270
ENSG00000072134,EPN2,2,-5.0095,109,0.83039,98,0.66279,69,0.09002,69,0.10595,83,0.38248,55,-0.2397,83,0.39263,51,-0.4602
ENSG00000108641,B9D1,51,0.50119,15,-1.3725,34,-0.1368,35,-0.1059,26,-0.5803,36,-0.0726,46,0.32981,31,-0.2780,46,0.46391
ENSG00000128482,RNF112,38,0.60978,7,-1.9019,4,-2.6778,5,-2.4045,24,-0.0817,68,1.58909,43,0.82946,22,-0.2164,25,-0.0936
ENSG00000072210,ALDH3A2,3,-3.5828,54,0.56215,21,-0.8923,26,-0.5581,31,-0.3521,36,-0.0885,43,0.19198,30,-0.3769,55,0.83619
ENSG00000083290,ULK2,51,0.17898,72,0.71970,34,-0.4572,83,0.95576,39,-0.2783,83,0.95043,36,-0.3479,38,-0.2661,30,-0.8172
ENSG00000108599,AKAP10,2,-3.5805,20,-0.3014,14,-0.7476,15,-0.6783,18,-0.4737,46,1.03415,32,0.44119,32,0.46026,29,0.38297
ENSG00000128487,SPECC1,24,-1.0635,113,1.39683,88,0.95764,71,0.61534,44,-0.1487,30,-0.7093,24,-1.0658,36,-0.4440,38,-0.4630
ENSG00000124422,USP22,317,0.44066,120,-1.0532,144,-0.7774,255,0.09827,165,-0.6191,277,0.22553,222,-0.1190,199,-0.2896,313,0.59577
ENSG00000109016,DHRS7B,2,-3.1283,18,0.03245,29,0.79608,28,0.77007,14,-0.3373,16,-0.0964,23,0.46699,7,-1.3149,18,0.13105
ENSG00000178307,TMEM11,2,-3.3903,28,0.42836,9,-1.2844,36,0.87427,21,0.03436,15,-0.5267,26,0.31419,25,0.27304,22,0.13952
ENSG00000212719,LINC02693,2,-4.2118,7,-2.3966,22,-0.7739,41,0.14606,34,-0.1290,37,0.00223,56,0.64145,36,-0.0395,53,0.81862
ENSG00000256618,MTRNR2L1,476,-0.0618,417,-0.2666,494,-0.0051,255,-1.0154,1057,1.42405,342,-0.5727,181,-1.5228,605,0.31549,389,-0.4778
ENSG00000109046,WSB1,47,-0.3853,161,1.62217,67,0.16024,43,-0.5211,77,0.43170,76,0.36808,35,-0.8073,53,-0.2050,37,-0.9326
ENSG00000141068,KSR1,2,-3.1489,15,-0.2421,5,-1.8288,10,-0.7901,19,0.17052,23,0.40840,13,-0.4956,62,2.12596,15,-0.3093
ENSG00000232859,LYRM9,19,-1.7806,15,-2.1216,12,-2.3867,73,0.26226,68,0.16322,101,0.78771,107,0.88793,48,-0.3668,72,0.35078
ENSG00000087095,NLK,2,-5.4645,33,-1.4736,23,-2.0028,104,0.23871,52,-0.8887,87,-0.0305,127,0.55421,102,0.20580,144,1.15568
ENSG00000109084,TMEM97,2,-2.7452,9,-0.6373,0,-4.1751,0,-4.2989,7,-1.0518,4,-1.7564,17,0.39341,2,-2.7075,31,2.47652
ENSG00000109083,IFT20,2,-4.0105,29,-0.1954,43,0.43008,95,1.77778,24,-0.4969,34,0.07284,17,-0.9316,40,0.30964,29,-0.2384
ENSG00000109079,TNFAIP1,88,1.24352,21,-1.0043,28,-0.5908,88,1.24054,17,-1.4070,31,-0.4158,43,0.07943,32,-0.3685,42,0.04155
ENSG00000004142,POLDIP2,71,0.22728,36,-0.8303,61,-0.0124,77,0.34409,50,-0.3474,52,-0.2766,72,0.24267,62,0.00750,68,0.19971
ENSG00000244045,TMEM199,39,0.73445,17,-0.5711,28,0.22100,25,0.01423,12,-1.0896,18,-0.4479,26,0.08140,23,-0.1097,30,0.40191
ENSG00000004139,SARM1,2,-2.9956,8,-0.9354,9,-0.7746,5,-1.5978,13,-0.3294,28,0.92362,11,-0.5813,59,2.24011,14,-0.2176
ENSG00000109103,UNC119,64,0.56447,14,-1.7170,34,-0.3994,15,-1.6380,34,-0.4502,40,-0.1672,56,0.35517,50,0.16111,60,0.65655
ENSG00000087111,PIGS,2,-3.9410,28,-0.1622,32,0.05835,50,0.77206,26,-0.2462,32,0.06809,39,0.35226,34,0.14207,33,0.13023
ENSG00000109107,ALDOC,637,-0.3466,350,-1.2519,1588,1.11996,673,-0.2617,964,0.33133,480,-0.7754,772,-0.0488,1046,0.43049,720,-0.2052
ENSG00000007202,KIAA0100,2,-4.1958,24,-0.6529,36,-0.0336,11,-1.7791,37,0.01294,45,0.32385,43,0.23180,67,0.96457,44,0.38767
ENSG00000132581,SDF2,2,-4.2624,25,-0.6396,105,1.64537,28,-0.4852,22,-0.9321,53,0.50640,25,-0.6724,44,0.21743,44,0.28361
ENSG00000109111,SUPT6H,2,-4.1532,46,0.39999,31,-0.2016,35,-0.0174,33,-0.1164,53,0.62164,50,0.51453,59,0.78706,30,-0.3147
ENSG00000109113,RAB34,2,-2.8187,7,-0.9797,73,2.94479,22,0.67765,23,0.87268,3,-2.0457,1,-3.0625,3,-2.0883,6,-1.4409
ENSG00000198242,RPL23A,715,0.04919,1411,1.15630,1434,1.18381,414,-0.7879,925,0.50746,369,-0.9619,335,-1.1090,730,0.08255,437,-0.8841
ENSG00000076604,TRAF4,2,-2.1937,27,1.80107,27,1.76861,0,-3.7528,13,0.58414,5,-0.6982,1,-3.0708,6,-0.5281,6,-0.8095
ENSG00000173065,FAM222B,2,-2.6684,23,0.98462,2,-2.5063,0,-4.2228,12,-0.0914,10,-0.3820,18,0.53173,5,-1.3698,20,1.06589
ENSG00000132591,ERAL1,2,-3.8739,31,0.07961,30,0.01420,21,-0.5290,27,-0.1087,41,0.53450,48,0.76242,32,0.14338,31,0.08952
ENSG00000132589,FLOT2,82,-0.0141,28,-1.6195,46,-0.9162,66,-0.3452,66,-0.3763,142,0.86028,111,0.44778,81,-0.0501,98,0.35672
ENSG00000109118,PHF12,2,-2.5872,12,-0.0406,7,-0.7158,15,0.39373,13,0.13782,24,1.08313,8,-0.5077,13,0.19885,12,-0.0183
ENSG00000063015,SEZ6,45,-0.7351,2,-4.7329,22,-1.7904,22,-1.8125,49,-0.6490,188,1.55085,63,-0.2365,130,0.92014,96,0.58551
ENSG00000108256,NUFIP2,2,-4.6449,63,0.35941,42,-0.2880,62,0.33001,42,-0.3076,60,0.27848,59,0.25179,78,0.70514,51,0.02657
ENSG00000160551,TAOK1,3,-4.7546,116,0.30576,155,0.77636,78,-0.3147,87,-0.1485,126,0.43699,84,-0.2033,106,0.17366,99,0.08338
ENSG00000167543,TP53I13,6,-0.6228,15,0.64637,30,1.83536,0,-3.8753,16,0.79980,21,1.24560,0,-6.3345,5,-1.0585,5,-1.2934
ENSG00000108262,GIT1,95,-0.1307,66,-0.7008,105,0.01458,39,-1.4852,116,0.19470,174,0.82647,80,-0.3920,68,-0.6525,122,0.35799
ENSG00000198720,ANKRD13B,2,-3.3235,31,0.67109,8,-1.2619,20,-0.0133,16,-0.4014,39,1.08889,18,-0.1330,7,-1.4958,26,0.54792
ENSG00000167549,CORO6,36,0.36649,0,-6.3949,8,-1.7935,69,1.42651,19,-0.6768,28,-0.0131,30,0.05886,33,0.21278,33,0.27166
ENSG00000141298,SSH2,2,-3.2968,35,0.93290,24,0.31372,17,-0.1820,20,0.04344,30,0.66881,22,0.16305,14,-0.5236,18,-0.2132
ENSG00000126653,NSRP1,2,-3.9623,99,1.93549,54,0.86505,25,-0.3572,43,0.56328,35,0.16070,17,-0.8788,29,-0.1061,15,-1.3562
ENSG00000108578,BLMH,2,-2.9410,25,0.77608,14,-0.1495,0,-4.3669,13,-0.3114,16,0.03256,23,0.66089,22,0.57176,18,0.32428
ENSG00000108582,CPD,80,0.69867,72,0.53111,33,-0.6924,29,-0.8658,31,-0.8168,107,1.17402,63,0.30853,57,0.14336,42,-0.4076
ENSG00000108587,GOSR1,2,-2.9813,17,0.17002,27,0.86593,1,-3.9431,16,0.01433,21,0.47817,13,-0.2301,15,-0.0341,19,0.37639
ENSG00000196712,NF1,4,-3.8595,62,0.06686,69,0.22111,36,-0.7553,61,0.05127,57,-0.0648,39,-0.6592,45,-0.4418,85,0.81135
ENSG00000126861,OMG,151,-0.1292,394,1.43436,222,0.47040,131,-0.3548,115,-0.5919,251,0.67504,142,-0.2323,115,-0.5480,126,-0.5291
ENSG00000126860,EVI2A,4,-4.5653,726,4.32696,191,1.24615,50,-0.8868,57,-0.7323,35,-1.3954,4,-4.4569,12,-2.9700,5,-4.5320
ENSG00000131242,RAB11FIP4,100,-0.2323,84,-0.5091,78,-0.6131,77,-0.6251,105,-0.1725,128,0.14443,94,-0.3239,87,-0.4401,164,0.77499
ENSG00000172301,COPRS,42,-2.4850,81,-1.5031,166,-0.4379,332,0.65163,189,-0.2580,222,0.01310,292,0.44596,277,0.36373,268,0.43131
ENSG00000108651,UTP6,3,-2.2560,17,-0.0127,6,-1.5757,22,0.40463,9,-0.9941,31,0.96044,21,0.33655,11,-0.5923,23,0.64033
ENSG00000178691,SUZ12,34,0.34910,29,0.08235,39,0.55544,1,-4.4552,20,-0.5333,24,-0.2103,10,-1.4716,41,0.63666,34,0.50884
ENSG00000126858,RHOT1,2,-4.6260,39,-0.4648,18,-1.6017,34,-0.6925,41,-0.4374,64,0.28122,62,0.22559,89,0.81318,76,0.80501
ENSG00000141314,RHBDL3,2,-2.1185,10,0.30993,0,-6.9712,0,-3.6785,19,1.46304,10,0.22011,3,-1.2800,3,-1.6281,11,0.57662
ENSG00000108666,C17orf75,40,1.33014,13,-0.4402,13,-0.4340,0,-4.6832,12,-0.6189,15,-0.2257,16,-0.1583,28,0.76088,19,0.22570
ENSG00000010244,ZNF207,55,-0.3868,65,-0.1149,54,-0.3992,112,0.74857,67,-0.0699,89,0.37360,76,0.12816,46,-0.6584,70,-0.0001
ENSG00000108671,PSMD11,75,0.35763,42,-0.5310,76,0.37766,74,0.32856,48,-0.3860,56,-0.1053,65,0.11578,40,-0.6135,64,0.13557
ENSG00000176749,CDK5R1,142,-0.5826,11,-4.2999,35,-2.6305,88,-1.2904,123,-0.8446,391,1.02524,302,0.60103,163,-0.3678,328,1.09503
ENSG00000176658,MYO1D,2,-2.5190,78,3.67661,36,1.92089,0,-4.0747,5,-1.1743,2,-2.3113,3,-1.7850,2,-2.2719,3,-2.1095
ENSG00000006042,TMEM98,2,-4.0178,232,3.83667,87,1.62815,0,-5.4254,19,-0.8199,13,-1.3330,2,-3.7616,15,-1.1810,8,-2.4001
ENSG00000108684,ASIC2,2,-3.3200,0,-4.7950,14,-0.5362,13,-0.6297,25,0.40676,127,3.47383,5,-2.0086,11,-0.9146,9,-1.3819
ENSG00000198783,ZNF830,2,-2.4273,16,0.67920,12,0.17336,0,-3.9839,7,-0.5690,13,0.30791,10,-0.1445,10,-0.0842,15,0.76450
ENSG00000005156,LIG3,2,-2.5618,26,1.24800,7,-0.6538,0,-4.1113,13,0.21531,10,-0.1916,16,0.47824,6,-1.0689,15,0.47126
ENSG00000092871,RFFL,3,-2.9522,138,3.34196,36,0.71322,12,-0.9642,17,-0.4893,18,-0.3778,3,-2.7455,7,-1.7542,11,-1.2344
ENSG00000185379,RAD51D,2,-2.6220,8,-0.5675,13,0.11152,22,0.92739,12,0.04267,6,-0.9941,20,0.78747,5,-1.2494,14,0.31790
ENSG00000267321,SNHG30,2,-2.5764,22,0.99135,4,-1.6536,25,1.20685,8,-0.6516,20,0.80556,9,-0.4113,7,-0.7500,12,0.08193
ENSG00000006125,AP2B1,203,0.10394,95,-1.0577,177,-0.1123,201,0.08941,112,-0.8660,295,0.70238,242,0.38542,131,-0.5646,225,0.36908
ENSG00000270647,TAF15,2,-4.4364,42,-0.0501,28,-0.6685,69,0.73764,49,0.19526,52,0.27281,55,0.35143,52,0.27362,42,-0.0630
ENSG00000270885,RASL10B,2,-3.0083,5,-1.6795,13,-0.3259,29,0.91822,23,0.62934,10,-0.6798,24,0.62184,8,-1.0349,18,0.24057
ENSG00000271447,MMP28,2,-3.2314,15,-0.3107,86,2.66364,0,-4.7819,29,0.77524,22,0.23386,5,-2.0127,10,-0.8556,11,-0.9329
ENSG00000273611,ZNHIT3,2,-5.1570,66,-0.1432,72,-0.0108,92,0.35572,62,-0.2630,63,-0.2374,86,0.25048,54,-0.4620,97,0.64432
ENSG00000278311,GGNBP2,2,-4.9336,64,0.06800,45,-0.4713,69,0.18415,61,-0.0069,86,0.53373,89,0.57919,76,0.33275,61,-0.0034
ENSG00000278535,DHRS11,2,-3.4268,3,-2.6944,19,-0.1796,48,1.28649,17,-0.3556,21,-0.0241,35,0.77958,15,-0.4988,25,0.34695
ENSG00000275700,AATF,2,-3.0081,28,0.85804,28,0.90699,1,-4.0050,18,0.19902,12,-0.4037,20,0.32102,19,0.26280,16,-0.0449
ENSG00000278540,ACACA,40,0.18483,31,-0.2181,12,-1.6251,22,-0.7151,40,0.18616,42,0.26315,31,-0.2245,33,-0.1322,43,0.41727
ENSG00000276234,TADA2A,2,-2.5408,12,0.08923,13,0.14877,0,-4.0963,9,-0.4210,14,0.33896,17,0.63642,10,-0.1846,16,0.68715
ENSG00000276023,DUSP14,16,-0.1652,6,-1.5046,8,-1.1755,34,0.98863,14,-0.4618,28,0.65575,21,0.17833,8,-1.2233,22,0.41148
ENSG00000275066,SYNRG,2,-3.1270,34,1.04940,22,0.33276,2,-3.1564,21,0.35179,19,0.10325,27,0.70543,25,0.54362,13,-0.4869
ENSG00000278053,DDX52,2,-2.5252,24,1.20815,9,-0.3118,12,0.04107,11,-0.0637,19,0.76693,17,0.63492,4,-1.5302,10,-0.2840
ENSG00000278845,MRPL45,2,-3.5193,20,-0.1825,12,-0.9247,5,-2.1407,19,-0.2950,38,0.80380,40,0.87434,15,-0.6625,32,0.73491
ENSG00000274211,SOCS7,2,-3.6347,9,-1.5493,19,-0.4089,39,0.71215,28,0.19622,65,1.57316,9,-1.4408,17,-0.5524,27,0.16019
ENSG00000275832,ARHGAP23,2,-4.9054,219,2.20222,96,0.73868,24,-1.3989,74,0.35591,51,-0.2467,42,-0.5386,71,0.24660,33,-1.1309
ENSG00000277363,SRCIN1,42,-0.8674,141,1.03966,63,-0.2579,122,0.80049,74,0.00795,103,0.52326,74,0.00226,52,-0.5444,54,-0.6096
ENSG00000273604,EPOP,9,-0.7742,1,-3.8019,0,-6.4724,0,-4.5131,11,-0.4821,31,1.09371,20,0.40373,22,0.54053,24,0.99342
ENSG00000275023,MLLT6,2,-4.0843,53,0.70480,87,1.54351,16,-1.0946,58,0.95333,41,0.28171,18,-0.9621,37,0.15120,18,-1.1753
ENSG00000277972,CISD3,99,0.56316,52,-0.4213,53,-0.4086,90,0.42513,66,-0.0713,53,-0.4031,81,0.24990,62,-0.1628,69,-0.0125
ENSG00000277258,PCGF2,2,-2.2683,6,-0.7650,19,1.10622,0,-3.7269,10,0.17326,4,-1.2159,12,0.32091,8,-0.2507,13,0.66499
ENSG00000277791,PSMB3,67,-1.2979,152,-0.0673,162,0.03964,92,-0.8219,123,-0.4146,206,0.41304,239,0.65465,158,-0.0010,184,0.32027
ENSG00000276293,PIP4K2B,90,-0.6935,70,-1.0782,101,-0.5200,133,-0.0994,128,-0.1789,213,0.64502,153,0.12015,198,0.52540,158,0.22661
ENSG00000273559,CWC25,2,-2.5501,15,0.36002,17,0.56934,17,0.57019,15,0.41040,16,0.45386,18,0.66543,6,-0.8454,8,-0.7322
ENSG00000125691,RPL23,220,-0.8500,522,0.48810,686,0.93440,302,-0.3726,484,0.40338,313,-0.3142,371,-0.0553,331,-0.2319,319,-0.3681
ENSG00000002834,LASP1,2,-4.7180,23,-1.2824,66,0.35265,60,0.19476,62,0.27099,91,0.86243,54,0.02166,51,-0.0696,55,0.06532
ENSG00000263874,LINC00672,19,-1.6200,46,-0.3368,36,-0.6955,123,1.23065,57,-0.0300,146,1.52698,71,0.33423,47,-0.3091,37,-0.8636
ENSG00000067191,CACNB1,2,-5.1102,7,-3.3041,27,-1.4277,27,-1.3975,59,-0.2677,131,1.01563,147,1.21823,73,0.07882,93,0.64382
ENSG00000108298,RPL19,892,0.22285,1696,1.28299,1277,0.80266,559,-0.5003,862,0.18693,517,-0.6207,445,-0.8461,717,-0.1183,557,-0.6414
ENSG00000141750,STAC2,2,-3.0464,4,-1.9143,0,-5.6499,10,-0.7262,26,0.82782,18,0.17754,34,1.14443,10,-0.6891,21,0.48779
ENSG00000108306,FBXL20,2,-3.0213,10,-0.7117,2,-2.6383,28,0.84180,20,0.39233,17,0.05637,26,0.77298,17,0.05553,17,0.09244
ENSG00000125686,MED1,2,-2.3690,24,1.39469,1,-3.2257,0,-3.7658,12,0.21647,15,0.60917,10,0.00134,6,-0.7994,13,0.46123
ENSG00000171532,NEUROD2,218,0.88590,2,-5.8791,27,-2.2602,17,-2.9494,109,-0.2320,260,1.18626,264,1.20849,114,-0.1412,127,0.03025
ENSG00000131771,PPP1R1B,2,-5.4439,57,-0.6660,286,1.99854,78,-0.1743,112,0.42230,138,0.72478,75,-0.2391,68,-0.3817,53,-0.9542
ENSG00000131748,STARD3,37,0.22995,41,0.37735,39,0.31257,23,-0.5260,24,-0.4675,63,1.07091,40,0.35922,21,-0.6601,26,-0.3924
ENSG00000141741,MIEN1,18,-2.4530,129,0.51444,108,0.23146,54,-0.8364,78,-0.2992,83,-0.1849,135,0.57915,151,0.76523,95,0.03651
ENSG00000172057,ORMDL3,48,1.12456,28,0.25835,29,0.30815,14,-0.8042,25,0.09518,27,0.20438,22,-0.1020,17,-0.4549,18,-0.5174
ENSG00000108344,PSMD3,159,0.93193,52,-0.8036,75,-0.2602,116,0.42817,74,-0.3034,99,0.17287,77,-0.2214,82,-0.1261,86,-0.0562
ENSG00000008838,MED24,2,-4.1202,23,-0.6324,35,0.02095,19,-0.8756,39,0.20098,73,1.19287,58,0.81689,41,0.27083,31,-0.2609
ENSG00000126351,THRA,4,-5.4420,168,0.05524,221,0.49423,254,0.71612,172,0.10572,208,0.39273,141,-0.2140,230,0.55937,134,-0.3821
ENSG00000126368,NR1D1,2,-2.7814,9,-0.5592,8,-0.8589,0,-4.3291,14,0.03089,5,-1.4024,19,0.53318,17,0.32845,22,1.15195
ENSG00000188895,MSL1,126,0.75809,58,-0.4585,82,0.08098,14,-2.4878,68,-0.2292,89,0.19790,85,0.13160,82,0.07995,86,0.19700
ENSG00000108349,CASC3,76,0.71283,76,0.72381,65,0.45860,40,-0.2943,50,0.07430,38,-0.3647,35,-0.4901,43,-0.1650,38,-0.4473
ENSG00000108352,RAPGEFL1,2,-4.0752,5,-2.7899,2,-3.8031,5,-2.8382,26,-0.4540,60,0.92800,37,0.14549,27,-0.3422,62,1.55076
ENSG00000171475,WIPF2,2,-4.6715,50,-0.0664,68,0.41915,37,-0.5039,49,-0.0954,52,-0.0050,51,-0.0279,46,-0.1819,68,0.59200
ENSG00000073584,SMARCE1,25,-0.5266,67,1.04867,22,-0.6686,20,-0.8298,37,0.10984,56,0.75028,40,0.21691,22,-0.6613,31,-0.2043
ENSG00000213424,KRT222,2,-4.6809,3,-3.8676,21,-1.3618,44,-0.2548,39,-0.4475,76,0.60452,94,0.95656,80,0.70004,68,0.62009
ENSG00000186395,KRT10,93,0.03344,115,0.37291,163,0.93839,140,0.68815,82,-0.1590,70,-0.4063,54,-0.7929,93,0.04154,72,-0.4627
ENSG00000128422,KRT17,2,-6.1338,4,-5.0538,174,0.32108,66,-1.1605,148,0.06906,1280,4.75606,1,-6.7071,6,-4.6509,4,-5.5623
ENSG00000173812,EIF1,584,-0.3296,1334,0.99031,893,0.33511,494,-0.5864,689,-0.0790,585,-0.3260,733,0.02375,685,-0.0816,675,-0.1373
ENSG00000173801,JUP,2,-2.4265,57,2.98475,19,0.93280,16,0.64692,8,-0.5073,7,-0.6265,3,-1.8325,3,-1.7612,4,-1.6623
ENSG00000141698,NT5C3B,2,-5.2561,38,-1.3586,41,-1.2275,75,-0.3367,96,0.06277,116,0.35510,117,0.36537,85,-0.1377,135,0.86183
ENSG00000131473,ACLY,100,0.31874,53,-0.6436,62,-0.4225,221,1.65158,45,-0.9593,52,-0.6955,75,-0.1227,82,0.00254,81,-0.0074
ENSG00000173786,CNP,48,-3.6923,4077,3.78527,1103,1.02243,216,-1.5095,411,-0.5876,312,-0.9637,121,-2.3659,306,-0.9914,153,-2.3400
ENSG00000168259,DNAJC7,43,-1.1593,62,-0.6173,84,-0.1634,66,-0.5314,84,-0.1740,108,0.22353,123,0.43718,139,0.63738,105,0.24595
ENSG00000168256,NKIRAS2,2,-2.4744,13,0.22856,24,1.27570,20,0.91442,8,-0.4069,13,0.21387,10,-0.2046,9,-0.2792,9,-0.3980
ENSG00000108771,DHX58,37,1.77190,7,-0.8848,9,-0.4619,5,-1.3626,10,-0.4232,9,-0.4862,10,-0.3248,3,-1.8557,16,0.50275
ENSG00000108773,KAT2A,2,-4.5043,28,-0.7647,43,-0.0815,88,1.06103,29,-0.7315,41,-0.1503,52,0.20733,34,-0.4587,62,0.67456
ENSG00000108774,RAB5C,93,-0.2001,129,0.30952,102,-0.0686,85,-0.3379,102,-0.0734,135,0.37521,108,0.02209,100,-0.0867,106,-0.0003
ENSG00000167925,GHDC,2,-2.4710,18,0.80512,11,-0.0295,7,-0.6717,13,0.34664,10,-0.1755,9,-0.2676,13,0.31076,11,0.06903
ENSG00000173757,STAT5B,38,0.09674,22,-0.7511,60,0.79710,139,2.31865,17,-1.2214,9,-2.0234,12,-1.6313,25,-0.5762,33,-0.1974
ENSG00000168610,STAT3,2,-3.6177,55,1.29171,58,1.38883,6,-1.9328,30,0.34552,19,-0.3902,22,-0.1660,18,-0.4398,20,-0.4238
ENSG00000177469,CAVIN1,2,-2.2660,68,3.76436,21,1.27527,0,-3.8244,13,0.51512,3,-1.5352,3,-1.5491,0,-5.0586,0,-4.9841
ENSG00000033627,ATP6V0A1,163,-0.8495,86,-1.8003,108,-1.4719,338,0.27014,207,-0.5277,464,0.78137,418,0.60925,313,0.14898,349,0.44712
ENSG00000108784,NAGLU,2,-2.4329,29,1.49366,45,2.34741,13,0.16027,11,-0.0883,8,-0.5015,1,-2.9069,2,-2.6360,7,-0.9607
ENSG00000266962,AC067852.2,2,-2.5650,10,-0.2783,18,0.67486,9,-0.4103,13,0.19596,17,0.57576,17,0.55053,6,-0.8599,12,0.01470
ENSG00000068120,COASY,2,-3.9859,30,-0.0868,45,0.56542,2,-3.6321,33,0.04871,25,-0.3327,28,-0.2030,64,1.11958,38,0.36721
ENSG00000108788,MLX,2,-3.1601,16,-0.1256,25,0.53969,0,-4.7087,19,0.08128,21,0.28381,36,1.13375,11,-0.6770,20,0.28327
ENSG00000141699,RETREG3,32,0.09873,16,-0.9056,13,-1.2122,55,0.95468,17,-0.9282,24,-0.3485,20,-0.6358,34,0.18543,41,0.67824
ENSG00000131462,TUBG1,2,-4.1039,11,-1.7697,10,-1.8569,64,0.92702,31,-0.2231,37,0.05753,67,0.99997,42,0.25922,42,0.36447
ENSG00000037042,TUBG2,178,0.88442,69,-0.5990,59,-0.8414,30,-1.8252,81,-0.3996,94,-0.1277,158,0.68381,195,1.03594,97,-0.1140
ENSG00000108797,CNTNAP1,163,0.37045,12,-3.4890,68,-0.9730,68,-0.9820,82,-0.7396,231,0.93226,182,0.54111,92,-0.5169,175,0.67813
ENSG00000108799,EZH1,2,-3.5911,33,0.48571,12,-0.9913,13,-0.8907,23,-0.0395,23,-0.0729,35,0.57827,26,0.14845,30,0.50314
ENSG00000131477,RAMP2,2,-3.0743,11,-0.7640,33,0.91905,111,3.29017,25,0.51141,0,-4.8513,5,-2.0118,1,-3.4009,7,-1.6850
ENSG00000131475,VPS25,99,1.63210,30,-0.3115,60,0.77213,6,-2.5973,29,-0.3991,29,-0.3453,57,0.68060,19,-0.9630,30,-0.3990
ENSG00000183978,COA3,139,-0.2076,140,-0.1938,129,-0.3229,180,0.20140,140,-0.2126,129,-0.3187,209,0.43159,203,0.38559,164,0.06535
ENSG00000126581,BECN1,2,-4.9574,39,-0.7057,78,0.34911,177,1.73113,55,-0.2190,59,-0.0817,74,0.26659,43,-0.5573,58,-0.1695
ENSG00000131467,PSME3,2,-4.9109,29,-1.1238,52,-0.2369,147,1.45307,36,-0.8491,66,0.12783,72,0.26417,61,0.00606,72,0.37269
ENSG00000266967,AARSD1,2,-4.3502,28,-0.6166,33,-0.3251,25,-0.7802,29,-0.6073,55,0.43473,45,0.13932,70,0.84693,56,0.66546
ENSG00000198863,RUNDC1,2,-3.9875,13,-1.3169,9,-1.9251,76,1.41230,22,-0.6290,40,0.35175,33,0.04934,39,0.32520,40,0.48907
ENSG00000131469,RPL27,337,-0.7927,789,0.52945,782,0.51562,609,0.11704,704,0.38342,473,-0.2764,523,-0.1194,608,0.11585,454,-0.4362
ENSG00000108828,VAT1,2,-3.9785,71,1.30802,94,1.81359,29,-0.1450,26,-0.3356,23,-0.4688,37,0.26383,19,-0.7417,21,-0.7773
ENSG00000108830,RND2,2,-3.5354,56,1.43356,74,1.93290,2,-3.4958,32,0.58820,4,-2.6386,3,-2.6678,27,0.24538,17,-0.5757
ENSG00000267002,AC060780.1,2,-2.6108,6,-1.0576,9,-0.4711,0,-4.1655,10,-0.2720,25,1.17653,5,-1.1962,32,1.58991,14,0.35052
ENSG00000188554,NBR1,86,0.31818,134,1.03188,98,0.52367,53,-0.4376,69,-0.0434,85,0.29374,49,-0.5411,49,-0.5462,56,-0.4572
ENSG00000175906,ARL4D,2,-3.2780,1,-3.5438,8,-1.2936,34,0.89971,14,-0.5541,55,1.70738,28,0.56760,8,-1.3223,22,0.28110
ENSG00000067596,DHX8,2,-2.4529,13,0.31447,9,-0.2153,1,-3.0500,11,0.08968,17,0.66245,22,1.15607,6,-0.7310,12,0.15545
ENSG00000108861,DUSP3,10,-3.6796,48,-1.4054,87,-0.5036,82,-0.5846,99,-0.3237,121,0.00350,178,0.61737,145,0.28528,175,0.85359
ENSG00000108852,MPP2,42,-0.4628,64,0.20449,31,-0.8818,48,-0.2492,31,-0.9701,73,0.41894,69,0.32317,79,0.54501,66,0.33108
ENSG00000091947,TMEM101,2,-3.1907,26,0.57724,47,1.55427,0,-4.7413,19,0.06177,22,0.27129,12,-0.5999,10,-0.8571,20,0.17208
ENSG00000161654,LSM12,81,1.57491,35,0.16564,26,-0.2811,28,-0.1502,29,-0.1404,26,-0.2484,15,-1.1106,29,-0.0922,27,-0.3033
ENSG00000141349,G6PC3,2,-4.4047,58,0.48056,88,1.17155,34,-0.3608,43,0.03727,32,-0.4570,51,0.28416,71,0.81178,33,-0.5031
ENSG00000108840,HDAC5,200,1.16482,99,0.02387,91,-0.1049,68,-0.5619,107,0.15583,97,-0.0049,52,-0.9428,96,-0.0252,88,-0.2158
ENSG00000168591,TMUB2,27,-0.6683,32,-0.4349,47,0.15851,34,-0.3172,29,-0.5941,52,0.32754,54,0.38263,35,-0.2951,52,0.46714
ENSG00000087152,ATXN7L3,35,-1.1784,26,-1.6388,19,-2.0961,112,0.59296,74,-0.0757,111,0.58353,108,0.54034,116,0.65535,81,0.11797
ENSG00000108312,UBTF,41,-0.5519,43,-0.4655,65,0.16815,86,0.62173,42,-0.5242,91,0.71076,62,0.08528,66,0.20720,55,-0.1303
ENSG00000108309,RUNDC3A,192,-0.6023,45,-2.7388,103,-1.5341,280,-0.0181,272,-0.0744,330,0.23904,390,0.50429,259,-0.1441,387,0.69842
ENSG00000013306,SLC25A39,307,2.75381,42,-0.6548,68,0.07545,66,0.02242,40,-0.7909,25,-1.4128,46,-0.5477,49,-0.4270,41,-0.8902
ENSG00000030582,GRN,61,-0.1458,82,0.30152,89,0.43604,62,-0.1330,63,-0.1030,113,0.82223,60,-0.1748,44,-0.6675,60,-0.2425
ENSG00000161682,FAM171A2,19,-1.3471,7,-2.6925,25,-0.9858,88,1.00045,39,-0.2988,68,0.57315,76,0.75457,40,-0.2409,53,0.23909
ENSG00000186566,GPATCH8,44,0.90672,28,0.20863,42,0.85327,4,-2.5711,21,-0.2580,29,0.23082,20,-0.2991,19,-0.4120,23,-0.1293
ENSG00000180329,CCDC43,2,-3.3618,28,0.47180,15,-0.4495,36,0.87513,23,0.21813,14,-0.6016,24,0.22865,11,-0.9628,23,0.22375
ENSG00000073670,ADAM11,45,-0.3628,1,-5.3320,23,-1.3731,26,-1.1817,44,-0.4334,108,1.01573,92,0.74722,35,-0.7543,82,0.80926
ENSG00000131097,HIGD1B,19,0.22716,4,-2.1249,73,2.56100,16,-0.0589,34,1.33204,3,-2.5348,1,-3.9648,2,-2.8174,7,-1.4077
ENSG00000108883,EFTUD2,2,-4.3626,26,-0.9811,39,-0.3929,64,0.39457,29,-0.8676,66,0.42665,50,-0.0048,76,0.67288,67,0.65527
ENSG00000131095,GFAP,688,-1.2938,10017,3.45862,5961,2.25466,307,-2.4857,1282,-0.3825,256,-2.7511,78,-4.4733,294,-2.5469,195,-3.5160
ENSG00000131094,C1QL1,2,-3.7370,42,0.71090,58,1.25638,21,-0.3668,26,-0.0431,4,-2.8302,9,-1.5471,25,-0.1117,34,0.50110
ENSG00000172992,DCAKD,31,0.30211,28,0.13235,44,0.85911,2,-3.5014,19,-0.4517,23,-0.1661,23,-0.1685,19,-0.4037,31,0.40059
ENSG00000136448,NMT1,92,0.12497,74,-0.2164,98,0.21926,87,0.03127,66,-0.4178,137,0.75696,72,-0.2487,88,0.04557,81,-0.0877
ENSG00000161714,PLCD3,2,-3.8787,61,1.16266,121,2.45365,0,-5.1387,33,0.17445,15,-1.0118,8,-1.8499,6,-2.3443,26,-0.2454
ENSG00000186834,HEXIM1,2,-4.4442,20,-1.1922,24,-0.8772,62,0.56054,41,-0.1109,71,0.77010,62,0.55069,44,0.00676,50,0.29946
ENSG00000168517,HEXIM2,2,-2.2205,8,-0.2472,11,0.29615,1,-2.9973,9,0.04898,16,0.90223,13,0.58205,4,-1.0538,11,0.40888
ENSG00000184922,FMNL1,29,-0.1075,9,-1.8042,8,-1.9825,1,-4.9391,29,-0.1027,60,1.05380,40,0.41461,22,-0.5243,44,0.78983
ENSG00000225190,PLEKHM1,56,2.19727,14,-0.1733,15,0.00502,0,-4.0858,15,-0.0154,12,-0.3322,15,-0.0544,10,-0.6958,12,-0.5338
ENSG00000186868,MAPT,60,-2.1461,187,-0.4603,289,0.21412,230,-0.1446,185,-0.5087,411,0.78272,340,0.47461,271,0.11653,279,0.21835
ENSG00000120071,KANSL1,103,1.89963,28,-0.2395,29,-0.2205,68,1.16428,28,-0.3031,27,-0.3255,22,-0.6296,13,-1.3502,21,-0.8371
ENSG00000214401,KANSL1-AS1,37,0.36133,62,1.18369,46,0.69848,8,-1.9869,37,0.35642,15,-1.0682,31,0.08455,21,-0.4908,23,-0.4914
ENSG00000073969,NSF,516,-0.2886,30,-4.4764,181,-1.8625,429,-0.5719,299,-1.1818,636,0.03788,1262,1.15145,551,-0.1856,968,1.05125
ENSG00000108433,GOSR2,2,-4.4274,23,-0.9429,67,0.69731,38,-0.1941,42,-0.0485,57,0.42363,49,0.18057,37,-0.2173,51,0.36747
ENSG00000179673,RPRML,2,-3.7574,0,-6.2853,8,-1.7569,20,-0.4456,24,-0.2259,140,2.95628,35,0.42042,23,-0.2306,19,-0.6801
ENSG00000004897,CDC27,3,-4.1356,28,-0.9013,34,-0.5831,63,0.34376,37,-0.5150,74,0.61884,82,0.77318,67,0.44056,58,0.28727
ENSG00000141279,NPEPPS,51,-1.2925,59,-1.0911,167,0.51077,71,-0.8172,92,-0.4543,186,0.69185,141,0.24519,101,-0.2809,152,0.51423
ENSG00000108424,KPNB1,64,-0.8321,138,0.35736,94,-0.2502,78,-0.5217,93,-0.2895,127,0.22809,118,0.10932,145,0.43202,121,0.19061
ENSG00000198933,TBKBP1,45,1.55219,4,-2.0535,12,-0.5189,9,-0.9649,21,0.28131,30,0.87998,11,-0.6857,8,-1.1702,16,-0.1280
ENSG00000159111,MRPL10,2,-4.0630,31,-0.1138,34,0.03066,29,-0.2140,30,-0.1588,41,0.32913,41,0.30475,40,0.26353,39,0.33345
ENSG00000141295,SCRN2,38,1.81144,13,0.02897,13,0.00499,1,-3.0447,13,-0.0075,17,0.42016,4,-1.5563,4,-1.7113,12,-0.0366
ENSG00000264920,AC018521.5,55,0.67289,27,-0.4096,19,-0.9561,35,-0.0279,33,-0.1409,24,-0.6096,23,-0.6896,34,-0.0645,46,0.52870
ENSG00000167182,SP2,2,-2.4145,22,1.18658,11,0.07568,14,0.41026,9,-0.2040,6,-0.7905,1,-2.7980,12,0.14733,13,0.37803
ENSG00000108439,PNPO,37,-0.2559,29,-0.6423,48,0.12713,52,0.24959,44,-0.0084,39,-0.2113,49,0.15711,58,0.42459,44,-0.0204
ENSG00000108465,CDK5RAP3,93,1.09511,50,0.08871,65,0.51819,43,-0.1383,35,-0.4864,30,-0.6688,39,-0.2970,35,-0.4375,46,-0.0229
ENSG00000082641,NFE2L1,142,0.00564,77,-0.9208,141,-0.0039,200,0.54672,114,-0.3580,151,0.10132,187,0.44204,202,0.56533,128,-0.2097
ENSG00000108468,CBX1,120,0.77239,81,0.14850,92,0.34521,108,0.60775,53,-0.5408,56,-0.4124,69,-0.1108,85,0.21986,60,-0.3973
ENSG00000002919,SNX11,37,1.34706,15,-0.1371,21,0.38784,0,-4.5720,14,-0.2555,5,-1.7881,36,1.29678,10,-0.7343,15,-0.1965
ENSG00000136436,CALCOCO2,2,-3.5986,79,1.97352,50,1.18152,0,-5.1421,38,0.79244,14,-0.7973,14,-0.8557,14,-0.7987,16,-0.7390
ENSG00000159199,ATP5MC1,60,-2.0601,149,-0.7123,138,-0.8347,241,0.02035,231,-0.0456,196,-0.2943,334,0.54274,254,0.10293,313,0.61879
ENSG00000159202,UBE2Z,2,-5.2711,76,-0.0306,64,-0.2938,32,-1.3556,75,-0.0651,78,-0.0020,106,0.48503,132,0.84410,93,0.38829
ENSG00000159210,SNF8,2,-4.6676,61,0.26890,66,0.40230,11,-2.2015,61,0.29698,58,0.18820,72,0.54786,67,0.42814,51,0.01400
ENSG00000198740,ZNF652,2,-2.8909,73,2.84788,27,0.93557,0,-4.4435,24,0.87124,3,-2.3320,3,-2.2218,2,-2.8878,8,-1.0366
ENSG00000167085,PHB,6,-3.8034,101,0.38583,107,0.47545,81,0.03411,72,-0.1516,72,-0.1408,92,0.22419,66,-0.2742,90,0.27254
ENSG00000182575,NXPH3,2,-3.3987,4,-2.3553,70,2.01740,19,-0.1472,29,0.54611,114,3.06565,0,-8.9314,6,-1.8235,0,-5.4654
ENSG00000121067,SPOP,11,-2.3123,67,0.34175,111,1.16850,15,-1.8476,48,-0.1798,114,1.21700,71,0.42329,30,-0.8849,46,-0.3144
ENSG00000121073,SLC35B1,50,0.05287,36,-0.4478,20,-1.3159,68,0.53670,36,-0.4647,56,0.22349,67,0.51248,59,0.29961,50,0.07098
ENSG00000136504,KAT7,18,-0.9122,27,-0.3159,47,0.55501,26,-0.3505,25,-0.4620,54,0.77215,43,0.39474,23,-0.5398,36,0.15011
ENSG00000005882,PDK2,2,-5.5327,60,-0.6777,71,-0.4229,102,0.14110,63,-0.6442,95,0.02153,152,0.77605,118,0.36846,122,0.59574
ENSG00000167100,SAMD14,2,-3.0901,6,-1.4831,4,-2.0890,1,-4.1770,25,0.66540,29,0.86966,7,-1.3762,41,1.44010,20,0.37776
ENSG00000108819,PPP1R9B,2,-4.8954,29,-1.0903,27,-1.2165,21,-1.5563,102,0.96817,98,0.78913,39,-0.6582,38,-0.7078,80,0.64737
ENSG00000108826,MRPL27,171,1.10290,97,0.18052,68,-0.3585,53,-0.7395,95,0.16899,48,-0.8910,89,0.04772,64,-0.4629,85,-0.0231
ENSG00000108829,LRRC59,35,0.18158,29,-0.1186,28,-0.1624,2,-3.9859,30,-0.0698,37,0.26919,46,0.61786,39,0.34641,32,0.08074
ENSG00000136444,RSAD1,2,-3.2630,9,-1.1663,6,-1.6876,44,1.36002,17,-0.1859,20,0.03945,19,-0.0165,20,0.09547,24,0.46119
ENSG00000006282,SPATA20,2,-3.8478,24,-0.2463,57,1.08228,33,0.22825,31,0.11817,27,-0.1045,32,0.13902,37,0.37348,25,-0.2544
ENSG00000154945,ANKRD40,2,-4.9349,231,2.27226,98,0.73492,28,-1.1713,70,0.21094,45,-0.4703,42,-0.5858,44,-0.5242,43,-0.7000
ENSG00000108848,LUC7L3,2,-5.3832,134,0.74672,82,-0.0380,23,-1.9607,115,0.55041,106,0.36003,72,-0.2502,116,0.51428,82,-0.0486
ENSG00000141232,TOB1,42,0.56953,64,1.25321,84,1.73697,19,-0.6561,27,-0.1242,14,-1.0899,17,-0.8316,9,-1.7574,20,-0.7662
ENSG00000008294,SPAG9,91,-0.3170,226,1.14542,131,0.25133,86,-0.3934,95,-0.2649,108,-0.0461,77,-0.5566,143,0.39882,99,-0.2428
ENSG00000239672,NME1,108,-0.6628,53,-1.7135,94,-0.8669,209,0.36425,166,0.00204,179,0.11895,204,0.32501,223,0.46859,189,0.27502
ENSG00000243678,NME2,356,0.15431,237,-0.4770,288,-0.1761,292,-0.1575,336,0.06797,213,-0.6359,352,0.13704,458,0.55369,332,0.05934
ENSG00000011260,UTP18,2,-3.7162,17,-0.6552,17,-0.6508,9,-1.5921,25,-0.0577,23,-0.1828,42,0.72698,18,-0.5791,41,1.02556
ENSG00000154975,CA10,2,-4.8420,8,-2.8739,1,-5.1729,25,-1.3091,38,-0.7081,92,0.71682,94,0.74327,66,0.17886,100,1.29575
ENSG00000166260,COX11,155,1.46753,38,-0.7977,32,-1.0542,16,-2.0608,49,-0.4421,105,0.80665,63,-0.0031,71,0.17681,62,-0.0477
ENSG00000108924,HLF,69,-0.5552,10,-3.3258,39,-1.3910,21,-2.3312,97,-0.0425,154,0.69608,130,0.42132,127,0.38971,137,0.72308
ENSG00000108960,MMD,10,-3.6070,25,-2.3501,34,-1.9080,59,-1.0833,112,-0.1304,296,1.47613,139,0.22176,134,0.16811,162,0.66110
ENSG00000153933,DGKE,30,-0.2221,2,-3.8481,10,-1.8096,48,0.48353,15,-1.3635,29,-0.2759,18,-0.9695,43,0.33025,61,1.36614
ENSG00000121058,COIL,2,-2.5468,12,0.11460,3,-2.0416,4,-1.3821,13,0.18769,20,0.86173,9,-0.3443,9,-0.3513,16,0.74196
ENSG00000121064,SCPEP1,35,-0.1452,22,-0.8177,30,-0.3582,24,-0.7231,29,-0.4698,34,-0.1960,53,0.51152,19,-1.0223,56,0.85849
ENSG00000121057,AKAP1,2,-4.2625,34,-0.2066,28,-0.4982,80,1.18391,27,-0.5999,18,-1.1666,22,-0.8336,34,-0.1850,57,0.92442
ENSG00000153944,MSI2,2,-4.4551,61,0.52276,203,2.70215,9,-2.2639,60,0.55405,14,-1.6640,16,-1.5004,31,-0.5257,29,-0.8214
ENSG00000181610,MRPS23,2,-5.1696,60,-0.3089,38,-0.9730,60,-0.2971,60,-0.3250,99,0.48726,106,0.59770,126,0.87920,84,0.30330
ENSG00000180891,CUEDC1,2,-2.7929,65,2.71007,23,0.83481,1,-3.6911,21,0.69808,10,-0.4221,8,-0.8650,12,-0.2328,4,-1.9505
ENSG00000136451,VEZF1,2,-3.4652,92,2.47115,24,0.14881,40,0.93216,21,-0.0637,12,-0.9148,6,-1.9069,23,0.09440,11,-1.2143
ENSG00000136450,SRSF1,41,-0.6460,66,0.07975,58,-0.1235,76,0.29802,50,-0.3532,60,-0.0606,79,0.37310,78,0.35736,63,0.02934
ENSG00000264364,DYNLL2,257,0.00960,167,-0.6505,125,-1.0862,329,0.39747,246,-0.0609,196,-0.4049,341,0.45547,227,-0.1797,296,0.31978
ENSG00000005379,TSPOAP1,2,-4.4428,5,-3.0398,18,-1.3107,97,1.29794,54,0.36102,63,0.58836,28,-0.6627,39,-0.1625,52,0.36261
ENSG00000213246,SUPT4H1,93,0.26563,77,-0.0172,51,-0.6626,28,-1.5202,80,0.03002,66,-0.2694,81,0.06028,114,0.59354,87,0.22415
ENSG00000108389,MTMR4,48,0.16107,28,-0.6631,21,-1.1007,19,-1.2148,28,-0.7178,52,0.27734,91,1.18403,32,-0.4498,55,0.49256
ENSG00000108387,SEPTIN4,228,-0.1626,1312,2.98375,481,1.03291,134,-0.9691,238,-0.1052,89,-1.5847,79,-1.7599,157,-0.7361,85,-1.9428
ENSG00000108384,RAD51C,2,-3.9354,13,-1.2324,22,-0.4920,39,0.36096,31,0.00234,39,0.38539,52,0.84225,39,0.36082,33,0.14065
ENSG00000175175,PPM1E,51,0.11416,5,-3.3359,0,-8.8644,87,0.95376,30,-0.7371,48,-0.0040,54,0.18093,31,-0.6339,71,0.92449
ENSG00000108395,TRIM37,51,-1.4802,21,-2.7594,52,-1.4629,62,-1.1795,95,-0.5975,151,0.16633,245,0.94465,161,0.26491,209,1.00806
ENSG00000182628,SKA2,8,-1.8806,47,0.66079,45,0.58353,36,0.25875,49,0.81604,20,-0.6601,15,-1.0647,24,-0.4016,27,-0.2682
ENSG00000167447,SMG8,2,-2.8405,7,-0.9538,22,0.68510,0,-4.3935,6,-1.3862,25,0.86851,16,0.15974,24,0.80883,19,0.67763
ENSG00000153982,GDPD1,79,1.28100,7,-2.4592,29,-0.3161,66,0.98642,22,-0.8150,16,-1.2121,29,-0.3264,16,-1.1744,45,0.49977
ENSG00000175155,YPEL2,10,-1.3984,69,1.61295,11,-1.1998,19,-0.4753,20,-0.3863,44,0.86419,27,0.05013,15,-0.7809,25,-0.0858
ENSG00000108406,DHX40,2,-3.6673,45,0.90062,23,-0.1307,48,1.02146,16,-0.7809,16,-0.6799,19,-0.4252,50,1.06996,24,-0.1150
ENSG00000141367,CLTC,336,-0.5424,208,-1.2659,372,-0.3883,522,0.13785,297,-0.7829,592,0.33550,777,0.77720,337,-0.5380,620,0.57643
ENSG00000141378,PTRH2,2,-3.4999,22,-0.0327,10,-1.1761,32,0.53535,22,-0.0485,24,0.06953,40,0.91353,10,-1.1838,27,0.42089
ENSG00000062716,VMP1,2,-5.0187,90,0.50340,54,-0.2953,44,-0.6046,45,-0.6058,68,0.06474,98,0.63765,60,-0.1259,86,0.60680
ENSG00000108443,RPS6KB1,2,-3.6333,23,-0.1106,36,0.56513,38,0.68608,15,-0.8077,42,0.84287,35,0.53830,27,0.12788,22,-0.2059
ENSG00000170832,USP32,2,-3.8256,49,0.86843,20,-0.5086,22,-0.3581,17,-0.8443,29,0.03644,35,0.34681,20,-0.5429,39,0.73450
ENSG00000062725,APPBP2,2,-4.6030,83,0.85065,37,-0.4226,50,0.02870,39,-0.3605,43,-0.1944,75,0.68414,31,-0.6780,59,0.39927
ENSG00000141376,BCAS3,2,-3.7232,31,0.24492,41,0.69420,0,-5.2574,25,-0.1131,51,1.05909,27,0.04155,13,-1.0407,32,0.42116
ENSG00000108510,MED13,37,0.35765,57,1.08988,36,0.31768,12,-1.3616,28,-0.0806,27,-0.1314,24,-0.2654,24,-0.2689,26,-0.1894
ENSG00000146872,TLK2,192,3.06179,26,-0.4532,12,-1.6333,5,-2.9327,22,-0.7838,39,0.15715,30,-0.2736,35,-0.0248,20,-1.0709
ENSG00000170921,TANC2,2,-4.6089,16,-1.6350,8,-2.5705,40,-0.3156,42,-0.2668,139,1.73258,71,0.59335,46,-0.0961,58,0.35059
ENSG00000008283,CYB561,22,-0.8950,3,-3.4956,0,-8.3005,110,1.65589,29,-0.5109,46,0.20113,55,0.48287,40,-0.0291,47,0.34694
ENSG00000136485,DCAF7,105,0.92704,54,-0.1468,47,-0.3540,59,0.00022,47,-0.3865,72,0.30787,64,0.11505,71,0.28893,51,-0.3071
ENSG00000136463,TACO1,42,0.73097,17,-0.6184,18,-0.5485,14,-0.8875,14,-1.0018,21,-0.3342,27,0.02344,39,0.61462,34,0.54589
ENSG00000266173,STRADA,3,-2.7673,27,0.17302,21,-0.2158,7,-1.8206,19,-0.3945,42,0.86560,30,0.34451,41,0.85418,26,0.16183
ENSG00000136490,LIMD2,2,-3.6887,7,-1.9376,0,-5.0138,4,-2.5470,16,-0.8019,45,0.89464,30,0.23393,35,0.49670,45,1.35835
ENSG00000108588,CCDC47,2,-4.9476,104,0.82026,90,0.58973,41,-0.6306,52,-0.2948,106,0.85759,45,-0.4987,58,-0.1031,64,0.07294
ENSG00000198231,DDX42,2,-4.8915,48,-0.3309,52,-0.2081,89,0.63226,58,-0.0602,63,0.09037,66,0.16115,92,0.67942,62,0.08528
ENSG00000108592,FTSJ3,2,-2.4187,23,1.27705,13,0.27201,1,-3.3393,13,0.35859,11,0.12578,8,-0.4582,10,-0.0799,11,0.04501
ENSG00000087191,PSMC5,6,-4.9318,196,0.13499,156,-0.2219,234,0.41690,181,0.01782,168,-0.1063,256,0.56008,229,0.38050,182,0.02934
ENSG00000108604,SMARCD2,2,-2.3686,29,1.67723,20,1.03884,14,0.54515,12,0.27050,7,-0.4841,4,-1.3789,6,-0.7949,7,-0.7755
ENSG00000266402,SNHG25,90,-0.4075,272,1.37309,295,1.51590,41,-1.5850,171,0.66239,65,-0.9006,51,-1.2693,105,-0.1825,67,-1.0584
ENSG00000136478,TEX2,2,-4.9112,84,0.51742,60,-0.0080,47,-0.3847,44,-0.5116,91,0.65281,61,0.00635,68,0.18659,71,0.34817
ENSG00000108654,DDX5,38,-2.9496,332,0.28600,297,0.10762,241,-0.2135,203,-0.5193,352,0.37884,280,0.01782,390,0.54159,316,0.28529
ENSG00000108854,SMURF2,2,-2.4061,28,1.58109,8,-0.4501,0,-3.8683,13,0.42382,15,0.55642,8,-0.3975,1,-2.7612,12,0.24433
ENSG00000120063,GNA13,2,-3.7319,62,1.38531,83,1.90427,0,-5.2741,34,0.40012,17,-0.6577,11,-1.2421,36,0.47991,16,-0.8917
ENSG00000154229,PRKCA,55,-1.2558,88,-0.5564,221,0.89984,33,-1.9840,106,-0.2939,28,-2.2583,105,-0.2826,81,-0.6702,204,1.15446
ENSG00000075461,CACNG4,38,1.58776,5,-1.4498,8,-0.8046,35,1.42253,15,0.03582,15,0.06165,6,-1.2709,7,-1.1266,11,-0.5352
ENSG00000198265,HELZ,2,-3.7510,26,-0.0450,43,0.72106,21,-0.3957,30,0.16958,43,0.74714,28,0.05283,21,-0.3861,27,-0.0062
ENSG00000197170,PSMD12,3,-4.3100,43,-0.6591,68,0.06321,82,0.35318,58,-0.2104,68,0.04956,84,0.39222,54,-0.3057,84,0.53940
ENSG00000154217,PITPNC1,63,0.23576,28,-1.0227,112,1.17601,137,1.51788,51,-0.0910,68,0.35380,9,-2.5531,43,-0.3501,36,-0.8057
ENSG00000130935,NOL11,77,2.05065,22,-0.0710,14,-0.7244,0,-5.0671,13,-0.8989,39,0.83588,37,0.73847,10,-1.1504,18,-0.4710
ENSG00000171634,BPTF,140,1.36702,89,0.60445,93,0.68142,29,-1.1095,76,0.39525,44,-0.4828,34,-0.8885,32,-0.9497,43,-0.6403
ENSG00000186665,C17orf58,8,-0.6492,8,-0.5655,3,-1.9724,11,-0.1548,12,0.02013,10,-0.3057,18,0.57413,15,0.32672,15,0.47575
ENSG00000182481,KPNA2,2,-4.9531,24,-1.4535,20,-1.7198,77,0.34097,40,-0.7391,47,-0.4364,91,0.59610,103,0.80253,92,0.89574
ENSG00000278730,AC005332.6,2,-2.6620,31,1.47018,12,-0.0814,10,-0.2952,22,1.02671,12,-0.0321,6,-1.1539,2,-2.6908,11,-0.2772
ENSG00000196704,AMZ2,47,-1.1068,84,-0.2443,91,-0.1115,149,0.66185,88,-0.1901,103,0.07975,126,0.39781,82,-0.2745,104,0.12958
ENSG00000108946,PRKAR1A,38,-3.4005,270,-0.5070,194,-1.0026,477,0.38044,228,-0.8171,459,0.31852,510,0.48800,467,0.34580,501,0.65020
ENSG00000141338,ABCA8,2,-3.3215,165,4.30725,39,1.07677,0,-4.8714,19,-0.0997,10,-1.0621,2,-3.3877,4,-2.2124,0,-5.8249
ENSG00000154265,ABCA5,2,-3.9878,10,-1.6417,9,-1.9020,133,2.48530,15,-1.1961,23,-0.4886,34,0.08497,36,0.18845,34,0.15650
ENSG00000108984,MAP2K6,2,-2.4416,17,0.70268,0,-3.6000,2,-2.0427,9,-0.2251,16,0.63117,16,0.62409,6,-0.8587,15,0.77588
ENSG00000234899,SOX9-AS1,2,-1.8930,19,1.42140,20,1.55489,0,-3.5251,13,1.00359,8,0.15948,0,-4.8039,0,-3.6890,6,-0.5732
ENSG00000125398,SOX9,26,-1.1090,61,0.14522,276,2.88878,1,-5.0849,83,0.71911,29,-0.9681,27,-1.0773,28,-1.0349,26,-1.3779
ENSG00000133195,SLC39A11,2,-2.6532,23,0.99400,29,1.35347,12,-0.0330,14,0.15085,27,1.25522,8,-0.6311,7,-0.7617,6,-1.2017
ENSG00000180616,SSTR2,70,-0.1501,6,-3.6463,19,-2.1134,20,-1.9841,79,0.02186,319,2.46507,122,0.72543,115,0.62361,45,-1.0356
ENSG00000166685,COG1,2,-4.4300,17,-1.4065,12,-1.9235,19,-1.2131,30,-0.6058,77,0.92184,79,0.96366,73,0.83037,56,0.57024
ENSG00000133193,FAM104A,2,-3.0095,13,-0.3190,21,0.38714,1,-3.7100,17,0.15067,18,0.16172,24,0.66393,9,-0.7935,21,0.62586
ENSG00000141219,C17orf80,2,-2.2355,10,0.11417,5,-0.7881,1,-3.0877,11,0.32139,10,0.15842,17,0.98396,11,0.28488,10,0.21457
ENSG00000179604,CDC42EP4,2,-4.3391,60,0.27202,245,2.83466,0,-6.1710,73,0.65412,22,-1.2371,17,-1.6421,29,-0.8467,33,-0.7979
ENSG00000069188,SDK2,2,-2.4527,5,-1.0821,30,1.66035,2,-2.2534,10,-0.0764,75,3.69112,1,-2.7221,1,-2.7518,1,-3.7811
ENSG00000172809,RPL38,761,-0.5864,1807,0.77476,1461,0.43001,934,-0.2728,1408,0.41006,826,-0.4606,828,-0.4567,1180,0.09032,965,-0.2887
ENSG00000141540,TTYH2,2,-5.2548,500,3.55098,225,1.78281,3,-4.6161,74,-0.0682,40,-0.9853,13,-2.6135,17,-2.2147,14,-2.8455
ENSG00000170412,GPRC5C,2,-2.4087,8,-0.4121,67,3.38590,15,0.54777,16,0.65353,0,-4.1993,1,-2.7947,0,-5.1994,3,-1.8401
ENSG00000109062,SLC9A3R1,2,-5.1054,120,0.87908,276,2.39351,47,-0.5922,100,0.65505,54,-0.3910,19,-1.9103,46,-0.6324,34,-1.3017
ENSG00000109065,NAT9,2,-2.8266,16,0.24637,13,-0.0693,2,-2.7625,11,-0.3881,10,-0.5524,19,0.50735,50,2.13090,12,-0.3117
ENSG00000161509,GRIN2C,2,-3.3812,14,-0.5814,73,2.12776,22,0.11852,42,1.27363,8,-1.4462,3,-2.7006,7,-1.5547,14,-0.7060
ENSG00000167861,HID1,2,-4.4693,43,-0.0594,18,-1.3554,54,0.30787,35,-0.3997,39,-0.2166,70,0.71340,49,0.15202,59,0.60989
ENSG00000109089,CDR2L,2,-2.2388,60,3.44853,34,2.18267,0,-3.7974,5,-0.9615,5,-0.9446,0,-4.9174,0,-5.0172,2,-2.1052
ENSG00000167862,MRPL58,152,2.38337,29,-0.4370,32,-0.2708,18,-1.1617,20,-1.0398,16,-1.3003,22,-0.8018,26,-0.6075,41,0.12867
ENSG00000180901,KCTD2,2,-4.7587,45,-0.2964,22,-1.3770,83,0.67035,50,-0.1381,76,0.53390,85,0.71564,67,0.32157,57,0.08949
ENSG00000167863,ATP5PD,212,-0.5959,193,-0.7314,274,-0.1989,337,0.11992,258,-0.3139,271,-0.2159,421,0.47507,323,0.05570,376,0.40937
ENSG00000125458,NT5C,38,0.60913,49,1.05117,56,1.26047,71,1.67196,22,-0.2450,13,-1.0492,14,-0.9266,2,-3.6621,12,-1.4078
ENSG00000189159,JPT1,135,-0.0732,12,-3.5623,77,-0.9278,114,-0.3362,90,-0.7406,196,0.51354,279,1.09443,126,-0.1802,180,0.53487
ENSG00000188612,SUMO2,445,0.57580,281,-0.1501,337,0.13177,205,-0.6381,260,-0.2924,356,0.21863,280,-0.1589,324,0.06856,320,0.06713
ENSG00000125450,NUP85,2,-3.2012,12,-0.6024,36,1.05573,29,0.72869,16,-0.2372,52,1.70833,21,0.17804,5,-1.8051,13,-0.7165
ENSG00000125447,GGA3,41,-0.1141,18,-1.3676,32,-0.4743,26,-0.7623,31,-0.5886,73,0.81582,51,0.23858,40,-0.1223,57,0.56930
ENSG00000125445,MRPS7,115,0.36884,58,-0.6808,67,-0.4617,104,0.21035,74,-0.3258,74,-0.3112,140,0.69675,75,-0.2909,99,0.18753
ENSG00000125457,MIF4GD,2,-2.0455,28,2.08045,16,1.02837,1,-2.7549,10,0.43103,1,-2.4307,5,-0.7051,7,-0.1317,6,-0.5673
ENSG00000177885,GRB2,168,0.32770,98,-0.5118,121,-0.1900,65,-1.1291,97,-0.5718,188,0.50360,183,0.46516,162,0.26394,149,0.19071
ENSG00000177728,TMEM94,3,-3.9719,38,-0.2301,89,1.11446,29,-0.6424,63,0.61528,52,0.24032,51,0.19201,37,-0.2688,38,-0.2960
ENSG00000177303,CASKIN2,2,-3.3165,36,0.94464,77,2.32681,0,-4.8664,33,0.90712,7,-1.5749,7,-1.4356,8,-1.3324,14,-0.7206
ENSG00000108469,RECQL5,4,-0.9680,19,1.21749,13,0.54962,8,-0.0971,8,-0.1461,10,0.17626,12,0.46371,0,-3.4467,8,-0.2071
ENSG00000161526,SAP30BP,17,-1.6813,75,0.57949,111,1.23952,84,0.76034,41,-0.3728,40,-0.3781,55,0.10151,39,-0.4331,42,-0.3978
ENSG00000132470,ITGB4,2,-3.3363,55,1.63912,131,3.53901,0,-4.8861,18,-0.1564,6,-1.7074,4,-2.3849,13,-0.6917,4,-2.7744
ENSG00000132475,H3F3B,285,0.06167,743,1.65833,724,1.60964,95,-1.5940,256,-0.1155,142,-1.0050,158,-0.8405,249,-0.1504,164,-0.9766
ENSG00000132478,UNK,2,-2.1349,21,1.44733,28,1.91301,2,-1.7241,9,0.07032,2,-2.0404,14,0.72205,6,-0.5067,5,-1.0537
ENSG00000132471,WBP2,336,-0.1081,313,-0.2172,347,-0.0592,287,-0.3530,307,-0.2664,373,0.05475,569,0.73032,320,-0.1840,381,0.11726
ENSG00000132481,TRIM47,2,-2.8188,35,1.49379,42,1.80960,0,-4.3720,20,0.63720,5,-1.3489,9,-0.5835,13,-0.1512,9,-0.8888
ENSG00000204316,MRPL38,29,-0.9526,48,-0.1889,65,0.28511,69,0.37340,49,-0.1676,50,-0.1146,70,0.39607,89,0.79959,47,-0.3040
ENSG00000161533,ACOX1,2,-4.0092,31,-0.0494,52,0.74335,59,0.97211,35,0.11898,22,-0.5534,41,0.38587,21,-0.6708,30,-0.1159
ENSG00000257949,TEN1,62,1.94054,9,-1.1248,16,-0.2702,32,0.78800,20,0.09605,21,0.14373,17,-0.2264,7,-1.5682,12,-0.9259
ENSG00000167881,SRP68,92,0.67465,35,-0.8194,52,-0.2149,90,0.63884,52,-0.2497,55,-0.1454,62,0.04576,78,0.40940,54,-0.2350
ENSG00000182473,EXOC7,42,-0.6627,55,-0.2486,80,0.35277,37,-0.8293,52,-0.3502,100,0.71287,56,-0.2171,112,0.88722,62,-0.0660
ENSG00000141576,RNF157,59,-0.1228,18,-1.8540,26,-1.3626,130,1.16036,57,-0.1890,34,-0.9264,51,-0.3487,71,0.18153,81,0.52853
ENSG00000185262,UBALD2,2,-4.1566,53,0.62162,56,0.70482,32,-0.1663,33,-0.1336,41,0.22006,35,-0.0139,43,0.28953,34,-0.0962
ENSG00000161542,PRPSAP1,2,-3.8384,41,0.55982,16,-0.9016,17,-0.7719,28,-0.0302,39,0.46830,28,-0.0198,36,0.33673,34,0.40145
ENSG00000175931,UBE2O,158,1.53682,12,-2.3883,56,-0.1493,60,-0.0580,36,-0.8919,58,-0.1087,84,0.47912,44,-0.5186,66,0.11939
ENSG00000161544,CYGB,2,-4.1551,0,-7.6522,17,-1.1303,216,3.35894,14,-1.4360,8,-2.2654,8,-2.1887,102,1.73397,21,-0.9947
ENSG00000214140,PRCD,2,-2.4091,84,4.15470,12,0.19085,8,-0.4021,8,-0.4823,2,-2.0511,2,-2.3936,2,-2.4798,2,-2.4398
ENSG00000163597,SNHG16,2,-3.9033,31,0.03757,30,-0.0090,58,1.05947,31,0.07517,28,-0.1078,25,-0.2458,30,-0.0068,31,0.05870
ENSG00000182534,MXRA7,50,-1.2251,93,-0.2994,141,0.34854,223,1.10027,112,-0.0082,105,-0.1126,65,-0.8464,181,0.75690,96,-0.3221
ENSG00000070495,JMJD6,2,-2.5878,20,0.77982,10,-0.1874,0,-4.1429,15,0.38130,19,0.77197,14,0.24274,9,-0.4256,12,0.10924
ENSG00000181038,METTL23,11,-0.8278,19,0.02527,38,1.12758,11,-0.8264,13,-0.5457,13,-0.5542,20,0.11983,26,0.52228,20,0.10680
ENSG00000161547,SRSF2,2,-5.9125,111,-0.1429,83,-0.5897,206,0.84658,89,-0.5126,171,0.54080,154,0.36885,204,0.82850,118,-0.0632
ENSG00000092931,MFSD11,2,-2.8410,11,-0.3231,10,-0.5821,14,0.02986,11,-0.4054,12,-0.2743,27,0.99636,13,-0.1271,18,0.56280
ENSG00000167889,MGAT5B,6,-2.0354,1,-4.4704,0,-8.3684,7,-1.7016,18,-0.4160,5,-2.0629,19,-0.3212,33,0.58632,48,1.98680
ENSG00000234912,SNHG20,2,-3.0767,7,-1.2364,4,-1.9294,76,2.62470,11,-0.6709,23,0.51471,19,0.23108,9,-0.9588,14,-0.3686
ENSG00000129657,SEC14L1,2,-4.2818,47,0.28839,34,-0.2318,22,-0.8894,48,0.35806,32,-0.3043,25,-0.6915,30,-0.4207,55,0.78782
ENSG00000184640,SEPTIN9,2,-4.5033,39,-0.3999,57,0.18812,35,-0.5612,57,0.19890,70,0.52328,54,0.10027,61,0.29715,56,0.22749
ENSG00000078687,TNRC6C,2,-4.4163,78,0.94924,21,-1.0410,51,0.27557,43,0.02008,92,1.23359,38,-0.1731,42,-0.0199,37,-0.3191
ENSG00000141524,TMC6,24,0.47197,103,3.18819,64,2.15514,3,-2.5308,12,-0.5979,2,-2.9201,1,-3.7622,4,-2.0920,2,-3.5566
ENSG00000108639,SYNGR2,2,-4.0376,202,3.39738,101,1.86594,0,-5.4035,25,-0.4585,28,-0.2635,12,-1.4509,5,-2.7527,7,-2.5862
ENSG00000183077,AFMID,2,-3.7887,105,2.28582,18,-0.6647,38,0.48763,16,-0.8664,19,-0.5659,32,0.20508,32,0.21465,21,-0.5676
ENSG00000204278,TMEM235,2,-3.3604,127,3.39667,43,1.18433,25,0.33928,11,-1.0124,12,-0.7691,9,-1.1467,11,-0.8630,4,-2.7854
ENSG00000087157,PGS1,83,1.91481,27,0.03735,7,-1.9517,2,-3.3060,19,-0.5555,29,0.13836,30,0.20610,20,-0.4118,27,0.02857
ENSG00000187775,DNAH17,2,-1.7697,74,5.68368,3,-0.9061,0,-3.3347,1,-2.0021,4,-0.7762,1,-2.1382,0,-4.5712,0,-7.3241
ENSG00000108669,CYTH1,13,-1.8538,132,1.77626,76,0.82239,49,0.12028,28,-0.7792,25,-0.8746,35,-0.4003,62,0.49223,35,-0.4903
ENSG00000055483,USP36,2,-3.0685,16,-0.0251,0,-7.9161,73,2.56066,13,-0.3395,25,0.62573,10,-0.7935,4,-2.1633,15,-0.1867
ENSG00000035862,TIMP2,17,-3.7920,281,0.35579,274,0.31651,237,0.08916,172,-0.4377,79,-1.5715,240,0.10619,273,0.31060,292,0.58856
ENSG00000108679,LGALS3BP,164,1.39773,240,2.09568,215,1.88760,1,-5.3708,53,-0.4411,16,-2.1751,45,-0.6788,29,-1.3410,23,-1.9669
ENSG00000171302,CANT1,2,-3.7427,28,0.07092,31,0.21573,46,0.84855,22,-0.3491,38,0.54854,50,0.99861,20,-0.4506,23,-0.3327
ENSG00000167281,RBFOX3,30,-1.7762,2,-5.3157,34,-1.6046,91,-0.1281,85,-0.2612,214,1.25298,136,0.49705,114,0.22413,124,0.49589
ENSG00000141582,CBX4,2,-4.4753,59,0.42907,42,-0.0932,102,1.35075,26,-0.8868,71,0.73346,25,-0.8650,80,0.93532,37,-0.3751
ENSG00000167291,TBC1D16,2,-2.1284,7,-0.2072,16,0.97788,0,-3.6884,17,1.21393,10,0.27472,6,-0.5563,4,-0.9049,8,-0.1776
ENSG00000171298,GAA,2,-3.9654,39,0.34304,55,0.91236,14,-1.1575,32,0.04472,25,-0.3609,42,0.44875,24,-0.3718,35,0.25156
ENSG00000141543,EIF4A3,6,-2.7817,39,0.01112,43,0.15781,56,0.56897,35,-0.1816,49,0.36004,44,0.19764,44,0.19506,39,-0.0089
ENSG00000181045,SLC26A11,2,-3.9313,11,-1.5521,15,-1.0584,126,2.45626,21,-0.6105,62,1.13235,17,-0.9062,32,0.05233,23,-0.5597
ENSG00000173821,RNF213,37,0.82057,32,0.54227,65,1.78125,30,0.46289,25,0.16449,12,-0.8995,16,-0.5310,8,-1.5750,10,-1.4013
ENSG00000173818,ENDOV,2,-3.1270,14,-0.3649,14,-0.3554,16,-0.1401,18,0.08245,34,1.05957,14,-0.2792,11,-0.7429,21,0.44657
ENSG00000171246,NPTX1,265,-0.8869,9,-5.8260,104,-2.2763,347,-0.4786,312,-0.6868,2317,2.85742,443,-0.1023,308,-0.6594,433,-0.1790
ENSG00000141564,RPTOR,3,-3.1424,12,-1.2035,20,-0.4854,80,1.79398,26,-0.0809,67,1.46193,27,-0.0323,17,-0.7422,19,-0.6629
ENSG00000176108,CHMP6,2,-2.8286,30,1.22748,8,-0.7664,27,1.01565,14,-0.0342,17,0.25607,22,0.69404,17,0.29889,8,-1.0063
ENSG00000226137,BAIAP2-DT,2,-4.0386,11,-1.5551,39,0.25132,60,0.97077,41,0.39393,37,0.19818,20,-0.7659,27,-0.3029,37,0.25559
ENSG00000175866,BAIAP2,57,-1.6991,11,-3.9847,71,-1.3577,62,-1.5585,125,-0.5578,559,1.96479,289,0.80676,169,-0.0513,201,0.30015
ENSG00000181409,AATK,2,-5.5841,297,1.88270,95,-0.0221,112,0.22934,86,-0.1965,107,0.15442,94,-0.0423,75,-0.3890,76,-0.4784
ENSG00000224877,NDUFAF8,200,0.14108,181,-0.0118,241,0.43491,69,-1.4747,239,0.46872,194,0.09269,135,-0.4626,259,0.55266,155,-0.3349
ENSG00000157637,SLC38A10,102,1.72909,47,0.41693,66,0.95694,17,-1.1033,24,-0.6818,19,-0.9706,29,-0.3563,11,-1.7586,33,-0.1991
ENSG00000266074,BAHCC1,51,2.16497,17,0.31418,5,-1.4971,6,-1.3367,12,-0.3394,11,-0.4086,10,-0.5331,5,-1.5709,14,-0.0046
ENSG00000184009,ACTG1,977,-0.5980,978,-0.5968,1420,-0.0224,1334,-0.1200,999,-0.6065,1584,0.14867,2278,0.73264,2534,0.90879,1407,-0.0497
ENSG00000185504,FAAP100,2,-2.4442,13,0.33706,18,0.80936,0,-3.7384,8,-0.3667,13,0.28959,10,-0.0344,20,1.00225,11,0.09391
ENSG00000182446,NPLOC4,2,-4.3357,45,0.17131,41,0.00493,43,0.10539,28,-0.5905,61,0.64009,44,0.13536,45,0.14574,47,0.33806
ENSG00000204237,OXLD1,35,0.16049,23,-0.4976,33,0.07772,41,0.41386,22,-0.5664,39,0.32313,50,0.71099,22,-0.5482,31,-0.0484
ENSG00000185298,CCDC137,2,-2.4237,10,-0.1186,1,-2.7072,0,-3.6899,11,0.11605,21,1.04432,14,0.48805,14,0.48402,13,0.42742
ENSG00000214087,ARL16,2,-4.6530,35,-0.5596,51,0.02623,38,-0.4287,53,0.09316,65,0.39450,81,0.74933,27,-0.9731,63,0.47528
ENSG00000185359,HGS,91,0.58589,64,0.02164,68,0.12678,48,-0.4134,56,-0.1874,81,0.39746,74,0.24190,36,-0.8672,61,-0.0623
ENSG00000262814,MRPL12,8,-3.2698,57,-0.4263,46,-0.7496,91,0.30349,81,0.12585,67,-0.1812,98,0.42040,83,0.15311,91,0.42319
ENSG00000225663,MCRIP1,110,-0.5279,150,-0.0473,128,-0.2986,147,-0.0782,148,-0.0794,143,-0.1193,167,0.11600,203,0.43173,167,0.16245
ENSG00000185624,P4HB,210,0.81392,120,-0.0830,150,0.26632,192,0.66763,92,-0.5270,118,-0.1040,112,-0.1849,100,-0.3541,114,-0.2085
ENSG00000141522,ARHGDIA,9,-4.5760,137,-0.5730,265,0.44983,170,-0.2518,169,-0.2750,263,0.43947,313,0.71772,216,0.12830,220,0.21103
ENSG00000183684,ALYREF,2,-3.4116,39,0.97699,15,-0.5132,0,-4.9610,21,0.01303,26,0.34136,33,0.69821,30,0.52146,22,0.06263
ENSG00000141552,ANAPC11,93,-1.1304,249,0.37724,150,-0.4063,107,-0.9211,236,0.32255,168,-0.2380,200,0.03700,182,-0.1133,231,0.35749
ENSG00000183979,NPB,2,-2.7575,30,1.31357,1,-3.3352,7,-1.0285,15,0.16150,6,-1.0513,22,0.80447,10,-0.3674,16,0.42325
ENSG00000185813,PCYT2,2,-4.4407,56,0.38622,43,-0.0173,25,-0.8522,44,0.00875,54,0.34481,63,0.57008,22,-1.0198,54,0.45048
ENSG00000187531,SIRT7,2,-2.6249,15,0.34654,9,-0.4866,0,-4.1784,12,-0.0341,15,0.26975,13,0.09885,17,0.54320,16,0.57199
ENSG00000197063,MAFG,40,-0.3218,34,-0.5654,23,-1.1534,74,0.64172,48,-0.0509,64,0.39706,75,0.66730,46,-0.1261,48,-0.0730
ENSG00000169696,ASPSCR1,2,-3.6305,25,0.02743,27,0.13536,10,-1.2766,25,0.03154,18,-0.4858,28,0.17317,36,0.60053,31,0.50620
ENSG00000169689,CENPX,33,-1.2665,77,0.02698,91,0.30007,48,-0.6917,78,0.06260,58,-0.4017,80,0.09921,119,0.71668,80,0.11433
ENSG00000169750,RAC3,2,-4.4453,7,-2.5652,39,-0.1765,60,0.49025,29,-0.6585,40,-0.1269,76,0.87013,79,0.93559,52,0.37102
ENSG00000169738,DCXR,48,-1.1964,133,0.37060,266,1.52941,82,-0.3833,126,0.30628,54,-1.0133,68,-0.6785,82,-0.3908,96,-0.1837
ENSG00000169733,RFNG,2,-3.5158,28,0.34338,25,0.15140,8,-1.5836,30,0.46054,26,0.17568,34,0.62417,16,-0.5138,25,0.14995
ENSG00000169727,GPS1,3,-4.7707,87,-0.1422,151,0.73083,94,-0.0222,65,-0.6181,120,0.36674,151,0.73092,83,-0.2171,105,0.20062
ENSG00000169718,DUS1L,2,-4.1417,20,-0.8321,25,-0.5464,103,1.76871,22,-0.7588,46,0.40045,30,-0.2460,13,-1.4405,44,0.48742
ENSG00000169710,FASN,121,-0.1681,124,-0.1220,111,-0.3020,51,-1.4625,126,-0.1081,142,0.08296,145,0.11376,202,0.64504,151,0.23680
ENSG00000141551,CSNK1D,8,-3.1971,42,-0.7165,56,-0.3087,56,-0.2875,54,-0.3695,121,0.91991,85,0.34383,75,0.15139,83,0.43827
ENSG00000181396,OGFOD3,29,1.42224,26,1.23501,0,-5.3325,9,-0.3390,9,-0.4085,16,0.51641,11,-0.1252,9,-0.3615,9,-0.5675
ENSG00000178927,CYBC1,2,-3.1717,39,1.24545,13,-0.4922,18,-0.0164,17,-0.0821,12,-0.6222,13,-0.5080,13,-0.4557,22,0.48345
ENSG00000141562,NARF,4,-3.8747,20,-1.5331,41,-0.4852,90,0.75457,40,-0.5511,51,-0.1404,57,0.04534,77,0.49744,77,0.71486
ENSG00000141568,FOXK2,84,0.81252,23,-1.1607,20,-1.3932,112,1.29952,24,-1.1633,58,0.21356,39,-0.3681,38,-0.4431,58,0.30110
ENSG00000141580,WDR45B,73,0.02644,96,0.46394,116,0.77309,105,0.60881,50,-0.5784,78,0.14374,56,-0.3898,30,-1.2950,69,-0.0816
ENSG00000141542,RAB40B,133,0.30501,205,1.00751,117,0.10417,36,-1.6680,88,-0.3751,230,1.19907,94,-0.2481,38,-1.5785,100,-0.1988
ENSG00000141560,FN3KRP,2,-4.4863,61,0.47009,10,-2.1852,71,0.73294,37,-0.3250,54,0.27020,54,0.27163,36,-0.3270,56,0.47221
ENSG00000167363,FN3K,46,2.04275,17,0.31944,2,-2.5679,0,-4.3254,12,-0.2014,12,-0.1300,10,-0.4875,4,-1.6246,15,0.22904
ENSG00000141556,TBCD,155,1.46570,29,-1.2009,47,-0.4525,89,0.52451,43,-0.6584,83,0.41495,73,0.21408,59,-0.1277,52,-0.4059
ENSG00000101557,USP14,2,-5.4895,45,-1.0703,64,-0.5379,88,-0.0512,63,-0.6052,129,0.56207,152,0.82244,89,-0.0341,121,0.65228
ENSG00000176912,TYMSOS,2,-2.9546,127,4.28128,36,1.36648,1,-3.8525,11,-0.5200,4,-1.7512,0,-5.0722,0,-4.8428,2,-3.1930
ENSG00000176890,TYMS,2,-2.7292,55,2.47071,11,-0.2383,67,2.89358,8,-0.7066,8,-0.6370,1,-3.2922,4,-1.5478,1,-3.5751
ENSG00000176105,YES1,2,-2.2782,33,2.05612,13,0.51456,15,0.69034,20,1.29445,4,-1.2134,2,-2.3870,0,-5.0707,4,-1.4542
ENSG00000141433,ADCYAP1,62,1.22803,0,-5.5333,0,-8.7035,1,-4.7127,13,-1.2480,42,0.56665,39,0.45923,12,-1.2543,49,1.25074
ENSG00000101596,SMCHD1,4,-2.0560,31,0.92968,26,0.60148,9,-0.9592,19,0.18022,25,0.58884,19,0.09735,5,-1.6667,17,-0.0497
ENSG00000101577,LPIN2,109,1.44970,20,-1.2274,38,-0.2741,69,0.67211,36,-0.3534,28,-0.7111,38,-0.2724,16,-1.5613,49,0.17104
ENSG00000101608,MYL12A,12,-1.2123,61,1.38254,91,2.10155,29,0.13475,38,0.65670,4,-2.5523,5,-2.3113,15,-0.8149,12,-1.4368
ENSG00000118680,MYL12B,38,-2.8013,137,-0.9444,189,-0.4538,257,0.02226,224,-0.2041,315,0.34211,437,0.87332,236,-0.1087,309,0.43461
ENSG00000170579,DLGAP1,162,-0.1334,12,-3.9725,63,-1.5594,55,-1.7469,102,-0.8933,276,0.71861,259,0.61042,214,0.30370,262,0.91828
ENSG00000177337,DLGAP1-AS1,2,-2.0499,25,1.81891,24,1.75173,4,-1.0519,19,1.52502,1,-2.6191,0,-7.7204,0,-3.7786,3,-1.5477
ENSG00000263878,DLGAP1-AS4,2,-2.9305,1,-3.1066,6,-1.3233,21,0.48272,13,-0.2605,44,1.75118,15,-0.0252,6,-1.4082,19,0.50087
ENSG00000263753,LINC00667,2,-4.1053,38,0.16601,38,0.16677,61,0.90291,44,0.41213,28,-0.2991,22,-0.6810,10,-1.7516,40,0.32435
ENSG00000082397,EPB41L3,2,-5.6909,183,0.42098,82,-0.8097,104,-0.4558,91,-0.7172,145,0.05700,258,0.98502,218,0.70126,162,0.30898
ENSG00000173482,PTPRM,2,-4.9952,12,-2.4568,47,-0.4922,271,2.50529,35,-0.9946,38,-0.8110,31,-1.0943,129,1.11814,60,-0.1525
ENSG00000206418,RAB12,2,-3.8372,17,-0.7721,42,0.60972,0,-5.3405,27,-0.1243,60,1.18091,26,-0.1501,30,0.05564,36,0.47211
ENSG00000178127,NDUFV2,197,-0.0435,123,-0.7570,136,-0.6141,234,0.22650,168,-0.3113,150,-0.4627,268,0.44237,294,0.59272,223,0.21012
ENSG00000101745,ANKRD12,235,0.68646,169,0.16346,186,0.31278,103,-0.6073,157,0.05358,265,0.88814,107,-0.5475,148,-0.0476,114,-0.5748
ENSG00000128791,TWSG1,2,-2.8478,41,1.72969,50,2.08757,7,-1.0790,14,-0.0212,19,0.46848,1,-3.6880,4,-1.9512,9,-0.9250
ENSG00000017797,RALBP1,2,-5.0729,99,0.60590,66,-0.0500,20,-1.8459,76,0.20598,89,0.42369,96,0.55204,73,0.12209,71,0.09499
ENSG00000154845,PPP4R1,2,-2.2140,20,1.14875,12,0.29888,0,-3.8485,13,0.47716,10,-0.0049,16,0.77883,10,0.05216,8,-0.4585
ENSG00000168461,RAB31,37,-0.8526,81,0.36358,176,1.66459,64,-0.0146,90,0.59304,34,-0.9577,28,-1.2370,48,-0.4643,47,-0.6028
ENSG00000101558,VAPA,89,-1.5268,248,0.02543,237,-0.0454,332,0.48899,187,-0.4377,294,0.29164,303,0.34383,226,-0.1159,267,0.18930
ENSG00000154856,APCDD1,2,-4.5887,58,0.27310,213,2.60619,7,-2.7667,76,0.80348,31,-0.6974,6,-3.0763,60,0.35067,25,-1.2143
ENSG00000134265,NAPG,133,0.35795,51,-1.0979,54,-1.0349,147,0.52316,86,-0.3517,88,-0.2780,181,0.86176,93,-0.1993,114,0.15993
ENSG00000154864,PIEZO2,8,0.38074,53,4.17378,1,-2.4953,1,-2.0621,6,0.01685,6,-0.1896,1,-2.4963,0,-4.5337,0,-4.0721
ENSG00000141404,GNAL,23,-1.4004,8,-2.9727,17,-1.8410,18,-1.7361,47,-0.3632,122,1.17417,8,-2.8428,29,-1.0757,112,1.63628
ENSG00000255112,CHMP1B,32,-1.4139,54,-0.6544,65,-0.3809,70,-0.2616,60,-0.5195,179,1.26047,99,0.27593,66,-0.3485,97,0.35359
ENSG00000154889,MPPE1,37,0.65769,14,-0.8157,27,0.16614,23,-0.0785,15,-0.8276,23,-0.0782,38,0.70222,18,-0.4418,27,0.19156
ENSG00000141385,AFG3L2,102,0.56422,23,-1.6809,76,0.10006,175,1.46789,33,-1.2235,61,-0.2503,88,0.33127,78,0.13563,65,-0.1985
ENSG00000134278,SPIRE1,2,-4.8578,57,-0.0337,47,-0.3315,29,-1.0479,54,-0.1445,71,0.31599,65,0.16238,107,0.96976,68,0.34078
ENSG00000128789,PSMG2,18,-1.4674,54,0.21016,49,0.04973,12,-1.9856,44,-0.1125,34,-0.4839,46,-0.0284,58,0.32493,63,0.66006
ENSG00000175354,PTPN2,48,2.29813,13,0.10463,0,-7.4954,0,-4.1913,10,-0.3258,15,0.26322,17,0.45781,5,-1.3963,11,-0.2571
ENSG00000085415,SEH1L,2,-4.2824,25,-0.6899,26,-0.6443,17,-1.2327,26,-0.6506,61,0.71175,78,1.11026,57,0.60235,47,0.42115
ENSG00000168675,LDLRAD4,2,-4.6511,143,1.73329,51,0.00013,9,-2.5831,40,-0.3921,48,-0.0881,62,0.32493,42,-0.2904,55,0.18979
ENSG00000177150,FAM210A,2,-2.8604,16,0.20475,12,-0.2382,0,-4.4133,13,-0.1302,15,0.03803,29,1.12638,29,1.11086,14,-0.0290
ENSG00000101654,RNMT,2,-4.7987,31,-0.9123,30,-0.9612,49,-0.2046,47,-0.2908,80,0.56403,80,0.56612,81,0.58456,70,0.50115
ENSG00000175322,ZNF519,2,-2.3033,6,-0.6928,5,-1.0741,0,-3.6422,12,0.42125,9,-0.1852,18,0.97432,6,-0.7714,14,0.81232
ENSG00000067900,ROCK1,12,-0.9434,72,1.88451,28,0.31808,1,-4.1582,32,0.56043,27,0.24615,11,-1.1397,11,-1.1569,19,-0.4106
ENSG00000167088,SNRPD1,84,0.14546,75,-0.0291,74,-0.0472,63,-0.2974,73,-0.0790,83,0.12633,81,0.08636,59,-0.3965,82,0.15427
ENSG00000158201,ABHD3,2,-2.2357,6,-0.5770,2,-1.8012,0,-3.7944,11,0.33401,5,-1.0122,8,-0.1556,11,0.22139,16,1.26287
ENSG00000101752,MIB1,50,0.33916,38,-0.0873,19,-1.1135,77,1.03634,30,-0.4928,40,-0.0015,48,0.27497,34,-0.2781,40,-0.0409
ENSG00000134508,CABLES1,2,-3.4927,1,-4.1416,28,0.34433,24,0.09327,40,1.03976,30,0.47323,8,-1.5382,27,0.25978,23,0.05745
ENSG00000101782,RIOK3,2,-3.7257,53,1.11295,28,0.09197,20,-0.4559,23,-0.2013,32,0.30053,47,0.92114,21,-0.3749,24,-0.2222
ENSG00000141452,RMC1,10,-0.7658,15,-0.2072,9,-0.9440,48,1.66305,12,-0.5865,25,0.55641,19,0.11961,6,-1.4954,17,-0.0064
ENSG00000141458,NPC1,13,-1.6051,202,3.04986,131,2.11254,0,-5.7777,27,-0.5343,24,-0.7059,17,-1.1604,10,-2.0039,10,-2.3119
ENSG00000154065,ANKRD29,2,-2.5274,3,-1.7667,9,-0.2886,4,-1.4294,13,0.28237,1,-2.6715,9,-0.4161,4,-1.6276,22,1.68868
ENSG00000141447,OSBPL1A,91,-0.3249,219,1.08336,158,0.54530,49,-1.2458,63,-0.9364,79,-0.5476,134,0.27356,105,-0.0966,124,0.21727
ENSG00000154059,IMPACT,2,-3.4850,27,0.28550,45,1.11792,29,0.39078,18,-0.3611,16,-0.4973,26,0.21252,21,-0.1084,22,0.01018
ENSG00000266489,AC007922.3,70,2.86330,2,-2.9129,0,-7.6619,0,-4.3644,4,-1.7829,0,-4.1859,13,-0.0693,5,-1.5617,21,0.88831
ENSG00000141380,SS18,2,-3.0376,47,1.73369,53,1.96594,5,-1.6041,17,0.11035,10,-0.6559,10,-0.6899,9,-0.8586,10,-0.8911
ENSG00000134504,KCTD1,37,-0.5590,14,-2.0074,39,-0.5115,69,0.37612,42,-0.4045,170,1.92686,50,-0.1180,46,-0.2466,48,-0.2285
ENSG00000171885,AQP4,307,-0.8862,718,0.42834,4145,4.06068,179,-1.6859,474,-0.2415,172,-1.7521,42,-3.7857,123,-2.2346,121,-2.6012
ENSG00000170558,CDH2,2,-4.9545,34,-0.9388,116,0.99904,92,0.61290,39,-0.7818,135,1.24943,46,-0.4666,86,0.51042,56,-0.2223
ENSG00000118276,B4GALT6,56,-0.0703,7,-2.9972,15,-1.9788,25,-1.2855,41,-0.5836,86,0.60110,92,0.70573,44,-0.4417,89,0.96472
ENSG00000153339,TRAPPC8,2,-3.4986,29,0.35524,25,0.12525,8,-1.6337,18,-0.4499,27,0.22272,45,1.05586,16,-0.6141,29,0.47277
ENSG00000134758,RNF138,55,1.97141,36,1.19557,12,-0.4895,4,-2.1282,11,-0.6566,25,0.57887,11,-0.6460,16,-0.1039,10,-0.9975
ENSG00000141441,GAREM1,2,-3.0037,39,1.43265,29,0.93891,2,-2.8534,22,0.55365,14,-0.2350,22,0.53763,4,-1.8675,13,-0.4157
ENSG00000101746,NOL4,2,-3.7389,1,-4.7010,5,-2.4446,30,0.09081,24,-0.2645,70,1.50135,28,-0.0162,16,-0.8363,41,0.88594
ENSG00000134769,DTNA,114,-0.2636,242,0.93770,277,1.16630,170,0.36097,181,0.51293,67,-1.0657,50,-1.5112,75,-0.9057,100,-0.5902
ENSG00000166974,MAPRE2,53,-2.4072,264,0.00263,259,-0.0261,243,-0.1311,152,-0.9006,349,0.44255,323,0.31960,337,0.38434,325,0.45350
ENSG00000186812,ZNF397,2,-3.0347,33,1.14458,11,-0.5777,42,1.52937,22,0.51321,9,-0.9087,10,-0.7188,10,-0.7335,13,-0.4684
ENSG00000172466,ZNF24,43,0.05195,122,1.81243,80,1.06433,18,-1.2517,36,-0.2179,36,-0.2234,25,-0.7590,47,0.19421,23,-1.0566
ENSG00000153391,INO80C,43,1.65887,16,0.04042,2,-3.0589,0,-4.5255,8,-1.0244,13,-0.3213,18,0.18958,16,0.06613,20,0.51019
ENSG00000141429,GALNT1,52,0.71581,49,0.62836,39,0.27110,22,-0.5847,22,-0.6804,24,-0.4929,39,0.27880,23,-0.5643,34,0.07264
ENSG00000141428,C18orf21,46,1.52399,16,-0.2061,11,-0.7167,4,-1.9929,14,-0.3905,18,-0.0218,25,0.51570,6,-1.5664,20,0.20692
ENSG00000141425,RPRD1A,2,-5.7598,71,-0.6581,75,-0.5685,128,0.24274,94,-0.2557,142,0.41157,140,0.38430,110,0.01674,141,0.57027
ENSG00000141424,SLC39A6,76,0.67143,70,0.53770,54,0.13685,88,0.91763,24,-1.1410,61,0.32455,29,-0.8300,49,-0.0381,43,-0.3057
ENSG00000134759,ELP2,73,0.96836,36,-0.1703,41,0.05022,23,-0.8445,30,-0.4531,36,-0.1505,38,-0.0734,26,-0.6369,46,0.31321
ENSG00000134775,FHOD3,30,-0.1588,1,-4.2086,12,-1.4928,29,-0.2158,20,-0.8085,39,0.24451,56,0.82738,21,-0.7088,51,0.99142
ENSG00000134779,TPGS2,103,-0.1437,54,-1.1142,83,-0.4602,107,-0.0784,76,-0.6565,63,-0.8934,183,0.77344,171,0.66379,137,0.43218
ENSG00000101489,CELF4,21,-3.7406,13,-4.3919,128,-1.1357,498,0.99100,222,-0.3252,634,1.40634,341,0.37168,378,0.53892,261,-0.0645
ENSG00000078142,PIK3C3,21,-0.7259,36,0.07059,64,0.99787,23,-0.6202,34,-0.0256,26,-0.3852,42,0.32921,26,-0.3883,34,0.02445
ENSG00000152214,RIT2,2,-3.4197,1,-3.5980,7,-1.6512,20,-0.1202,16,-0.4647,12,-0.9062,6,-1.7256,22,0.05103,44,1.90905
ENSG00000132872,SYT4,106,-1.2650,7,-5.2240,38,-2.7667,341,0.52334,119,-1.1723,389,0.73652,366,0.63841,416,0.84970,321,0.60443
ENSG00000152217,SETBP1,2,-2.5502,5,-1.3175,0,-6.7998,29,1.48849,9,-0.4394,34,1.74990,7,-0.7328,5,-1.2507,13,0.24263
ENSG00000141469,SLC14A1,2,-4.1793,110,1.46907,287,3.51735,24,-0.9486,35,-0.3825,11,-2.1119,1,-4.9582,16,-1.4911,15,-1.9136
ENSG00000152223,EPG5,2,-3.1341,10,-0.8615,26,0.64553,33,1.02305,14,-0.4010,38,1.23987,21,0.25472,5,-1.7752,16,-0.1435
ENSG00000152234,ATP5F1A,263,-1.0314,170,-1.6854,414,-0.3463,539,0.06222,407,-0.4018,567,0.14283,750,0.59033,749,0.58779,616,0.37734
ENSG00000152242,C18orf25,2,-3.0956,13,-0.4552,13,-0.3510,1,-3.7181,22,0.40775,25,0.63114,27,0.75054,14,-0.2928,21,0.40291
ENSG00000141622,RNF165,6,-1.7054,1,-4.2089,2,-2.9500,33,0.72310,17,-0.3657,49,1.38884,22,0.11600,41,1.08614,20,-0.0314
ENSG00000101638,ST8SIA5,2,-3.8079,2,-3.8376,4,-2.7960,53,1.03246,22,-0.4060,56,1.10670,54,1.04118,25,-0.1678,31,0.22929
ENSG00000078043,PIAS2,3,-3.4460,24,-0.3899,23,-0.4790,28,-0.1579,32,0.02995,35,0.16433,47,0.66181,45,0.57882,34,0.19723
ENSG00000167220,HDHD2,39,-0.8311,72,0.09615,92,0.48764,84,0.33650,52,-0.4447,58,-0.2254,68,0.01967,79,0.25729,70,0.08766
ENSG00000134049,IER3IP1,85,0.96997,37,-0.3329,33,-0.5273,46,-0.0161,34,-0.5198,40,-0.2171,61,0.43407,76,0.78653,39,-0.3351
ENSG00000175387,SMAD2,39,-0.4053,48,-0.1150,44,-0.2317,65,0.37932,45,-0.2329,85,0.80337,47,-0.1462,39,-0.4281,53,0.05585
ENSG00000134030,CTIF,25,-1.3319,27,-1.1841,50,-0.2652,44,-0.4815,63,0.08887,105,0.89704,76,0.38104,81,0.47854,61,0.03651
ENSG00000101665,SMAD7,2,-2.6028,18,0.60329,5,-1.2387,3,-1.9431,12,-0.0204,20,0.79661,11,-0.1825,19,0.75348,14,0.26879
ENSG00000141627,DYM,41,0.96014,27,0.33059,13,-0.7867,3,-2.8898,25,0.18782,16,-0.5109,20,-0.1684,13,-0.8112,27,0.38508
ENSG00000177576,C18orf32,484,1.05972,394,0.71641,285,0.19716,221,-0.1967,202,-0.3611,181,-0.5067,190,-0.4334,243,-0.0506,216,-0.3048
ENSG00000265681,RPL17,945,0.09690,1522,0.86557,1039,0.24767,883,-0.0094,1084,0.34604,555,-0.7224,654,-0.4713,964,0.12841,704,-0.4625
ENSG00000167315,ACAA2,30,0.11918,39,0.53786,88,1.91874,0,-5.2205,52,1.11690,13,-1.1825,16,-0.8391,19,-0.5515,13,-1.3243
ENSG00000141644,MBD1,3,-3.3883,33,-0.0824,20,-0.8857,11,-1.7415,25,-0.5608,50,0.55834,48,0.48274,45,0.38281,50,0.76523
ENSG00000154832,CXXC1,2,-3.0487,20,0.26596,14,-0.2136,0,-4.6002,17,0.07277,13,-0.3135,10,-0.6836,27,0.78328,23,0.76543
ENSG00000141639,MAPK4,41,0.58521,20,-0.5135,69,1.44232,2,-3.6649,43,0.74952,8,-1.9196,12,-1.3290,14,-1.0900,29,0.06316
ENSG00000134042,MRO,2,-3.7719,51,0.98750,72,1.59328,3,-2.9184,43,0.81472,20,-0.4436,3,-3.1225,32,0.25306,21,-0.4895
ENSG00000082212,ME2,2,-4.4515,42,-0.0744,44,0.00140,82,0.99701,34,-0.4321,45,0.03071,55,0.36459,37,-0.2687,49,0.24173
ENSG00000141646,SMAD4,2,-3.4888,40,0.93332,34,0.64690,18,-0.3339,28,0.36208,30,0.48114,12,-0.9257,8,-1.4406,23,0.03225
ENSG00000176624,MEX3C,2,-3.0338,27,0.81977,12,-0.4929,21,0.38595,18,0.14770,26,0.72416,20,0.32869,9,-0.9206,15,-0.1781
ENSG00000187323,DCC,2,-2.7857,2,-2.5194,0,-7.7119,0,-4.4146,4,-1.7592,2,-2.5133,31,1.22231,5,-1.4657,34,2.47584
ENSG00000134046,MBD2,2,-3.1506,31,0.89062,16,-0.1242,0,-4.7015,26,0.65462,15,-0.2894,24,0.50457,14,-0.3885,19,0.15297
ENSG00000101751,POLI,2,-2.6159,18,0.58221,13,0.06242,2,-2.3420,14,0.23170,24,1.11193,6,-0.9345,4,-1.5392,15,0.47122
ENSG00000041353,RAB27B,2,-4.7392,1,-5.2597,0,-9.3359,96,0.93639,36,-0.6329,23,-1.2619,120,1.30281,58,0.13023,81,0.96420
ENSG00000196628,TCF4,105,-0.9430,153,-0.3698,148,-0.4260,288,0.61998,141,-0.5319,42,-2.2994,147,-0.4312,190,-0.0353,294,0.96288
ENSG00000091164,TXNL1,61,-1.0336,79,-0.6426,89,-0.4533,45,-1.4847,88,-0.5220,115,-0.0701,165,0.50308,165,0.50037,167,0.74515
ENSG00000091157,WDR7,2,-5.5018,40,-1.2451,25,-1.9301,170,0.98943,60,-0.6844,106,0.23379,193,1.20753,76,-0.2943,115,0.49380
ENSG00000177511,ST8SIA3,2,-5.2993,3,-4.6965,13,-2.7373,169,1.17630,52,-0.7453,108,0.43249,131,0.74927,74,-0.1509,115,0.77646
ENSG00000066926,FECH,52,1.01768,34,0.33566,9,-1.6126,2,-3.4708,19,-0.6283,31,0.16763,32,0.21418,11,-1.3461,37,0.67919
ENSG00000134440,NARS,199,0.42980,100,-0.6415,137,-0.1523,61,-1.3654,96,-0.7431,179,0.26782,235,0.70312,187,0.33566,169,0.23544
ENSG00000049759,NEDD4L,62,-0.3735,23,-1.8207,53,-0.6243,42,-0.9739,67,-0.2849,120,0.65514,99,0.34850,68,-0.2367,108,0.68467
ENSG00000074657,ZNF532,61,0.98381,64,1.05833,49,0.62184,11,-1.6047,31,-0.1297,29,-0.1876,15,-1.2053,27,-0.3240,28,-0.3216
ENSG00000166562,SEC11C,2,-6.4286,332,0.86642,388,1.12676,184,-0.0750,156,-0.3556,148,-0.4143,182,-0.0956,165,-0.2506,200,0.07452
ENSG00000074695,LMAN1,2,-3.6465,55,1.25740,58,1.36923,15,-0.7877,25,-0.0183,16,-0.6350,16,-0.6883,18,-0.5262,24,-0.0725
ENSG00000101542,CDH20,2,-3.8495,55,1.03704,31,0.11997,0,-5.3970,32,0.18332,8,-1.9446,39,0.47082,7,-1.9952,42,0.86225
ENSG00000176641,RNF152,2,-2.7351,9,-0.6059,2,-2.6683,30,1.31274,8,-0.7764,0,-4.6552,8,-0.7748,20,0.63005,21,1.11997
ENSG00000134444,RELCH,106,1.52460,16,-1.4508,20,-1.1400,1,-5.3485,26,-0.7730,79,1.01308,72,0.86407,35,-0.2925,41,-0.0318
ENSG00000141664,ZCCHC2,2,-2.6530,12,-0.0345,0,-4.0123,16,0.36116,10,-0.3501,25,1.09024,19,0.63155,8,-0.6505,15,0.39955
ENSG00000081913,PHLPP1,4,-3.6979,188,2.22481,147,1.74732,2,-4.7300,51,0.00316,32,-0.6932,23,-1.1942,24,-1.1607,36,-0.6786
ENSG00000171791,BCL2,36,1.35412,17,0.14874,40,1.55775,6,-1.3745,14,-0.1893,10,-0.6001,5,-1.6591,13,-0.2671,11,-0.5605
ENSG00000119537,KDSR,44,-0.1184,141,1.81566,91,1.04945,37,-0.3885,35,-0.4802,34,-0.5123,30,-0.6756,36,-0.4253,33,-0.6863
ENSG00000267390,AC036176.1,2,-2.5197,26,1.31689,21,0.93761,27,1.38511,12,0.06790,13,0.24622,6,-0.8439,5,-1.0832,6,-1.1680
ENSG00000119541,VPS4B,48,-0.5348,110,0.75089,76,0.14946,111,0.75896,46,-0.6469,49,-0.5033,81,0.25430,95,0.51431,58,-0.3534
ENSG00000171451,DSEL,2,-3.2009,60,1.98273,29,0.74920,6,-1.5248,20,0.16744,27,0.59138,13,-0.5293,14,-0.4248,12,-0.8473
ENSG00000166479,TMX3,2,-4.0394,19,-0.8502,25,-0.3926,24,-0.4625,23,-0.5973,66,1.10458,56,0.83867,71,1.24182,30,-0.1892
ENSG00000206052,DOK6,2,-4.6062,2,-4.2181,21,-1.2682,53,0.12705,71,0.64584,120,1.46310,54,0.14389,66,0.47109,44,-0.1990
ENSG00000170677,SOCS6,2,-2.5772,30,1.53201,7,-0.6967,17,0.57637,10,-0.2675,17,0.55050,6,-0.9394,11,-0.1384,11,-0.1883
ENSG00000141668,CBLN2,2,-3.0337,0,-4.5854,0,-7.8997,2,-2.8493,13,-0.3751,82,2.83173,8,-0.9882,5,-1.8278,22,0.68129
ENSG00000166342,NETO1,2,-3.8274,2,-3.5089,1,-4.5368,56,1.09250,16,-0.8757,34,0.26653,42,0.63341,17,-0.7950,46,1.11725
ENSG00000263958,AC091138.1,2,-3.1550,5,-1.7100,8,-1.1751,2,-3.0569,18,-0.0133,18,0.00918,19,0.14206,33,0.97162,27,0.97161
ENSG00000075336,TIMM21,2,-3.9798,32,0.04147,25,-0.3322,52,0.78521,25,-0.3841,22,-0.5614,33,0.06496,50,0.72120,36,0.28572
ENSG00000166347,CYB5A,54,0.46103,76,1.03689,47,0.25650,21,-0.9427,35,-0.2302,35,-0.2048,45,0.18460,33,-0.2878,35,-0.2874
ENSG00000187773,DIPK1C,2,-3.2068,50,1.65264,66,2.15056,0,-4.5615,23,0.35178,12,-0.6700,3,-2.5938,14,-0.4511,12,-0.8238
ENSG00000133313,CNDP2,49,-1.4666,233,0.95144,197,0.67885,150,0.24279,91,-0.5795,95,-0.4652,106,-0.3054,227,0.91443,109,-0.3378
ENSG00000150656,CNDP1,2,-5.6055,711,3.90095,227,1.36887,40,-1.3673,65,-0.6883,53,-0.9330,15,-2.7681,48,-1.0852,13,-3.3320
ENSG00000180011,ZADH2,2,-3.6383,17,-0.5973,12,-1.0851,13,-1.0026,23,-0.1319,39,0.71996,30,0.28538,35,0.55204,32,0.58100
ENSG00000179981,TSHZ1,2,-2.8828,16,0.11953,26,0.92170,1,-3.5128,17,0.20822,9,-0.7759,16,0.16775,24,0.76950,16,0.16285
ENSG00000130856,ZNF236,2,-2.3957,11,0.14441,6,-0.7155,2,-2.4668,12,0.21044,9,-0.2664,10,-0.0932,10,-0.0832,15,0.89756
ENSG00000197971,MBP,396,-2.7688,17465,3.77408,5145,1.15971,996,-1.4098,2404,-0.0808,990,-1.4200,266,-3.3441,734,-1.8618,494,-2.7897
ENSG00000263146,LINC01896,2,-3.0152,13,-0.3143,21,0.44682,0,-4.5669,37,1.55921,12,-0.3935,7,-1.2524,14,-0.1649,16,0.01541
ENSG00000166377,ATP9B,2,-3.0104,16,-0.0216,27,0.79660,11,-0.5384,12,-0.4237,15,-0.0966,13,-0.3487,23,0.54648,19,0.41204
ENSG00000122490,SLC66A2,2,-5.0772,16,-2.1690,60,-0.1935,53,-0.3906,77,0.21395,119,0.89589,89,0.43121,86,0.37604,76,0.24278
ENSG00000226742,HSBP1L1,2,-3.0683,18,-0.0637,11,-0.7466,4,-2.1314,23,0.34143,23,0.30868,19,-0.0003,26,0.50081,24,0.50737
ENSG00000141759,TXNL4A,129,-0.8497,202,-0.1737,214,-0.0831,151,-0.6141,198,-0.2222,181,-0.3416,278,0.32572,334,0.62106,263,0.32556
ENSG00000101546,RBFA,2,-2.9165,12,-0.2790,11,-0.4036,13,-0.1532,11,-0.5221,2,-2.9788,11,-0.5021,15,-0.0172,27,1.40917
ENSG00000101544,ADNP2,2,-3.2860,22,0.18287,22,0.20521,3,-2.4091,16,-0.3436,30,0.69358,19,-0.0152,19,0.00121,26,0.61352
ENSG00000141934,PLPP2,2,-3.4192,171,4.20640,37,0.85523,17,-0.3691,13,-0.7951,3,-2.6393,2,-3.0080,4,-2.3305,4,-2.7993
ENSG00000105556,MIER2,2,-2.5455,9,-0.3163,50,2.52208,0,-4.1010,10,-0.2394,19,0.73791,20,0.83493,2,-2.2522,7,-0.8980
ENSG00000183186,C2CD4C,3,-2.3260,1,-3.8208,0,-4.3538,18,0.16567,15,-0.1451,28,0.84576,32,1.02278,18,0.14085,21,0.51145
ENSG00000129946,SHC2,2,-4.3850,30,-0.4975,30,-0.4853,64,0.67885,41,-0.0416,45,0.09331,46,0.13715,36,-0.2327,53,0.49096
ENSG00000141933,TPGS1,71,0.44460,40,-0.4649,63,0.25015,48,-0.1679,55,0.05768,56,0.07354,45,-0.2552,52,-0.0373,53,-0.0396
ENSG00000099804,CDC34,2,-5.1527,64,-0.1789,81,0.19853,23,-1.6748,55,-0.4350,88,0.32233,134,1.00229,64,-0.1807,91,0.53634
ENSG00000172270,BSG,131,-1.5256,214,-0.7986,564,0.71897,249,-0.5681,343,-0.0806,423,0.25637,421,0.24832,418,0.23820,392,0.18403
ENSG00000099822,HCN2,2,-4.8061,95,0.83775,42,-0.4588,33,-0.8215,78,0.57052,40,-0.5275,61,0.11758,51,-0.1418,63,0.24382
ENSG00000099821,POLRMT,2,-4.0692,33,-0.0072,36,0.11563,25,-0.4622,28,-0.3021,33,-0.0121,44,0.41730,38,0.17777,42,0.50953
ENSG00000070423,RNF126,29,-0.7697,46,-0.0734,56,0.24872,5,-3.2158,45,-0.1056,51,0.09361,68,0.54679,50,0.07781,57,0.37391
ENSG00000099864,PALM,64,-0.8156,66,-0.7735,108,-0.0250,70,-0.6821,186,0.95356,120,0.14448,95,-0.2272,82,-0.4484,112,0.04561
ENSG00000011304,PTBP1,2,-2.7697,27,1.07893,38,1.70978,0,-4.3226,20,0.71332,17,0.36917,3,-1.9555,5,-1.3306,10,-0.4933
ENSG00000129951,PLPPR3,7,-2.7249,4,-3.5165,14,-1.7003,26,-0.8249,62,0.56911,82,0.97662,61,0.50218,52,0.23087,53,0.35495
ENSG00000175221,MED16,54,0.30416,40,-0.1636,56,0.36740,19,-1.2574,42,-0.0936,79,0.93158,44,0.00068,39,-0.2050,40,-0.1954
ENSG00000198858,R3HDM4,3,-3.4703,32,0.06388,30,-0.0168,49,0.74488,34,0.17853,50,0.77006,22,-0.4809,27,-0.2143,30,-0.0846
ENSG00000065268,WDR18,2,-3.8840,26,-0.2134,16,-0.9429,38,0.37707,23,-0.4011,43,0.60320,37,0.36887,31,0.05180,36,0.45185
ENSG00000182087,TMEM259,2,-4.9454,88,0.54989,93,0.64360,60,-0.0583,57,-0.1319,73,0.24991,78,0.35467,50,-0.3178,62,0.00100
ENSG00000099817,POLR2E,50,-1.6033,105,-0.5107,125,-0.2345,193,0.43937,126,-0.2438,149,0.02921,196,0.46883,173,0.26369,164,0.24209
ENSG00000167468,GPX4,796,0.19849,494,-0.5393,499,-0.5243,718,0.03714,688,-0.0339,550,-0.3768,853,0.30849,940,0.46322,723,0.06414
ENSG00000118046,STK11,3,-3.4138,26,-0.5157,42,0.25239,24,-0.6223,46,0.41320,53,0.61461,24,-0.5805,39,0.11657,41,0.28814
ENSG00000099625,CBARP,48,0.16906,5,-3.1912,10,-2.1769,93,1.24494,26,-0.8165,45,0.07091,36,-0.2848,37,-0.2416,59,0.69439
ENSG00000099624,ATP5F1D,229,-0.6152,237,-0.5630,291,-0.2505,281,-0.3032,356,0.07010,280,-0.3076,543,0.73841,381,0.16813,373,0.18234
ENSG00000167470,MIDN,2,-3.8987,30,0.00397,55,0.98422,32,0.10336,32,0.12406,53,0.90921,25,-0.2514,24,-0.3442,26,-0.2951
ENSG00000099622,CIRBP,231,-0.3676,364,0.33638,330,0.18347,282,-0.0656,300,0.03692,274,-0.1075,294,0.00193,256,-0.2147,297,0.02174
ENSG00000228300,FAM174C,2,-3.9230,46,0.19283,40,-0.0369,37,-0.1589,41,-0.0027,45,0.15037,68,0.80221,49,0.27106,41,-0.0081
ENSG00000160953,PWWP3A,6,-3.0505,56,0.23876,39,-0.3208,37,-0.4032,48,0.00279,64,0.46234,34,-0.5053,47,-0.0133,61,0.52388
ENSG00000115286,NDUFS7,30,-2.7778,418,1.24985,326,0.83148,123,-0.7048,187,-0.0677,167,-0.2302,187,-0.0624,193,-0.0082,177,-0.1910
ENSG00000130005,GAMT,167,0.74031,225,1.24097,111,0.08787,92,-0.2072,88,-0.2966,72,-0.5838,76,-0.4972,104,-0.0166,85,-0.4065
ENSG00000071626,DAZAP1,2,-4.2018,37,0.01307,35,-0.0754,129,2.11896,33,-0.1904,31,-0.2769,32,-0.2247,16,-1.2639,33,-0.2144
ENSG00000115268,RPS15,522,-1.0305,2041,1.11915,1524,0.63362,736,-0.5107,1326,0.45250,757,-0.4676,813,-0.3582,1219,0.27370,763,-0.5801
ENSG00000115266,APC2,39,-1.2405,79,-0.1747,113,0.38433,59,-0.6356,76,-0.2695,101,0.20634,93,0.07293,105,0.26316,103,0.32661
ENSG00000119559,C19orf25,150,1.82738,45,-0.1699,62,0.33975,29,-0.8215,38,-0.4692,49,-0.0388,54,0.12174,20,-1.3535,42,-0.3652
ENSG00000115255,REEP6,2,-2.5692,8,-0.5000,12,-0.0110,21,0.94871,13,0.11310,8,-0.4957,7,-0.7986,3,-1.8183,16,0.74346
ENSG00000071655,MBD3,2,-4.1160,47,0.47929,36,0.03500,2,-3.9720,65,1.13346,40,0.22730,19,-0.9166,44,0.35987,33,-0.0920
ENSG00000127540,UQCR11,1020,0.22605,830,-0.0978,854,-0.0530,717,-0.3235,1067,0.32706,703,-0.3546,881,-0.0038,916,0.05647,858,-0.0609
ENSG00000079313,REXO1,33,0.66366,7,-1.6131,16,-0.4165,5,-2.0917,31,0.63579,18,-0.2852,21,0.00250,5,-2.0514,28,0.57228
ENSG00000129911,KLF16,2,-4.2306,8,-2.2259,24,-0.7121,84,1.30054,41,0.14688,75,1.09704,29,-0.3821,33,-0.1904,38,0.03137
ENSG00000129968,ABHD17A,146,0.08572,234,0.84399,138,-0.0055,157,0.19746,187,0.52902,99,-0.5178,84,-0.7675,145,0.07659,105,-0.5370
ENSG00000227500,SCAMP4,2,-3.6981,57,1.27450,62,1.40208,3,-3.1593,27,0.09353,27,0.06890,15,-0.7918,44,0.85476,18,-0.6867
ENSG00000133275,CSNK1G2,24,-0.6881,17,-1.2036,35,-0.1567,49,0.37520,46,0.30466,37,-0.0778,38,-0.0185,42,0.14456,41,0.16044
ENSG00000133243,BTBD2,60,-0.7723,35,-1.5810,67,-0.6115,71,-0.5176,122,0.34890,125,0.35111,122,0.31586,111,0.16958,115,0.31394
ENSG00000099875,MKNK2,39,1.20585,17,-0.1306,21,0.22386,0,-4.7660,20,0.09661,18,-0.0802,19,0.08148,12,-0.7013,19,0.02013
ENSG00000172081,MOB3A,2,-2.2155,16,0.90559,5,-0.8883,10,0.15812,12,0.51874,16,0.87333,2,-2.1466,5,-0.8007,9,0.05560
ENSG00000065000,AP3D1,95,-0.2528,60,-0.9506,76,-0.5905,143,0.38215,102,-0.1641,133,0.26974,128,0.19911,175,0.70736,111,-0.0189
ENSG00000104886,PLEKHJ1,37,-0.5841,40,-0.4585,60,0.17124,0,-6.2020,51,-0.0837,92,0.84061,89,0.78770,67,0.32937,54,-0.0087
ENSG00000104897,SF3A2,2,-2.6549,25,1.12087,20,0.72710,0,-4.2093,15,0.34395,18,0.57134,12,-0.0050,27,1.24868,7,-1.1365
ENSG00000104904,OAZ1,668,-0.2770,418,-0.9868,517,-0.6674,765,-0.0671,690,-0.2459,847,0.09274,1194,0.64224,1010,0.37167,894,0.24370
ENSG00000130332,LSM7,61,-0.7431,97,-0.0383,118,0.26464,82,-0.2916,90,-0.1620,68,-0.5906,99,-0.0126,83,-0.2757,126,0.52371
ENSG00000005206,SPPL2B,2,-3.3480,27,0.46044,36,0.91368,18,-0.1728,18,-0.1665,15,-0.4163,15,-0.4959,8,-1.3028,26,0.57195
ENSG00000099800,TIMM13,122,-0.0386,126,0.00961,158,0.37503,132,0.08250,125,0.00751,97,-0.3884,110,-0.1937,131,0.07023,124,-0.0101
ENSG00000176619,LMNB2,2,-2.6417,13,0.11419,16,0.36789,1,-2.7927,15,0.30887,9,-0.5199,9,-0.4430,19,0.67692,15,0.46999
ENSG00000176533,GNG7,2,-4.9947,169,1.59966,131,1.15483,69,0.11453,83,0.43728,41,-0.6986,13,-2.3172,58,-0.1675,47,-0.6177
ENSG00000176490,DIRAS1,2,-5.1688,6,-3.6011,24,-1.6795,76,0.03889,68,-0.1415,56,-0.4347,91,0.32068,87,0.25691,121,1.18294
ENSG00000141873,SLC39A3,54,0.24694,29,-0.6845,24,-0.9842,51,0.16918,30,-0.7207,77,0.81818,47,0.02324,68,0.60743,47,0.05862
ENSG00000104969,SGTA,2,-5.0659,100,0.55870,75,0.08979,133,1.02331,55,-0.4018,81,0.21876,79,0.17464,70,-0.0167,66,-0.1187
ENSG00000172009,THOP1,2,-4.4324,31,-0.5093,23,-0.9776,22,-1.0010,48,0.19072,93,1.23925,46,0.07787,48,0.14582,51,0.33218
ENSG00000104964,TLE5,210,-1.2394,266,-0.8855,377,-0.3527,590,0.34589,494,0.07031,403,-0.2507,513,0.12252,860,0.95913,489,0.06500
ENSG00000088256,GNA11,9,-2.5013,62,0.33933,63,0.38133,25,-1.0393,62,0.37531,65,0.42296,40,-0.3471,50,0.01190,52,0.10172
ENSG00000125912,NCLN,115,1.69612,17,-1.3503,45,0.12178,58,0.52418,28,-0.6042,50,0.29698,35,-0.2601,11,-1.8960,37,-0.2002
ENSG00000161082,CELF5,60,-1.1207,3,-5.1849,27,-2.2886,156,0.32537,119,-0.1059,224,0.92085,159,0.35863,106,-0.2660,168,0.62900
ENSG00000141905,NFIC,81,0.30080,133,1.10505,112,0.81619,32,-1.1115,108,0.86161,90,0.46289,22,-1.6774,18,-1.9130,41,-0.9088
ENSG00000129932,DOHH,47,0.35077,116,1.87818,29,-0.4291,18,-1.1392,33,-0.2272,28,-0.4627,29,-0.4249,51,0.47922,27,-0.6500
ENSG00000105325,FZR1,2,-4.2380,37,-0.0338,27,-0.4904,15,-1.4022,32,-0.2646,54,0.54437,62,0.78712,34,-0.1430,49,0.57329
ENSG00000161091,MFSD12,2,-4.4871,44,-0.0415,20,-1.2102,53,0.25833,32,-0.5581,57,0.37215,66,0.61395,40,-0.1645,60,0.62335
ENSG00000064961,HMG20B,2,-2.7524,53,2.35932,23,0.83357,23,0.86502,19,0.63647,16,0.26830,0,-4.3915,2,-2.4291,4,-2.0584
ENSG00000186111,PIP5K1C,91,-0.2166,18,-2.5778,32,-1.7518,186,0.92707,85,-0.3400,123,0.25755,156,0.63858,74,-0.5364,127,0.42086
ENSG00000183617,MRPL54,29,-1.2907,94,0.48044,88,0.37919,14,-2.3242,75,0.12422,82,0.25323,74,0.10616,86,0.33514,71,0.05299
ENSG00000007264,MATK,46,0.00890,3,-3.9735,31,-0.6302,48,0.06857,54,0.27313,62,0.45980,46,0.00159,48,0.07012,52,0.24817
ENSG00000105278,ZFR2,2,-3.0255,0,-4.4169,0,-6.1976,23,0.55580,15,-0.0755,21,0.37366,24,0.61531,18,0.20436,23,0.76511
ENSG00000167654,ATCAY,126,-0.0515,13,-3.3487,31,-2.1221,245,1.02090,101,-0.4190,159,0.31674,134,0.04599,116,-0.1777,166,0.53951
ENSG00000167657,DAPK3,41,0.23918,21,-0.7564,31,-0.2059,52,0.59292,22,-0.7435,40,0.18616,56,0.70762,24,-0.6183,38,0.13886
ENSG00000167658,EEF2,329,-0.3364,432,0.08519,407,-0.0088,400,-0.0359,560,0.55301,365,-0.1775,308,-0.4405,421,0.04636,384,-0.1294
ENSG00000105229,PIAS4,2,-2.7385,38,1.70980,31,1.35052,6,-1.0968,13,-0.0143,13,-0.0740,12,-0.0892,6,-1.0643,9,-0.6241
ENSG00000178951,ZBTB7A,41,-1.3168,74,-0.4302,36,-1.5062,43,-1.2263,132,0.52610,185,1.02573,58,-0.7897,129,0.44234,110,0.25295
ENSG00000126934,MAP2K2,2,-5.8810,122,-0.2740,103,-0.5312,243,0.82227,129,-0.1969,183,0.35698,162,0.16360,145,-0.0025,168,0.31262
ENSG00000077463,SIRT6,2,-2.1561,9,-0.1927,1,-2.9093,2,-1.9270,9,-0.1574,20,1.04630,9,-0.1442,20,1.02957,13,0.45613
ENSG00000089847,ANKRD24,2,-3.0274,5,-1.5996,0,-7.8757,28,0.86557,14,-0.2901,60,2.22436,10,-0.7614,11,-0.5750,17,0.09169
ENSG00000105248,YJU2,2,-2.7580,18,0.45601,22,0.79040,37,1.66570,16,0.31131,2,-2.3998,20,0.62952,7,-0.9339,8,-0.8797
ENSG00000105255,FSD1,21,-1.8978,15,-2.4229,23,-1.8188,34,-1.2345,51,-0.6656,71,-0.1088,153,1.12036,100,0.42691,119,1.03627
ENSG00000008382,MPND,2,-3.8610,12,-1.2933,32,0.12600,44,0.66933,27,-0.0959,37,0.37518,46,0.73123,25,-0.2478,31,0.15478
ENSG00000141985,SH3GL1,49,0.38252,27,-0.5088,37,-0.0407,1,-4.9015,42,0.15867,60,0.71150,33,-0.2062,37,-0.0603,42,0.20528
ENSG00000167671,UBXN6,322,1.04316,98,-0.8320,157,-0.1105,133,-0.3710,108,-0.7354,162,-0.0680,149,-0.1891,209,0.33888,187,0.21928
ENSG00000167674,HDGFL2,2,-4.2821,36,-0.1049,42,0.09973,3,-3.7580,34,-0.2190,60,0.66929,43,0.16433,59,0.63897,49,0.48400
ENSG00000167680,SEMA6B,26,-1.5493,5,-3.7296,24,-1.6460,27,-1.4532,82,0.23194,123,0.86637,95,0.44502,78,0.12320,98,0.69041
ENSG00000185361,TNFAIP8L1,9,-1.6804,3,-3.1116,14,-0.9661,23,-0.2434,25,-0.1378,74,1.63082,45,0.79864,16,-0.8440,30,0.21631
ENSG00000074842,MYDGF,2,-4.8376,87,0.43890,130,1.10162,24,-1.4889,49,-0.4645,74,0.19877,80,0.31340,48,-0.4826,77,0.34752
ENSG00000142002,DPP9,2,-3.3112,23,0.23674,47,1.40866,3,-2.5574,16,-0.3192,19,-0.0491,30,0.64724,16,-0.3089,21,0.12818
ENSG00000176840,MIR7-3HG,2,-4.0162,0,-5.3115,8,-2.0254,33,0.00576,31,-0.0522,118,2.20269,42,0.39308,29,-0.1707,32,-0.0421
ENSG00000141965,FEM1A,2,-3.6127,29,0.29179,24,-0.0525,17,-0.5559,24,-0.0595,21,-0.2330,25,0.06276,32,0.39872,30,0.45647
ENSG00000105355,PLIN3,2,-3.5601,155,3.56437,72,1.86246,0,-5.1088,23,-0.0264,10,-1.2423,1,-4.6745,1,-4.3523,5,-2.5893
ENSG00000127663,KDM4B,2,-2.9698,22,0.56842,32,1.13498,8,-0.9678,14,-0.1299,18,0.25090,12,-0.3703,14,-0.1375,16,0.08408
ENSG00000130254,SAFB2,137,1.57415,46,-0.2092,91,0.87221,44,-0.2876,47,-0.1712,35,-0.6189,39,-0.4692,32,-0.7609,42,-0.4649
ENSG00000160633,SAFB,2,-5.1311,81,0.21328,77,0.13606,82,0.24062,60,-0.2807,69,-0.0367,61,-0.2246,105,0.62881,80,0.27660
ENSG00000130255,RPL36,713,-0.4528,1429,0.64004,1350,0.54718,877,-0.1353,1379,0.64887,657,-0.5790,781,-0.3141,1123,0.25283,686,-0.6494
ENSG00000174917,MICOS13,363,0.61664,222,-0.1583,229,-0.1163,136,-0.9118,245,-0.0096,239,-0.0462,277,0.18203,253,0.04274,248,0.01781
ENSG00000167733,HSD11B1L,23,-1.9334,26,-1.7477,39,-1.1179,12,-2.7876,102,0.37572,122,0.61420,134,0.77512,53,-0.6615,115,0.74368
ENSG00000196365,LONP1,2,-4.5206,41,-0.1758,26,-0.8617,69,0.64176,51,0.16983,49,0.09752,58,0.34762,54,0.23300,50,0.16147
ENSG00000174886,NDUFA11,281,-0.3662,352,-0.0170,343,-0.0553,389,0.14080,356,0.00018,388,0.13677,457,0.39761,264,-0.4567,359,0.02130
ENSG00000031823,RANBP3,34,0.07193,39,0.27640,47,0.57186,25,-0.3991,29,-0.1734,41,0.36397,33,0.02916,11,-1.6611,34,0.07175
ENSG00000130382,MLLT1,104,0.94249,49,-0.2492,56,-0.0524,32,-0.8962,72,0.38076,55,-0.0731,41,-0.5235,41,-0.5121,57,-0.0224
ENSG00000125656,CLPP,23,-1.1739,62,0.33093,58,0.21928,28,-0.8710,44,-0.2464,30,-0.7735,57,0.19812,84,0.80314,56,0.23807
ENSG00000125652,ALKBH7,2,-5.3994,148,0.88997,152,0.93344,75,-0.1912,104,0.34119,56,-0.6485,67,-0.3593,96,0.19452,75,-0.2417
ENSG00000125651,GTF2F1,2,-4.5857,32,-0.6045,53,0.15378,37,-0.4021,49,0.03577,41,-0.2412,73,0.64469,66,0.48130,56,0.32721
ENSG00000088247,KHSRP,2,-4.3624,53,0.39777,75,0.94827,20,-1.1085,45,0.12927,51,0.31857,34,-0.2909,55,0.45097,40,-0.0852
ENSG00000125648,SLC25A23,221,0.57835,84,-0.9174,145,-0.0904,211,0.50443,185,0.32173,134,-0.2026,116,-0.4231,134,-0.2061,144,-0.1203
ENSG00000104833,TUBB4A,311,-0.8518,982,0.95809,496,-0.1356,441,-0.3167,401,-0.4995,709,0.42477,642,0.26672,466,-0.2347,548,0.02570
ENSG00000125730,C3,129,0.66707,209,1.48943,168,1.11176,62,-0.4724,140,0.90384,40,-1.1461,8,-3.4035,53,-0.7159,38,-1.4726
ENSG00000125734,GPR108,2,-3.2695,33,0.86729,28,0.61572,4,-2.2075,23,0.28161,15,-0.3758,23,0.28181,27,0.53154,18,-0.1382
ENSG00000171105,INSR,2,-3.8694,75,1.53836,50,0.86597,11,-1.3995,37,0.42441,30,0.05754,27,-0.1135,8,-1.8963,25,-0.2825
ENSG00000104880,ARHGEF18,2,-3.3389,34,0.83093,7,-1.5950,68,2.04474,16,-0.3337,28,0.48891,15,-0.4644,3,-2.6844,18,-0.1962
ENSG00000198816,ZNF358,18,-1.9494,96,0.55412,151,1.30224,39,-0.8420,83,0.34563,84,0.34676,33,-1.0798,82,0.30150,53,-0.4898
ENSG00000090674,MCOLN1,2,-4.0124,31,-0.0538,7,-2.2358,4,-3.0475,34,0.06552,49,0.64171,76,1.39108,44,0.47013,35,0.18351
ENSG00000032444,PNPLA6,24,-1.7090,59,-0.3792,61,-0.3156,161,1.24584,63,-0.2858,94,0.34768,106,0.55003,59,-0.3767,71,-0.1047
ENSG00000076826,CAMSAP3,24,-0.2999,0,-5.1249,8,-1.8157,53,0.98028,24,-0.3012,36,0.32947,52,0.92566,19,-0.6132,34,0.32863
ENSG00000076924,XAB2,2,-3.6853,30,0.21499,39,0.65709,16,-0.7306,20,-0.3838,36,0.53394,32,0.34895,46,0.93147,23,-0.2045
ENSG00000229833,PET100,164,-0.7921,212,-0.4017,254,-0.1191,372,0.48343,233,-0.2769,247,-0.1645,318,0.23067,329,0.28748,302,0.20052
ENSG00000181029,TRAPPC5,257,0.01516,150,-0.8085,196,-0.4040,272,0.10396,177,-0.6012,266,0.07031,306,0.29037,298,0.24874,303,0.37356
ENSG00000142459,EVI5L,73,0.75486,56,0.31157,70,0.67817,24,-0.9362,42,-0.1302,57,0.35982,43,-0.0905,39,-0.2415,36,-0.4451
ENSG00000183248,PRR36,2,-4.8268,5,-3.4833,24,-1.2862,79,0.52171,66,0.25525,107,1.01128,66,0.21646,58,0.02075,67,0.34876
ENSG00000076984,MAP2K7,2,-3.0886,29,0.85358,8,-1.0989,4,-2.0253,17,0.04113,16,-0.0642,21,0.37060,28,0.76987,19,0.26938
ENSG00000260001,TGFBR3L,140,0.62358,5,-4.3377,2,-5.1730,110,0.24787,81,-0.2589,91,-0.0601,168,0.93110,76,-0.3276,118,0.49095
ENSG00000104976,SNAPC2,13,-0.6700,26,0.42647,18,-0.1520,30,0.64969,16,-0.3034,36,0.93529,24,0.28843,6,-1.6781,18,-0.1890
ENSG00000178531,CTXN1,297,-0.3462,42,-3.2248,131,-1.5747,406,0.13704,403,0.13613,759,1.15779,515,0.51404,294,-0.3617,397,0.13462
ENSG00000104980,TIMM44,2,-3.4741,24,0.11431,24,0.10401,1,-4.4585,27,0.34810,44,1.10822,46,1.15859,15,-0.5917,20,-0.2332
ENSG00000066044,ELAVL1,2,-4.5564,42,-0.1952,31,-0.6235,110,1.37343,39,-0.3048,63,0.44568,41,-0.2152,63,0.45688,46,-0.0531
ENSG00000090661,CERS4,2,-4.0343,85,1.41184,63,0.91742,7,-2.3126,47,0.46349,62,0.87911,36,-0.0028,30,-0.2499,21,-0.9661
ENSG00000167775,CD320,2,-4.3400,22,-0.9262,64,0.71289,82,1.13097,40,-0.0453,46,0.20373,34,-0.2816,44,0.11572,39,-0.0867
ENSG00000267855,NDUFA7,2,-5.9858,117,-0.2195,117,-0.2150,141,0.06960,145,0.12793,100,-0.4630,174,0.39594,182,0.47078,158,0.33605
ENSG00000233927,RPS28,1333,0.08199,2121,0.82908,2027,0.75366,1314,0.05985,1720,0.53994,780,-0.7420,784,-0.7343,917,-0.4965,933,-0.5989
ENSG00000167772,ANGPTL4,2,-2.9956,34,1.21684,102,3.47932,8,-1.0751,14,-0.1424,2,-2.7320,3,-2.4420,1,-3.7752,7,-1.5386
ENSG00000269386,RAB11B-AS1,45,1.54510,49,1.71804,42,1.42565,0,-4.6780,15,-0.2443,3,-2.3799,6,-1.4976,18,0.07273,8,-1.3901
ENSG00000185236,RAB11B,84,-0.3088,138,0.46227,149,0.58581,75,-0.4958,104,0.01387,122,0.26703,96,-0.1084,97,-0.1012,93,-0.2146
ENSG00000099785,MARCH2,2,-3.8738,30,0.05047,50,0.86076,12,-1.3821,39,0.51008,25,-0.2157,30,0.04175,37,0.34214,29,-0.0161
ENSG00000099783,HNRNPM,84,-0.1143,151,0.83072,103,0.21508,51,-0.8584,100,0.17477,86,-0.0716,84,-0.1141,86,-0.0698,81,-0.2034
ENSG00000133250,ZNF414,2,-3.3234,20,-0.0070,19,-0.1145,25,0.31696,23,0.25658,6,-1.7852,28,0.50954,12,-0.7157,26,0.54426
ENSG00000130803,ZNF317,21,0.20922,20,0.09140,1,-3.6557,54,1.77194,13,-0.5591,15,-0.3553,21,0.22265,10,-0.8957,18,-0.0526
ENSG00000198258,UBL5,486,-0.3055,559,-0.0887,665,0.18457,449,-0.4241,542,-0.1484,469,-0.3604,631,0.10242,645,0.13521,675,0.28529
ENSG00000127445,PIN1,411,0.01700,136,-1.6534,147,-1.5347,386,-0.0818,357,-0.2172,364,-0.1717,602,0.62414,615,0.65860,478,0.34781
ENSG00000105088,OLFM2,92,0.62083,17,-1.8819,67,0.11147,54,-0.2187,64,0.05124,17,-1.9234,33,-0.9678,33,-0.9488,91,0.89564
ENSG00000080573,COL5A3,2,-3.9090,13,-1.2032,42,0.52908,36,0.27757,49,0.86653,14,-1.1546,16,-0.9126,20,-0.5842,37,0.46592
ENSG00000130813,SHFL,2,-3.9294,25,-0.3206,17,-0.8398,37,0.30860,30,-0.0309,28,-0.1561,19,-0.7344,42,0.48763,42,0.71013
ENSG00000130811,EIF3G,2,-5.2908,143,0.92601,96,0.28190,85,0.09563,79,-0.0245,66,-0.3055,95,0.26449,65,-0.3215,83,0.07655
ENSG00000130816,DNMT1,2,-3.7687,37,0.47506,23,-0.2724,42,0.67335,20,-0.4861,35,0.38007,30,0.12510,34,0.34151,28,0.06062
ENSG00000105364,MRPL4,17,-2.0360,40,-0.7837,54,-0.3240,17,-2.0624,66,-0.0292,68,0.03731,104,0.69898,100,0.63765,84,0.51249
ENSG00000105376,ICAM5,158,0.95534,7,-3.7239,7,-3.6244,49,-0.8687,45,-1.0820,85,-0.0351,121,0.51674,71,-0.3267,137,1.06102
ENSG00000267673,FDX2,105,-0.1137,28,-2.0594,63,-0.9014,74,-0.6417,99,-0.2254,117,0.05414,145,0.39065,164,0.59092,144,0.53222
ENSG00000161847,RAVER1,2,-2.5675,17,0.58545,46,2.31330,24,1.17156,12,0.01755,6,-1.0659,5,-1.2422,4,-1.4268,6,-1.1562
ENSG00000105397,TYK2,46,1.59917,21,0.33392,34,1.08598,0,-4.6719,14,-0.3648,14,-0.3169,10,-0.8369,20,0.23000,13,-0.5752
ENSG00000105401,CDC37,164,0.36222,61,-1.1399,94,-0.4967,86,-0.6338,95,-0.5217,127,-0.0399,253,1.07507,224,0.87591,123,-0.1169
ENSG00000065989,PDE4A,55,0.18645,8,-2.6169,13,-2.0098,13,-1.9827,55,0.19522,45,-0.1315,45,-0.1190,84,0.85417,66,0.66796
ENSG00000079999,KEAP1,2,-4.5959,93,1.04022,47,-0.0495,38,-0.3635,45,-0.1216,47,-0.0551,48,-0.0335,81,0.81435,46,-0.0913
ENSG00000180739,S1PR5,2,-2.6452,117,4.83663,20,0.76966,0,-4.1997,9,-0.5822,2,-2.7635,2,-2.7002,0,-5.4332,0,-4.5437
ENSG00000130734,ATG4D,2,-3.2442,15,-0.3655,26,0.47282,4,-2.0609,19,-0.0175,13,-0.5023,21,0.14487,26,0.47680,25,0.65185
ENSG00000129347,KRI1,54,1.59441,22,0.13114,11,-0.9459,68,2.03162,14,-0.6339,11,-0.9265,18,-0.2018,13,-0.6654,10,-1.2727
ENSG00000129355,CDKN2D,124,-0.5443,34,-2.4652,97,-0.9206,217,0.32434,155,-0.2213,261,0.62243,284,0.76230,164,-0.1097,201,0.27862
ENSG00000129353,SLC44A2,32,-1.1724,125,0.95234,253,2.22406,17,-2.0586,76,0.16960,84,0.30141,32,-1.1682,51,-0.4546,38,-1.1211
ENSG00000267100,ILF3-DT,76,0.87580,55,0.36153,53,0.28489,65,0.62653,34,-0.4206,53,0.29706,30,-0.5961,49,0.17048,30,-0.7067
ENSG00000129351,ILF3,2,-5.1485,83,0.23582,123,0.86468,66,-0.1272,70,-0.0356,79,0.14743,58,-0.3122,51,-0.5158,82,0.29286
ENSG00000213339,QTRT1,82,1.47827,29,-0.2086,42,0.36675,7,-2.3313,24,-0.5053,40,0.30683,27,-0.2959,28,-0.2594,32,-0.0845
ENSG00000079805,DNM2,67,0.75344,147,2.14052,105,1.51325,0,-5.6884,30,-0.5256,31,-0.4506,16,-1.4663,45,0.13288,18,-1.5506
ENSG00000099203,TMED1,2,-2.9060,35,1.36123,35,1.38007,36,1.44820,12,-0.3690,8,-0.9772,13,-0.2148,3,-2.2686,10,-0.8197
ENSG00000142453,CARM1,2,-4.3329,15,-1.4572,45,0.15892,38,-0.1050,40,-0.0060,74,0.97309,48,0.25637,30,-0.4341,48,0.38280
ENSG00000130733,YIPF2,2,-3.7584,29,0.10486,13,-1.0962,125,2.70348,15,-0.9044,16,-0.7655,39,0.56984,15,-0.9158,21,-0.5357
ENSG00000142444,TIMM29,2,-2.6620,16,0.34367,6,-1.1477,0,-4.2163,12,0.00172,14,0.18467,12,-0.0360,15,0.31607,18,0.82770
ENSG00000127616,SMARCA4,46,-0.7700,44,-0.8279,67,-0.1989,111,0.59104,72,-0.0859,98,0.39274,84,0.14596,103,0.47752,73,-0.0793
ENSG00000105514,RAB3D,2,-2.9713,4,-1.8021,9,-0.7409,5,-1.5968,14,-0.1141,12,-0.4053,15,-0.0955,21,0.43374,26,1.25823
ENSG00000105518,TMEM205,94,-0.3316,98,-0.2670,136,0.24194,160,0.50486,101,-0.2277,125,0.11041,143,0.33019,103,-0.1862,112,-0.0684
ENSG00000105520,PLPPR2,40,-1.7413,18,-2.9102,78,-0.7412,196,0.68931,101,-0.3858,241,1.02972,119,-0.1040,105,-0.2897,164,0.55755
ENSG00000130175,PRKCSH,41,-1.1824,248,1.69399,238,1.61914,18,-2.3932,81,-0.1785,93,0.05111,53,-0.8024,72,-0.3313,60,-0.7662
ENSG00000196361,ELAVL3,2,-6.5652,288,0.63762,140,-0.4898,148,-0.4110,203,0.08840,208,0.12045,179,-0.1112,341,0.91816,198,0.06002
ENSG00000130159,ECSIT,33,-0.7374,24,-1.1664,43,-0.3238,64,0.28561,44,-0.3044,65,0.31851,72,0.48424,64,0.29821,59,0.22678
ENSG00000130165,ELOF1,2,-4.0877,49,0.58329,63,0.98635,11,-1.6908,38,0.19290,39,0.22941,46,0.47189,18,-0.9784,35,0.02913
ENSG00000173875,ZNF791,2,-3.4656,27,0.33642,23,0.04877,57,1.55077,15,-0.6526,14,-0.6837,17,-0.3718,47,1.23284,17,-0.4580
ENSG00000123154,WDR83,2,-3.2542,16,-0.2934,14,-0.5004,56,1.77244,14,-0.5117,20,0.08419,18,-0.0778,21,0.17827,18,-0.0743
ENSG00000105583,WDR83OS,112,-0.4992,274,0.91657,230,0.62437,152,-0.0337,135,-0.2292,125,-0.3375,160,0.05258,166,0.10474,132,-0.3289
ENSG00000095059,DHPS,34,-1.0565,66,-0.0410,68,0.00461,115,0.83065,47,-0.5990,51,-0.4383,65,-0.0772,58,-0.2626,84,0.44563
ENSG00000105576,TNPO2,58,-0.5911,46,-0.9194,63,-0.4618,119,0.53773,95,0.19026,119,0.53142,80,-0.0854,109,0.39174,80,-0.1237
ENSG00000123144,TRIR,157,-0.3792,273,0.48520,253,0.36407,151,-0.4342,192,-0.0733,156,-0.3875,189,-0.0933,244,0.30561,200,-0.0026
ENSG00000198356,GET3,16,-2.6391,73,-0.4208,75,-0.3750,113,0.26641,84,-0.2270,104,0.12435,127,0.45010,123,0.39815,111,0.32626
ENSG00000171223,JUNB,49,0.16620,31,-0.5434,162,2.20799,4,-3.4277,36,-0.3506,30,-0.5991,57,0.39471,21,-1.1343,38,-0.3205
ENSG00000167815,PRDX2,396,-0.4726,197,-1.5196,444,-0.2970,425,-0.3653,493,-0.1458,485,-0.1609,900,0.82617,867,0.76309,573,0.13308
ENSG00000132026,RTBDN,2,-3.0535,2,-3.1837,0,-7.9017,24,0.58054,13,-0.4048,25,0.63670,46,1.69548,11,-0.6142,20,0.40333
ENSG00000105613,MAST1,69,-0.1232,7,-3.3831,44,-0.8024,67,-0.1772,68,-0.1627,122,0.78370,82,0.13700,93,0.34226,88,0.35285
ENSG00000105612,DNASE2,2,-3.5917,14,-0.8012,59,1.47083,79,1.98552,24,0.02174,40,0.80704,11,-1.1327,9,-1.5083,13,-1.1841
ENSG00000105607,GCDH,2,-2.8577,27,0.97207,15,0.07859,10,-0.6035,18,0.33755,24,0.79499,17,0.24554,12,-0.2428,11,-0.4428
ENSG00000179115,FARSA,125,0.58015,42,-1.0860,32,-1.4746,52,-0.7594,73,-0.2909,76,-0.1975,140,0.77201,90,0.06312,105,0.42445
ENSG00000179218,CALR,13,-4.0659,276,0.48775,471,1.38452,247,0.30829,178,-0.2205,256,0.36708,156,-0.4045,193,-0.0755,167,-0.3871
ENSG00000179262,RAD23A,2,-5.9941,126,-0.0294,115,-0.1793,176,0.49422,118,-0.1424,132,0.04136,128,-0.0100,184,0.56634,143,0.23180
ENSG00000179271,GADD45GIP1,266,0.39474,139,-0.6169,225,0.13062,325,0.72033,212,0.04157,233,0.18195,217,0.07147,128,-0.7409,184,-0.2403
ENSG00000008441,NFIX,45,-1.1873,206,1.21261,260,1.62010,22,-2.1963,124,0.41064,125,0.38538,49,-1.0396,107,0.13757,52,-1.1661
ENSG00000104907,TRMT1,2,-3.1317,19,-0.1041,11,-0.8995,37,0.96335,19,-0.0738,21,0.08982,18,-0.1364,25,0.33362,23,0.22474
ENSG00000160877,NACC1,58,0.45552,31,-0.5178,10,-2.1254,56,0.40313,40,-0.1447,47,0.11967,26,-0.7626,34,-0.3756,56,0.54290
ENSG00000104915,STX10,4,-2.3722,34,0.72820,36,0.83792,4,-2.3113,18,-0.2883,31,0.59040,16,-0.4003,28,0.42662,22,0.05259
ENSG00000160888,IER2,2,-2.9497,9,-0.7397,59,2.28387,15,-0.0689,23,0.67746,13,-0.3014,8,-0.9203,1,-3.5658,12,-0.4792
ENSG00000141837,CACNA1A,2,-4.9858,11,-2.5315,12,-2.4041,153,1.42831,46,-0.5281,78,0.32192,82,0.39657,98,0.68651,75,0.34652
ENSG00000104957,CCDC130,3,-2.1694,19,0.58523,6,-1.1072,5,-1.3965,12,-0.0876,20,0.66447,15,0.20590,19,0.58593,14,0.22019
ENSG00000037757,MRI1,2,-2.4196,26,1.41979,4,-1.3967,17,0.76352,16,0.75799,7,-0.6635,3,-1.6582,3,-1.6836,11,0.02625
ENSG00000104979,C19orf53,48,-1.9933,207,0.22370,242,0.46801,122,-0.5908,192,0.11587,153,-0.2529,223,0.33640,145,-0.3348,203,0.26352
ENSG00000187556,NANOS3,2,-3.8785,11,-1.4983,28,-0.0664,5,-2.6131,46,0.80322,34,0.20975,41,0.53517,32,0.12655,34,0.33151
ENSG00000132024,CC2D1A,36,0.65658,17,-0.5200,5,-2.3101,2,-3.5536,18,-0.4122,28,0.26281,24,0.04575,28,0.27445,33,0.72511
ENSG00000141854,MISP3,2,-3.5848,31,0.39408,24,-0.0175,0,-5.1210,31,0.46271,34,0.54313,24,0.01655,32,0.44613,26,0.13259
ENSG00000141858,SAMD1,6,-2.6840,48,0.38341,81,1.24370,7,-2.4060,45,0.31021,64,0.85219,19,-1.0399,55,0.60207,30,-0.4702
ENSG00000072062,PRKACA,32,-1.7336,34,-1.6388,92,-0.1500,151,0.62638,74,-0.5200,130,0.37902,126,0.33986,143,0.53835,117,0.28946
ENSG00000072071,ADGRL1,2,-6.0637,45,-1.6534,57,-1.3077,209,0.69425,120,-0.1914,226,0.82122,196,0.59404,90,-0.6270,173,0.54238
ENSG00000123136,DDX39A,2,-2.7901,32,1.36721,31,1.29730,22,0.73072,12,-0.2186,12,-0.2411,8,-0.8143,5,-1.3222,11,-0.4837
ENSG00000123143,PKN1,2,-3.7398,50,0.99197,55,1.16029,38,0.53861,33,0.35297,10,-1.4546,27,-0.0095,13,-1.1227,22,-0.3740
ENSG00000123159,GIPC1,3,-4.0156,121,1.21308,47,-0.2999,86,0.64370,48,-0.2825,47,-0.2889,71,0.34603,67,0.26077,51,-0.2365
ENSG00000132002,DNAJB1,3,-4.7770,87,0.19718,93,0.30448,120,0.71290,71,-0.1269,85,0.15860,92,0.28849,89,0.24099,71,-0.1471
ENSG00000099797,TECR,87,-1.2489,458,1.37849,369,1.00997,147,-0.4504,209,0.09625,202,0.03568,156,-0.3601,172,-0.2178,140,-0.6763
ENSG00000099795,NDUFB7,412,0.14549,354,-0.0916,531,0.54890,500,0.45325,358,-0.0831,235,-0.7169,343,-0.1401,473,0.36436,330,-0.2645
ENSG00000105143,SLC1A6,2,-3.1668,0,-4.5665,0,-5.6732,4,-2.2569,15,-0.2341,65,2.17663,27,0.64075,38,1.21954,16,-0.1677
ENSG00000105135,ILVBL,2,-4.1451,41,0.23023,55,0.68397,74,1.17658,22,-0.7517,26,-0.4656,30,-0.2706,39,0.16464,38,0.11726
ENSG00000074181,NOTCH3,2,-2.3537,6,-0.7464,25,1.49266,0,-3.9111,27,1.85061,6,-0.7717,1,-2.6931,5,-1.0651,8,-0.4337
ENSG00000141867,BRD4,2,-5.1925,41,-0.8963,48,-0.6684,109,0.60478,67,-0.1789,123,0.80268,57,-0.3932,113,0.66768,85,0.28133
ENSG00000105127,AKAP8,2,-2.6807,15,0.25964,6,-0.9639,0,-4.2349,16,0.44057,15,0.25975,17,0.49820,21,0.82501,14,0.13838
ENSG00000011243,AKAP8L,2,-4.3108,43,0.12387,33,-0.2815,10,-2.0100,51,0.41630,46,0.24056,56,0.53486,31,-0.3854,49,0.43639
ENSG00000011451,WIZ,2,-3.6664,19,-0.4401,21,-0.3070,5,-2.2186,35,0.56121,33,0.39442,16,-0.6527,20,-0.3874,36,0.78940
ENSG00000167460,TPM4,2,-4.7641,112,1.15482,84,0.68729,33,-0.7552,58,0.10094,49,-0.1845,60,0.13413,68,0.33287,47,-0.3033
ENSG00000167461,RAB8A,2,-3.2257,34,0.95094,29,0.69463,0,-4.7762,15,-0.3444,15,-0.2862,25,0.43077,22,0.22489,21,0.28690
ENSG00000105058,FAM32A,6,-3.5604,45,-0.6108,61,-0.1540,69,0.04821,79,0.28945,80,0.28337,89,0.45500,71,0.09989,73,0.17319
ENSG00000072958,AP1M1,3,-4.5036,48,-0.7506,57,-0.5036,82,0.05857,56,-0.5641,123,0.70770,116,0.61123,61,-0.3794,105,0.65286
ENSG00000127527,EPS15L1,2,-3.3382,9,-1.1637,43,1.19977,21,0.04108,17,-0.3016,28,0.49261,21,0.06339,19,-0.1229,22,0.15896
ENSG00000085872,CHERP,78,1.21254,24,-0.6396,15,-1.3680,32,-0.2320,18,-1.1457,50,0.48332,38,0.01968,46,0.33618,41,0.19030
ENSG00000127526,SLC35E1,2,-3.7004,13,-0.9743,44,0.85144,8,-1.6347,29,0.16227,42,0.76172,42,0.77589,20,-0.4303,27,0.08330
ENSG00000214046,SMIM7,107,0.60921,102,0.53238,93,0.38092,67,-0.1253,59,-0.3494,66,-0.1586,64,-0.2093,55,-0.4316,69,-0.1147
ENSG00000269044,AC024075.2,2,-2.8991,7,-1.1676,25,0.67718,51,1.92909,15,-0.1321,10,-0.6177,6,-1.4472,11,-0.5232,16,0.05878
ENSG00000072954,TMEM38A,91,0.91146,11,-2.2686,38,-0.4506,31,-0.7526,31,-0.8062,93,0.96513,46,-0.1679,27,-0.9636,66,0.57747
ENSG00000127511,SIN3B,2,-5.0859,15,-2.2284,35,-1.0154,114,0.80983,57,-0.2960,152,1.30086,102,0.63261,73,0.10489,70,0.06275
ENSG00000099331,MYO9B,2,-3.1891,72,2.35537,26,0.53291,50,1.66288,21,0.24800,4,-2.1076,15,-0.3126,2,-2.8487,6,-1.9253
ENSG00000053501,USE1,2,-4.5392,50,0.10673,53,0.19731,18,-1.4398,48,0.03504,62,0.43882,53,0.19583,46,-0.0192,57,0.43558
ENSG00000099330,OCEL1,2,-3.2159,15,-0.3292,17,-0.1536,22,0.23639,20,0.09255,14,-0.3930,35,1.01279,21,0.17831,19,0.06681
ENSG00000160113,NR2F6,2,-4.2845,14,-1.4997,34,-0.2084,33,-0.2389,32,-0.3067,52,0.44440,42,0.09981,38,-0.0628,57,0.86885
ENSG00000105393,BABAM1,171,0.53187,58,-1.1281,76,-0.7248,68,-0.8916,112,-0.1455,160,0.42364,155,0.38135,162,0.45257,128,0.10081
ENSG00000127220,ABHD8,25,-1.6502,12,-2.6858,36,-1.0779,61,-0.2935,67,-0.1626,105,0.54959,105,0.54820,62,-0.2741,106,0.81133
ENSG00000130312,MRPL34,68,-0.2924,63,-0.4022,89,0.12375,107,0.42987,78,-0.0762,85,0.06857,125,0.67823,54,-0.6430,79,-0.0729
ENSG00000130311,DDA1,2,-5.4254,41,-1.1416,52,-0.7634,62,-0.5231,91,0.08854,109,0.35762,116,0.46352,125,0.57970,109,0.51103
ENSG00000074855,ANO8,9,-0.9987,11,-0.6006,42,1.49719,0,-4.6343,17,0.01762,9,-0.9123,15,-0.1744,5,-1.7825,23,0.72689
ENSG00000130303,BST2,2,-3.3916,39,0.67234,120,2.77540,0,-4.9756,48,1.17998,8,-1.5986,2,-3.3129,16,-0.6308,10,-1.5593
ENSG00000141971,MVB12A,7,-0.8892,27,1.12508,24,0.87095,3,-2.2140,17,0.40379,4,-1.6320,6,-1.1923,36,1.57751,9,-0.8408
ENSG00000130304,SLC27A1,2,-3.9233,75,1.48233,100,2.00216,28,-0.1236,37,0.35207,26,-0.2129,11,-1.4903,11,-1.4814,17,-1.1061
ENSG00000130313,PGLS,3,-3.6086,63,0.87939,95,1.57775,37,0.04423,38,0.07808,25,-0.5777,40,0.15378,16,-1.2390,29,-0.4218
ENSG00000130309,COLGALT1,2,-2.8845,15,-0.3026,16,-0.2234,50,1.67848,13,-0.5442,19,0.10260,9,-1.0957,24,0.44704,19,0.05469
ENSG00000130477,UNC13A,107,-0.3232,4,-4.9576,17,-3.0525,89,-0.6105,98,-0.5007,208,0.72221,158,0.27458,128,-0.0528,204,1.01116
ENSG00000130479,MAP1S,88,0.31926,37,-1.0181,32,-1.2356,55,-0.3942,48,-0.6597,80,0.17667,86,0.29440,56,-0.3688,100,0.76246
ENSG00000130475,FCHO1,2,-3.0241,44,1.63475,11,-0.5451,5,-1.5460,17,0.07042,5,-1.5905,20,0.35990,15,-0.1389,18,0.26607
ENSG00000105640,RPL18A,448,-0.3654,1129,1.11500,923,0.77654,446,-0.3746,742,0.46905,367,-0.6730,357,-0.7149,469,-0.2961,440,-0.5055
ENSG00000007080,CCDC124,89,-0.1582,81,-0.3075,90,-0.1333,124,0.36229,116,0.27841,97,-0.0217,115,0.24880,103,0.06669,87,-0.2420
ENSG00000105642,KCNN1,164,1.87136,5,-3.4932,34,-0.7058,40,-0.4632,70,0.46941,68,0.36196,36,-0.6165,52,-0.0567,40,-0.5747
ENSG00000105643,ARRDC2,35,0.69956,98,2.55044,56,1.46447,0,-4.8065,12,-0.9675,20,-0.1549,14,-0.7408,5,-2.0784,10,-1.4338
ENSG00000099308,MAST3,75,-1.6885,119,-1.0027,119,-1.0039,81,-1.5766,179,-0.4170,551,1.43310,301,0.42396,271,0.25664,280,0.42158
ENSG00000105647,PIK3R2,42,-0.5243,22,-1.4596,28,-1.1280,12,-2.3925,70,0.31430,121,1.16534,56,-0.0700,90,0.68603,63,0.14722
ENSG00000254858,MPV17L2,2,-2.9418,14,-0.0899,4,-1.7425,51,1.99840,12,-0.3301,18,0.22707,16,0.06962,4,-1.8568,16,0.11177
ENSG00000105649,RAB3A,247,-0.8830,40,-3.5299,162,-1.5083,460,0.07204,307,-0.5935,542,0.32916,701,0.74654,575,0.42512,593,0.67458
ENSG00000130522,JUND,134,-1.1121,366,0.43747,348,0.35789,232,-0.2795,286,0.05396,419,0.65866,261,-0.0970,245,-0.1949,257,-0.1531
ENSG00000130520,LSM4,135,-0.4275,91,-1.0212,120,-0.6119,146,-0.3115,158,-0.2084,229,0.39071,275,0.68832,206,0.22449,201,0.25151
ENSG00000130517,PGPEP1,2,-2.5005,24,1.19506,14,0.31439,0,-4.0855,17,0.70267,12,0.05632,9,-0.3731,2,-2.6466,13,0.24383
ENSG00000130511,SSBP4,71,-0.7824,20,-2.6280,68,-0.8530,160,0.46917,111,-0.1041,207,0.89247,111,-0.1043,108,-0.1473,144,0.41689
ENSG00000105701,FKBP8,234,-0.3448,222,-0.4242,228,-0.3854,364,0.34353,302,0.05740,332,0.19885,325,0.16768,314,0.11200,294,0.01391
ENSG00000105700,KXD1,2,-4.6089,96,1.07919,89,0.94753,30,-0.7500,45,-0.1575,71,0.58467,55,0.17420,24,-1.0584,45,-0.1532
ENSG00000221983,UBA52,902,0.53529,972,0.65696,734,0.20742,551,-0.2411,720,0.19421,568,-0.1934,459,-0.5197,855,0.45057,471,-0.6128
ENSG00000006016,CRLF1,2,-2.8451,0,-7.6212,21,0.63573,7,-1.0665,29,1.31132,13,-0.1883,2,-2.6324,5,-1.6080,19,0.68214
ENSG00000006015,REX1BD,251,0.65017,112,-0.6187,113,-0.5935,170,0.03310,144,-0.2458,130,-0.3827,207,0.33672,172,0.04964,181,0.17636
ENSG00000105696,TMEM59L,402,-0.7615,68,-3.3646,184,-1.9209,607,-0.1298,452,-0.6261,1534,1.38529,824,0.35119,869,0.43546,796,0.41007
ENSG00000167487,KLHL26,33,0.55140,18,-0.4272,39,0.80562,16,-0.5924,21,-0.1850,39,0.83228,21,-0.1390,10,-1.2935,21,-0.1713
ENSG00000105662,CRTC1,40,-0.1652,14,-1.7123,41,-0.1414,61,0.46899,56,0.36754,72,0.73787,57,0.35982,37,-0.2842,38,-0.3414
ENSG00000005007,UPF1,2,-4.1181,50,0.57277,36,0.05837,61,0.89457,32,-0.1198,49,0.54201,32,-0.1364,32,-0.1189,31,-0.2093
ENSG00000223802,CERS1,2,-4.8837,90,0.65974,122,1.15952,45,-0.4323,62,0.07325,71,0.27935,46,-0.3977,41,-0.5639,58,-0.0492
ENSG00000105669,COPE,98,-0.7729,205,0.36426,186,0.21335,142,-0.2025,161,-0.0173,131,-0.3275,151,-0.1101,189,0.23719,172,0.11756
ENSG00000105671,DDX49,86,1.11247,39,-0.1626,51,0.25195,27,-0.6953,37,-0.2465,39,-0.1764,34,-0.3526,63,0.57959,37,-0.3000
ENSG00000051128,HOMER3,2,-3.0503,71,2.54253,40,1.45051,28,0.84595,14,-0.2488,3,-2.4132,6,-1.5033,5,-1.7190,8,-1.3773
ENSG00000064607,SUGP2,54,-0.8835,42,-1.2365,66,-0.5860,93,-0.0487,65,-0.6373,140,0.59032,123,0.38619,103,0.10676,125,0.57763
ENSG00000105676,ARMC6,2,-3.4052,14,-0.5965,17,-0.3254,3,-2.7612,18,-0.2955,34,0.76879,30,0.54057,24,0.20060,29,0.68412
ENSG00000181035,SLC25A42,7,-1.2454,8,-1.1427,9,-0.9626,6,-1.5345,13,-0.4643,15,-0.2076,16,-0.1152,49,1.69662,22,0.54184
ENSG00000064545,TMEM161A,2,-2.9150,20,0.43532,19,0.39934,13,-0.2182,10,-0.6404,8,-0.8447,34,1.29580,23,0.67670,14,-0.1518
ENSG00000254901,BORCS8,2,-4.8160,21,-1.4592,64,0.20179,87,0.67739,36,-0.7386,48,-0.2631,93,0.79505,96,0.84299,63,0.23236
ENSG00000064490,RFXANK,2,-3.3375,41,1.12699,24,0.27259,13,-0.6851,29,0.62545,21,0.05754,14,-0.5336,13,-0.6251,19,-0.1039
ENSG00000130287,NCAN,4,-4.1253,16,-2.2617,180,1.47560,47,-0.6773,98,0.50055,74,0.02448,70,-0.0777,52,-0.5217,79,0.14635
ENSG00000187664,HAPLN4,2,-3.3141,5,-2.0321,4,-2.2594,19,-0.1020,40,1.28527,20,-0.0130,18,-0.1515,15,-0.3708,24,0.39520
ENSG00000105705,SUGP1,2,-3.2741,14,-0.4874,7,-1.5005,15,-0.4027,26,0.49765,23,0.26027,31,0.77326,30,0.71599,19,-0.0023
ENSG00000129933,MAU2,33,0.46041,50,1.13608,15,-0.7756,34,0.47562,17,-0.6442,33,0.46470,24,-0.0500,14,-0.8839,21,-0.2869
ENSG00000167491,GATAD2A,2,-2.6992,20,0.71758,23,0.88823,0,-4.2375,14,0.11389,5,-1.2708,5,-1.2791,21,0.78792,16,0.41455
ENSG00000186010,NDUFA13,480,-0.4122,539,-0.2346,751,0.28389,843,0.46953,681,0.14343,508,-0.3265,521,-0.2855,660,0.08069,621,-0.0194
ENSG00000250067,YJEFN3,2,-6.3695,12,-3.9382,61,-1.5795,114,-0.6394,143,-0.3291,153,-0.1988,155,-0.1740,560,1.98204,229,0.61560
ENSG00000105726,ATP13A1,2,-3.5132,15,-0.6100,16,-0.4952,20,-0.1754,22,-0.0302,44,1.04695,31,0.48045,21,-0.1362,25,0.23726
ENSG00000081665,ZNF506,2,-3.1143,20,0.27035,6,-1.4969,0,-4.2913,15,-0.2634,36,1.15717,19,0.12271,17,0.00288,24,0.69067
ENSG00000188171,ZNF626,2,-2.5240,10,-0.1800,17,0.60125,0,-4.0060,10,-0.2737,18,0.75335,25,1.27683,5,-1.0621,13,0.20993
ENSG00000196268,ZNF493,2,-2.4545,12,0.20542,0,-7.0538,27,1.44596,12,0.20692,13,0.25929,12,0.21718,8,-0.3585,10,-0.0648
ENSG00000197013,ZNF429,2,-2.6297,11,-0.1524,18,0.63119,8,-0.7043,10,-0.3364,24,1.03118,12,-0.0820,5,-1.2502,15,0.43772
ENSG00000167232,ZNF91,10,-2.3138,28,-0.8585,24,-1.0724,144,1.78229,68,0.55885,76,0.68978,35,-0.5159,32,-0.6434,39,-0.4677
ENSG00000213096,ZNF254,2,-2.1851,10,0.17928,8,-0.0656,0,-3.6287,14,0.72758,13,0.61092,11,0.25704,3,-1.4414,10,0.28128
ENSG00000261824,LINC00662,2,-4.1007,20,-0.8308,17,-1.0472,20,-0.7876,26,-0.4389,47,0.48926,59,0.85884,62,0.94371,42,0.42175
ENSG00000169021,UQCRFS1,173,-0.5980,120,-1.1464,128,-1.0521,97,-1.4727,226,-0.2100,273,0.10243,463,0.95494,296,0.23171,331,0.57052
ENSG00000187135,VSTM2B,36,-0.7505,40,-0.5761,30,-1.0314,38,-0.6468,28,-1.1739,92,0.71165,118,1.13545,46,-0.3613,76,0.58404
ENSG00000105171,POP4,2,-4.2228,30,-0.3581,48,0.40183,51,0.49167,33,-0.2191,47,0.36726,55,0.59996,31,-0.2878,39,0.09741
ENSG00000131943,C19orf12,63,0.18531,14,-2.0247,37,-0.6344,62,0.15608,36,-0.7228,80,0.56752,80,0.57036,82,0.60004,59,0.12236
ENSG00000105176,URI1,79,0.71009,57,0.17740,49,-0.0392,36,-0.5254,55,0.13739,45,-0.1781,42,-0.2874,31,-0.7652,52,0.07089
ENSG00000198597,ZNF536,39,0.30212,132,2.44770,78,1.43953,16,-1.0316,12,-1.5873,7,-2.1761,6,-2.3943,39,0.31553,19,-0.9594
ENSG00000121297,TSHZ3,2,-2.5513,3,-2.0192,0,-4.7205,9,-0.4368,10,-0.1595,40,2.09065,7,-0.7328,8,-0.6169,15,0.60566
ENSG00000168813,ZNF507,69,2.09031,28,0.53906,24,0.25181,14,-0.4876,9,-1.1666,18,-0.1252,17,-0.2448,8,-1.3112,15,-0.4961
ENSG00000178904,DPY19L3,2,-3.2349,37,1.07068,36,1.01327,13,-0.5778,31,0.87720,6,-1.7070,13,-0.5803,8,-1.1742,17,-0.1801
ENSG00000105185,PDCD5,162,-0.1634,141,-0.3757,156,-0.2287,118,-0.6542,155,-0.2576,115,-0.6935,263,0.60097,264,0.60727,204,0.26319
ENSG00000105186,ANKRD27,2,-3.0991,12,-0.5145,2,-3.0234,36,1.20752,18,0.11478,19,0.18006,23,0.45024,10,-0.7970,20,0.37091
ENSG00000130881,LRP3,2,-3.7184,7,-1.9491,13,-1.0746,4,-2.7822,44,0.93363,13,-1.0899,8,-1.6815,46,0.89922,40,0.98082
ENSG00000130876,SLC7A10,2,-2.3525,0,-3.7800,14,0.49324,3,-1.6724,22,1.47066,4,-1.2511,0,-3.8275,6,-0.7734,14,0.74115
ENSG00000245848,CEBPA,2,-2.9667,21,0.48075,19,0.32503,25,0.71056,16,0.05716,12,-0.3444,25,0.77371,26,0.77481,10,-0.8247
ENSG00000153879,CEBPG,2,-3.6341,14,-0.8127,18,-0.4901,33,0.45242,23,-0.1276,33,0.45016,28,0.18990,20,-0.3422,32,0.56271
ENSG00000124299,PEPD,3,-3.9967,115,1.22769,65,0.29942,36,-0.6276,50,-0.1278,45,-0.2749,71,0.44018,66,0.30862,50,-0.1563
ENSG00000124302,CHST8,2,-2.6884,3,-2.2087,2,-2.7999,15,0.23371,15,0.25672,2,-2.6699,36,1.69319,6,-1.0011,18,0.73282
ENSG00000153885,KCTD15,2,-2.5023,14,0.36824,44,2.33696,2,-2.5156,13,0.29408,2,-2.0624,4,-1.4561,26,1.35305,6,-1.1085
ENSG00000257103,LSM14A,2,-4.1850,65,0.92135,88,1.44501,15,-1.3299,35,-0.0699,41,0.19815,19,-1.0105,31,-0.2266,36,-0.0455
ENSG00000166398,KIAA0355,2,-2.7342,47,2.11750,15,0.15810,25,1.02621,9,-0.5325,8,-0.6660,5,-1.3117,12,-0.1120,10,-0.6040
ENSG00000105220,GPI,263,-0.8004,78,-2.6061,279,-0.7147,494,0.16819,295,-0.6724,645,0.59376,706,0.74024,663,0.63723,514,0.31377
ENSG00000126249,PDCD2L,2,-2.4701,7,-0.6366,5,-1.1197,20,0.92859,8,-0.5568,7,-0.6198,22,1.10105,6,-0.8426,14,0.60283
ENSG00000126261,UBA2,2,-5.2424,62,-0.3235,53,-0.5692,132,0.88187,58,-0.4566,121,0.73146,89,0.23458,96,0.35447,81,0.11525
ENSG00000089335,ZNF302,85,1.22768,54,0.48371,56,0.53608,6,-2.7075,26,-0.6723,27,-0.5888,38,-0.0494,46,0.23115,38,-0.0980
ENSG00000089351,GRAMD1A,86,1.05129,20,-1.1899,35,-0.3692,142,1.93869,28,-0.7549,22,-1.0454,32,-0.5258,31,-0.5635,39,-0.2605
ENSG00000105711,SCN1B,2,-4.8764,41,-0.5654,16,-1.9754,31,-0.9857,59,-0.0044,7,-3.1312,72,0.31655,79,0.46148,101,1.30217
ENSG00000153902,LGI4,53,-0.2052,100,0.80224,137,1.33045,9,-2.8432,62,0.04285,45,-0.4627,57,-0.0952,47,-0.4021,54,-0.2321
ENSG00000266964,FXYD1,309,0.88035,179,0.00689,457,1.55244,26,-2.8643,285,0.83902,88,-1.0683,118,-0.6387,141,-0.3645,108,-0.9524
ENSG00000221946,FXYD7,2,-6.5770,42,-2.2672,121,-0.7079,101,-0.9922,188,-0.0457,419,1.26440,346,0.94128,260,0.47360,210,0.18164
ENSG00000105698,USF2,7,-3.7923,129,0.48197,156,0.78983,108,0.19980,110,0.25016,63,-0.6220,59,-0.7194,125,0.43044,92,-0.0649
ENSG00000105695,MAG,33,-2.5212,1430,4.19879,342,1.02390,28,-2.7813,119,-0.6964,84,-1.1654,18,-3.4186,45,-2.0836,35,-2.7918
ENSG00000105677,TMEM147,145,0.71563,103,0.17901,74,-0.3324,173,1.01532,58,-0.7645,66,-0.5138,66,-0.5230,96,0.06090,90,-0.0485
ENSG00000126254,RBM42,2,-4.4180,89,1.18100,55,0.40173,14,-1.6998,48,0.20456,35,-0.2908,59,0.50736,64,0.64234,35,-0.3767
ENSG00000126267,COX6B1,336,-0.8235,450,-0.3801,586,0.03104,557,-0.0479,560,-0.0443,545,-0.0836,711,0.33534,534,-0.1161,659,0.29242
ENSG00000272333,KMT2B,2,-2.4713,14,0.37239,6,-0.9310,0,-4.0275,14,0.36573,8,-0.5049,11,0.05406,14,0.35072,15,0.70367
ENSG00000161265,U2AF1L4,2,-3.0795,21,0.35718,14,-0.2623,15,-0.1702,19,0.22974,26,0.69503,40,1.41757,7,-1.3201,14,-0.4081
ENSG00000205155,PSENEN,42,-0.8910,86,0.21420,104,0.51486,168,1.31003,48,-0.7194,63,-0.2749,72,-0.0561,54,-0.5049,73,-0.0686
ENSG00000267796,LIN37,2,-2.8870,13,-0.2068,10,-0.5625,16,0.14545,13,-0.2412,11,-0.4149,19,0.40398,9,-0.6468,21,0.83211
ENSG00000004777,ARHGAP33,2,-4.1473,23,-0.6483,27,-0.4305,66,0.99549,31,-0.2229,89,1.50912,14,-1.3859,37,0.05031,35,-0.0027
ENSG00000105290,APLP1,215,-1.6109,1862,1.84134,582,-0.1048,297,-1.1293,375,-0.8328,882,0.55306,529,-0.2535,812,0.42000,542,-0.2821
ENSG00000011600,TYROBP,99,1.55263,94,1.45189,90,1.38143,6,-2.7940,60,0.77804,17,-1.1883,6,-2.5973,13,-1.6285,14,-1.7758
ENSG00000126243,LRFN3,2,-3.4329,4,-2.3442,27,0.32648,1,-3.8602,18,-0.2663,32,0.64343,33,0.65563,26,0.31664,30,0.70024
ENSG00000205138,SDHAF1,2,-3.8661,43,0.58248,21,-0.4727,16,-0.9534,22,-0.4979,43,0.61317,43,0.59374,41,0.52890,32,0.20855
ENSG00000239382,ALKBH6,2,-4.1350,19,-0.9069,20,-0.8404,39,0.17141,30,-0.2408,14,-1.3903,77,1.26108,33,-0.0898,48,0.69957
ENSG00000105270,CLIP3,6,-5.6637,130,-1.2039,177,-0.7386,468,0.78028,254,-0.2058,395,0.50413,323,0.18272,266,-0.1228,366,0.53249
ENSG00000105258,POLR2I,2,-6.5164,460,1.17397,283,0.37488,134,-0.7876,234,0.08169,182,-0.3203,183,-0.3100,300,0.46709,223,-0.0044
ENSG00000105254,TBCB,324,0.33255,512,1.08118,281,0.10385,207,-0.3675,185,-0.5810,192,-0.4861,300,0.20744,320,0.31205,227,-0.2927
ENSG00000126247,CAPNS1,221,-0.4627,204,-0.5843,237,-0.3602,319,0.10585,249,-0.3045,225,-0.4397,518,0.88368,275,-0.1253,346,0.31866
ENSG00000161281,COX7A1,337,0.79863,33,-2.6971,139,-0.5934,208,0.03075,221,0.13848,285,0.52909,207,0.02153,202,-0.0155,200,-0.0410
ENSG00000167635,ZNF146,6,-1.9029,51,1.29562,34,0.62231,17,-0.4515,27,0.27807,16,-0.5500,15,-0.5904,17,-0.4567,22,-0.1004
ENSG00000232677,LINC00665,2,-2.8687,17,0.21891,8,-0.7795,0,-4.4212,17,0.25036,30,1.13999,17,0.25392,10,-0.5855,18,0.42779
ENSG00000142065,ZFP14,2,-2.6895,19,0.61420,11,-0.1826,3,-1.9641,11,-0.1781,16,0.39486,8,-0.6173,11,-0.2202,18,0.75933
ENSG00000186020,ZNF529,2,-4.1035,31,-0.1609,22,-0.6484,63,0.95782,21,-0.7990,52,0.64450,35,0.01993,83,1.42451,30,-0.2985
ENSG00000196967,ZNF585A,2,-2.8275,20,0.52259,21,0.64312,4,-1.6394,10,-0.5007,19,0.45273,12,-0.2808,13,-0.1108,18,0.51368
ENSG00000245680,ZNF585B,2,-2.3994,12,0.24358,13,0.37796,0,-3.9416,9,-0.2991,17,0.73944,12,0.21453,19,0.91901,11,0.05834
ENSG00000226686,LINC01535,2,-3.5485,7,-1.6672,9,-1.4719,76,1.97663,14,-0.8282,38,0.77991,23,-0.0006,15,-0.6218,26,0.24434
ENSG00000181666,ZNF875,2,-2.7310,10,-0.4393,19,0.53475,3,-2.2280,15,0.21297,16,0.28491,21,0.73576,12,-0.0800,15,0.23444
ENSG00000171817,ZNF540,2,-3.5543,3,-3.0554,13,-0.9288,82,2.10819,13,-0.8923,22,-0.1144,15,-0.6242,36,0.65835,27,0.26766
ENSG00000105738,SIPA1L3,2,-2.5404,10,-0.1452,5,-1.2202,10,-0.1749,18,0.82079,9,-0.3130,4,-1.5513,14,0.28523,15,0.50482
ENSG00000011332,DPF1,2,-4.6070,9,-2.4391,23,-1.1613,76,0.68751,41,-0.3133,108,1.27490,73,0.60607,63,0.37149,52,0.09487
ENSG00000167642,SPINT2,98,-1.1875,15,-3.8742,78,-1.5241,838,2.35610,101,-1.2123,249,0.22911,242,0.18741,250,0.23340,206,-0.0925
ENSG00000167641,PPP1R14A,104,-1.5425,2271,4.19530,652,1.33403,58,-2.3928,152,-1.0379,96,-1.6621,33,-3.2220,99,-1.6101,34,-3.5599
ENSG00000167645,YIF1B,2,-4.7317,66,0.32040,41,-0.3886,76,0.56163,38,-0.5687,66,0.32845,64,0.27060,87,0.77500,54,0.03703
ENSG00000099341,PSMD8,240,0.18918,141,-0.6284,158,-0.4591,218,0.03868,160,-0.4688,157,-0.4719,329,0.69421,162,-0.4214,260,0.43850
ENSG00000130244,FAM98C,53,0.85332,30,-0.0439,29,-0.1167,0,-5.4003,24,-0.3965,38,0.29592,32,0.03249,10,-1.6458,41,0.59921
ENSG00000196218,RYR1,2,-2.9489,11,-0.5124,69,2.61016,0,-4.5011,26,0.91374,8,-0.9073,6,-1.4315,11,-0.5433,10,-0.7285
ENSG00000178982,EIF3K,108,-1.0156,220,0.07274,210,0.00571,142,-0.5942,203,-0.0530,154,-0.4725,274,0.42485,167,-0.3522,261,0.47983
ENSG00000130402,ACTN4,2,-5.5027,224,1.47298,163,0.92716,69,-0.4370,97,0.09537,92,0.01308,100,0.14249,78,-0.2411,67,-0.6126
ENSG00000104823,ECH1,12,-2.8122,116,0.51539,127,0.65786,111,0.44954,80,-0.0772,69,-0.3037,77,-0.1378,113,0.47714,76,-0.2007
ENSG00000104824,HNRNPL,45,-0.7637,109,0.61041,78,0.07788,100,0.47773,74,0.01100,97,0.43655,52,-0.5304,63,-0.2482,67,-0.1982
ENSG00000068903,SIRT2,148,-0.3483,774,2.49596,318,0.86059,97,-0.9921,127,-0.6236,131,-0.5371,117,-0.7080,177,-0.0799,100,-1.1622
ENSG00000104825,NFKBIB,2,-2.5600,27,1.35571,21,0.96095,1,-3.4953,16,0.51971,5,-1.2478,2,-2.4363,11,-0.0478,13,0.16739
ENSG00000104835,SARS2,2,-2.8651,7,-1.0231,8,-0.8355,13,-0.1662,10,-0.5339,15,0.02482,27,0.97827,12,-0.2340,21,0.81411
ENSG00000128626,MRPS12,2,-4.4548,32,-0.4888,50,0.19841,85,1.06536,43,-0.0451,50,0.18482,56,0.37068,33,-0.4592,45,0.03998
ENSG00000161243,FBXO27,135,3.28773,8,-1.6099,0,-7.6530,0,-5.0594,12,-0.9997,9,-1.2896,20,-0.1792,11,-1.0296,22,-0.0678
ENSG00000128011,LRFN1,2,-2.9925,3,-2.3703,12,-0.3587,1,-3.7914,15,-0.0849,30,1.01494,12,-0.3889,6,-1.3830,27,1.31726
ENSG00000130755,GMFG,35,1.38244,17,0.23957,7,-1.0433,12,-0.2691,20,0.52955,21,0.51540,10,-0.5277,9,-0.6723,10,-0.7438
ENSG00000179134,SAMD4B,42,0.00914,82,1.09612,50,0.28713,6,-2.7408,58,0.59858,42,0.02506,28,-0.5983,35,-0.2414,34,-0.3788
ENSG00000006712,PAF1,2,-3.9420,50,0.76499,35,0.22189,52,0.82976,35,0.22455,34,0.15283,26,-0.2499,16,-0.9335,29,-0.1523
ENSG00000063322,MED29,2,-5.1823,74,0.01867,56,-0.4033,23,-1.7453,75,0.05083,76,0.06428,88,0.28124,148,1.14316,83,0.27874
ENSG00000105193,RPS16,228,-1.0332,1074,1.43377,887,1.10323,323,-0.5095,602,0.51464,292,-0.6611,259,-0.8446,436,-0.0458,284,-0.8785
ENSG00000196235,SUPT5H,44,-0.5023,51,-0.2893,38,-0.7105,21,-1.5669,70,0.23008,93,0.66111,79,0.39923,70,0.21270,65,0.11876
ENSG00000105197,TIMM50,101,0.81455,28,-1.1676,33,-0.9353,36,-0.7928,42,-0.6111,52,-0.2388,77,0.37088,93,0.67751,72,0.34947
ENSG00000090932,DLL3,69,1.29519,11,-1.5148,8,-1.9485,19,-0.7217,27,-0.2210,18,-0.8232,32,0.07759,29,-0.0692,40,0.57481
ENSG00000176401,EID2B,6,-1.8899,10,-1.1955,19,-0.2254,10,-1.2097,18,-0.3194,38,0.86110,26,0.25436,38,0.84878,26,0.35262
ENSG00000176396,EID2,2,-4.9476,20,-1.8125,46,-0.5586,126,1.01608,52,-0.4147,93,0.51656,88,0.43568,78,0.24829,78,0.33020
ENSG00000105204,DYRK1B,2,-3.1212,18,-0.2007,3,-2.4971,13,-0.6893,25,0.36489,24,0.26643,32,0.72701,14,-0.5335,27,0.60146
ENSG00000105202,FBL,60,0.75362,60,0.75664,36,-0.0403,4,-3.2118,51,0.53896,51,0.49259,34,-0.1518,21,-0.8391,29,-0.4826
ENSG00000013275,PSMC4,232,1.88892,68,-0.1619,47,-0.7210,55,-0.4942,52,-0.6216,63,-0.2854,108,0.56849,26,-1.6227,70,-0.1581
ENSG00000128000,ZNF780B,70,2.05120,7,-1.5894,22,0.09182,15,-0.5104,16,-0.4334,19,-0.1417,15,-0.4345,13,-0.6405,19,-0.1797
ENSG00000130758,MAP3K10,52,0.25972,9,-2.2736,14,-1.7024,90,1.15847,72,0.87055,39,-0.1685,20,-1.1865,40,-0.1398,41,-0.1473
ENSG00000174521,TTC9B,116,-1.7933,36,-3.4898,121,-1.7374,345,-0.1591,384,0.00909,641,0.82829,626,0.79102,266,-0.5578,512,0.65777
ENSG00000105221,AKT2,87,2.08826,34,0.48012,16,-0.6581,15,-0.7474,31,0.36436,25,-0.0351,23,-0.1442,6,-2.0397,15,-0.9990
ENSG00000105223,PLD3,666,0.02385,130,-2.4189,411,-0.7199,924,0.54453,399,-0.8170,929,0.55218,787,0.28644,781,0.27493,776,0.36318
ENSG00000090013,BLVRB,86,0.59452,54,-0.1517,74,0.35090,42,-0.5068,61,0.04719,41,-0.5704,77,0.41278,57,-0.0507,54,-0.1828
ENSG00000160460,SPTBN4,47,-0.6577,10,-2.9233,19,-1.9792,90,0.34905,57,-0.3803,94,0.42733,95,0.44141,90,0.34897,94,0.59315
ENSG00000090006,LTBP4,35,1.38154,8,-0.8894,7,-1.1825,0,-4.4588,19,0.38943,14,-0.1259,12,-0.3786,15,-0.0238,16,0.21350
ENSG00000105245,NUMBL,2,-5.0566,11,-2.6225,36,-0.9318,46,-0.5588,52,-0.4116,123,0.97521,113,0.83763,94,0.52972,85,0.52904
ENSG00000123815,COQ8B,2,-2.5973,13,0.14627,19,0.69807,1,-2.8475,14,0.23515,18,0.64096,11,-0.1247,12,0.05394,13,0.14518
ENSG00000077312,SNRPA,90,1.53585,27,-0.4272,85,1.42795,19,-0.9372,20,-0.8769,33,-0.1108,22,-0.7264,24,-0.6000,30,-0.3362
ENSG00000167578,RAB4B,63,-0.1801,99,0.52997,74,0.08036,84,0.26621,51,-0.5462,75,0.10308,100,0.55164,75,0.09861,62,-0.2769
ENSG00000269858,EGLN2,49,-0.2758,59,0.00975,35,-0.7880,78,0.44177,50,-0.2597,80,0.47890,81,0.51351,54,-0.1218,57,-0.0722
ENSG00000167601,AXL,2,-3.6901,20,-0.3746,106,2.44398,0,-5.2035,40,0.75000,5,-2.2793,8,-1.6718,19,-0.4936,24,-0.1461
ENSG00000105323,HNRNPUL1,46,-0.2318,97,0.96417,93,0.88854,30,-0.8668,54,0.03159,61,0.21365,37,-0.5343,54,0.02806,41,-0.5011
ENSG00000142046,TMEM91,2,-3.9895,7,-2.2751,42,0.42132,50,0.71689,28,-0.2394,75,1.39544,19,-0.7474,50,0.72060,28,-0.2235
ENSG00000077348,EXOSC5,2,-3.7883,30,0.13156,12,-1.2514,41,0.63787,19,-0.6011,37,0.46733,33,0.27169,33,0.26359,33,0.39625
ENSG00000248098,BCKDHA,2,-4.2960,56,0.56040,75,1.02294,56,0.55004,37,-0.0938,46,0.24522,35,-0.1785,50,0.38549,29,-0.5687
ENSG00000105341,DMAC2,2,-3.8625,26,-0.1793,26,-0.1632,17,-0.7911,30,0.06210,24,-0.3240,43,0.61163,25,-0.2153,39,0.63693
ENSG00000105372,RPS19,476,-0.4478,1452,1.35233,1006,0.73251,365,-0.8493,873,0.55786,511,-0.3387,328,-1.0105,584,-0.1339,450,-0.6738
ENSG00000105404,RABAC1,54,-2.4357,304,0.14161,348,0.35517,406,0.60243,190,-0.6321,308,0.16126,363,0.42022,225,-0.3304,307,0.20837
ENSG00000105409,ATP1A3,281,-0.7163,35,-3.7739,118,-2.0105,667,0.63333,355,-0.3893,382,-0.2468,559,0.34878,596,0.45264,619,0.73455
ENSG00000105737,GRIK5,106,0.75450,11,-2.5802,47,-0.5225,103,0.71535,56,-0.2841,95,0.58477,53,-0.3340,28,-1.2761,75,0.28645
ENSG00000105732,ZNF574,2,-2.2756,15,0.69545,10,0.05890,1,-3.2217,9,-0.0167,6,-0.7004,8,-0.2228,10,0.06161,13,0.74958
ENSG00000160570,DEDD2,2,-3.8502,14,-1.1157,11,-1.3718,33,0.18937,21,-0.5336,24,-0.3039,50,0.88135,47,0.77867,38,0.62254
ENSG00000105723,GSK3A,54,-0.9604,52,-1.0016,54,-0.9561,37,-1.4921,90,-0.1961,133,0.43958,138,0.49343,126,0.34925,134,0.64211
ENSG00000105722,ERF,2,-2.7061,41,1.89539,22,0.83522,2,-2.6120,12,-0.1399,35,1.62427,7,-0.8784,2,-2.6992,8,-0.7784
ENSG00000079432,CIC,2,-3.9893,41,0.38395,27,-0.2621,24,-0.4020,34,0.10538,39,0.32758,29,-0.1668,56,0.88634,32,0.02604
ENSG00000079462,PAFAH1B3,3,-3.7292,25,-0.7113,34,-0.2462,76,1.01476,31,-0.4476,20,-1.0627,43,0.09740,40,0.00343,55,0.70794
ENSG00000167619,TMEM145,2,-3.5817,6,-2.0273,23,-0.0298,6,-2.0871,19,-0.3590,18,-0.4625,20,-0.2465,54,1.32552,36,0.93143
ENSG00000105429,MEGF8,2,-4.3828,20,-1.1421,71,0.83673,75,0.93666,38,-0.1600,45,0.12159,42,0.00256,50,0.27742,41,-0.0479
ENSG00000213904,LIPE-AS1,75,2.13527,17,-0.3540,18,-0.2773,40,1.00524,21,0.00137,9,-1.2794,15,-0.5246,7,-1.5958,13,-0.8809
ENSG00000079435,LIPE,2,-2.7814,103,3.97916,17,0.30895,0,-4.3348,14,0.05909,7,-0.9137,0,-5.6144,11,-0.3222,2,-2.8876
ENSG00000105755,ETHE1,49,1.28893,21,-0.0824,37,0.82595,6,-1.7929,25,0.23206,20,-0.1141,11,-0.9766,17,-0.3868,18,-0.3566
ENSG00000073050,XRCC1,2,-2.9253,24,0.71809,3,-2.2536,11,-0.5217,14,-0.1118,12,-0.3101,29,1.04073,22,0.55621,16,0.17457
ENSG00000167378,IRGQ,64,0.54092,14,-1.7473,44,-0.0278,36,-0.3632,39,-0.2254,65,0.56638,55,0.31643,54,0.27763,44,-0.0452
ENSG00000124444,ZNF576,2,-3.4232,13,-0.7321,44,1.14753,24,0.15592,15,-0.5352,38,0.90564,20,-0.1310,41,1.02555,17,-0.4815
ENSG00000131116,ZNF428,52,-0.9586,100,0.02235,115,0.24554,92,-0.0990,111,0.21112,139,0.54470,115,0.24772,118,0.28807,81,-0.3836
ENSG00000105767,CADM4,43,-1.2630,241,1.47164,159,0.76742,108,0.14146,104,0.09646,111,0.19615,54,-0.8980,107,0.12679,62,-0.8829
ENSG00000105771,SMG9,51,0.87860,40,0.48568,31,0.10065,28,-0.0640,21,-0.5518,21,-0.4874,36,0.31730,36,0.33977,24,-0.4083
ENSG00000167380,ZNF226,2,-3.6958,29,0.19486,33,0.37623,7,-1.8929,23,-0.1669,14,-0.9409,65,1.49854,26,-0.0224,29,0.21035
ENSG00000073008,PVR,2,-2.7458,2,-2.5128,0,-7.5972,29,1.22366,9,-0.6299,31,1.38240,14,0.10617,8,-0.7059,17,0.55765
ENSG00000130202,NECTIN2,2,-3.2745,6,-1.6923,86,2.60978,60,1.89287,15,-0.4201,1,-3.8047,3,-2.4924,4,-2.3870,15,-0.5169
ENSG00000130204,TOMM40,2,-4.8847,25,-1.2789,39,-0.6535,44,-0.4748,47,-0.3763,78,0.41758,84,0.53803,72,0.29803,84,0.78217
ENSG00000130203,APOE,698,-0.6310,1000,-0.0784,4709,2.65579,438,-1.3318,1667,0.82639,521,-1.0728,235,-2.2487,444,-1.3118,573,-1.1403
ENSG00000130208,APOC1,110,-0.2878,85,-0.6804,91,-0.5752,107,-0.3367,261,1.24578,72,-0.9310,45,-1.6131,106,-0.3503,147,0.21801
ENSG00000234906,APOC2,2,-3.5431,67,1.73644,49,1.19575,5,-2.1811,46,1.25857,12,-1.0048,8,-1.4821,11,-1.0987,14,-0.9426
ENSG00000104853,CLPTM1,56,-1.2483,97,-0.4258,147,0.22256,91,-0.5176,121,-0.0940,153,0.28689,156,0.31247,179,0.53244,135,0.11480
ENSG00000104859,CLASRP,2,-2.6450,29,1.39491,13,0.06352,1,-3.2147,12,-0.0712,15,0.29894,20,0.77810,15,0.34270,10,-0.3619
ENSG00000142252,GEMIN7,2,-3.2203,8,-1.1504,7,-1.5033,10,-0.9499,14,-0.4473,26,0.49850,19,0.06354,23,0.36096,30,1.08494
ENSG00000007047,MARK4,2,-4.3697,18,-1.2663,25,-0.7462,53,0.38774,44,0.08595,74,0.92099,48,0.23068,43,0.06182,47,0.27510
ENSG00000104866,PPP1R37,2,-4.0775,15,-1.2287,13,-1.3938,54,0.73650,28,-0.3321,64,1.01774,21,-0.7322,53,0.72234,41,0.39521
ENSG00000007255,TRAPPC6A,2,-3.3799,50,1.40946,54,1.57269,0,-4.7391,23,0.20186,22,0.09924,18,-0.1965,13,-0.6519,16,-0.5248
ENSG00000104884,ERCC2,21,0.05169,7,-1.5060,2,-3.2050,1,-3.8883,16,-0.4143,13,-0.6874,11,-0.8847,39,0.98699,36,1.30419
ENSG00000012061,ERCC1,2,-4.5300,52,0.19046,59,0.37028,52,0.18906,56,0.32323,51,0.13173,42,-0.1514,74,0.74154,40,-0.3055
ENSG00000125744,RTN2,2,-4.3914,7,-2.5319,9,-2.2555,78,0.99175,42,0.00201,70,0.80439,59,0.53162,30,-0.5364,52,0.46127
ENSG00000125746,EML2,57,0.51029,96,1.36790,54,0.42745,96,1.37251,30,-0.5329,17,-1.3139,17,-1.2888,42,0.01643,25,-0.9802
ENSG00000125743,SNRPD2,202,-0.1982,247,0.11037,211,-0.1292,168,-0.4827,239,0.06932,168,-0.4793,235,0.03256,235,0.03255,261,0.27036
ENSG00000185800,DMWD,2,-4.7562,19,-1.5354,25,-1.1635,10,-2.4935,65,0.30335,97,0.91758,82,0.65868,71,0.42188,68,0.47950
ENSG00000125755,SYMPK,2,-4.0798,43,0.32561,43,0.34971,97,1.70945,37,0.13096,24,-0.5457,22,-0.7165,20,-0.7997,31,-0.2186
ENSG00000170604,IRF2BP1,2,-2.7580,16,0.24180,11,-0.3513,0,-4.3116,11,-0.3477,18,0.42919,22,0.79312,17,0.36024,17,0.48764
ENSG00000176182,MYPOP,46,0.51120,10,-1.7491,9,-1.9591,19,-0.8514,24,-0.5613,51,0.67285,40,0.28328,53,0.74282,39,0.35914
ENSG00000104967,NOVA2,2,-4.4646,10,-2.1834,26,-0.8046,25,-0.8848,36,-0.3381,69,0.70825,64,0.58169,51,0.22081,64,0.84843
ENSG00000124440,HIF3A,2,-2.2620,13,0.48423,20,1.16003,0,-3.8204,16,0.96913,2,-2.0982,6,-0.6223,5,-0.9810,10,0.22723
ENSG00000011485,PPP5C,185,0.83011,34,-1.7590,78,-0.5245,165,0.64502,65,-0.8626,106,-0.0584,159,0.58195,125,0.20779,112,0.03707
ENSG00000277531,PNMA8C,2,-4.4214,3,-3.8575,15,-1.5624,33,-0.3827,33,-0.4141,70,0.77565,54,0.36386,61,0.55254,63,0.89328
ENSG00000182013,PNMA8A,12,-4.3368,28,-3.1182,142,-0.7331,352,0.68330,129,-0.9349,395,0.87090,417,0.96324,286,0.34691,273,0.37688
ENSG00000204851,PNMA8B,2,-5.6569,14,-3.2438,50,-1.4436,51,-1.4379,120,-0.1565,371,1.73181,185,0.54073,223,0.84544,143,0.17867
ENSG00000160014,CALM3,929,-0.6553,277,-2.4537,695,-1.0926,1250,-0.2004,1253,-0.2137,1440,0.01910,1831,0.39911,2423,0.85526,1785,0.50104
ENSG00000197380,DACT3,2,-4.8618,83,0.51043,44,-0.4692,19,-1.7020,80,0.50304,62,0.04081,63,0.08330,58,-0.0498,72,0.40096
ENSG00000090372,STRN4,68,0.35271,28,-0.9881,15,-1.8996,24,-1.2364,54,-0.0158,82,0.65198,34,-0.6881,64,0.24721,71,0.58564
ENSG00000181027,FKRP,2,-2.9070,16,-0.3279,4,-2.1709,27,0.49648,12,-0.7847,13,-0.6332,20,0.02053,63,1.93899,22,0.19264
ENSG00000042753,AP2S1,182,-0.6954,124,-1.2704,238,-0.2874,375,0.42562,260,-0.1608,327,0.20870,487,0.85067,250,-0.2136,305,0.13295
ENSG00000160007,ARHGAP35,2,-5.7180,48,-1.2087,93,-0.2120,68,-0.6803,120,0.21365,161,0.66111,129,0.30317,88,-0.2966,138,0.58342
ENSG00000130748,TMEM160,130,-1.1840,134,-1.1362,257,-0.1509,242,-0.2417,293,0.06003,258,-0.1465,360,0.37825,325,0.21687,347,0.44560
ENSG00000130749,ZC3H4,2,-2.9522,22,0.54081,32,1.16093,3,-2.1167,12,-0.3329,36,1.37715,8,-0.9093,25,0.77393,12,-0.5408
ENSG00000142230,SAE1,2,-5.0677,35,-1.0060,42,-0.7230,111,0.78600,55,-0.3366,105,0.70822,113,0.82654,63,-0.0995,74,0.19610
ENSG00000257704,INAFM1,90,0.61132,9,-2.7810,24,-1.3968,78,0.38068,54,-0.1937,77,0.37537,42,-0.5559,100,0.79378,66,0.16092
ENSG00000105419,MEIS3,2,-5.1497,5,-3.9309,42,-0.7942,46,-0.6840,77,0.13052,192,1.63121,115,0.76027,80,0.17332,74,0.05783
ENSG00000118160,SLC8A2,93,-0.1052,8,-3.7092,33,-1.6545,52,-0.9955,59,-0.8652,291,1.78895,147,0.61203,109,0.13714,112,0.24248
ENSG00000118162,KPTN,2,-2.8663,6,-1.2695,10,-0.5973,10,-0.4851,11,-0.4900,7,-0.9992,31,1.23143,35,1.44430,16,0.23710
ENSG00000105402,NAPA,338,0.41232,108,-1.3390,167,-0.6859,187,-0.5145,192,-0.5074,266,0.02906,433,0.81083,296,0.20100,303,0.32220
ENSG00000105373,NOP53,178,1.21008,173,1.16235,145,0.86999,31,-1.4917,96,0.22071,63,-0.4494,46,-0.9080,70,-0.2766,49,-1.0081
ENSG00000178980,SELENOW,1359,-0.1767,1824,0.28372,1518,-0.0049,790,-1.0027,1278,-0.2946,1629,0.10525,1568,0.04593,1624,0.10081,1733,0.27697
ENSG00000105499,PLA2G4C,2,-3.6850,41,0.74265,58,1.31770,42,0.77622,17,-0.6877,34,0.44835,19,-0.4578,9,-1.4867,24,-0.1592
ENSG00000185453,ZSWIM9,2,-2.0328,9,0.25720,0,-6.0913,1,-2.7093,23,1.99683,18,1.26562,6,-0.5195,2,-2.0167,5,-0.7146
ENSG00000142227,EMP3,2,-2.6032,32,1.60806,51,2.46868,0,-4.1582,21,0.94664,0,-6.0621,0,-8.3587,7,-0.7943,6,-1.2577
ENSG00000105438,KDELR1,8,-2.5823,38,-0.3848,100,1.14283,107,1.26334,29,-0.8556,67,0.47598,49,-0.0174,26,-0.9824,47,-0.1046
ENSG00000105447,GRWD1,38,1.26256,19,0.18209,11,-0.6156,3,-2.4115,10,-0.8652,22,0.36747,20,0.23400,25,0.57337,16,-0.1037
ENSG00000105443,CYTH2,2,-4.2137,30,-0.3407,46,0.32891,19,-0.9831,40,0.13495,83,1.29664,86,1.35852,30,-0.3520,27,-0.6152
ENSG00000142235,LMTK3,2,-4.9701,9,-2.7857,25,-1.4079,103,0.77784,43,-0.6137,113,0.92994,66,0.06803,63,-0.0019,88,0.76072
ENSG00000063177,RPL18,549,-0.0697,1143,1.11812,914,0.74449,351,-0.7536,651,0.21612,387,-0.6071,355,-0.7359,631,0.14736,457,-0.4517
ENSG00000063176,SPHK2,2,-3.5022,26,0.19316,4,-2.5300,55,1.45000,25,0.16103,11,-1.1160,26,0.24227,27,0.26161,23,0.07927
ENSG00000105516,DBP,46,-0.0476,26,-0.9162,35,-0.4700,52,0.15430,50,0.10407,21,-1.2180,76,0.75790,24,-1.0423,58,0.46990
ENSG00000063180,CA11,150,-0.6393,103,-1.2118,130,-0.8613,138,-0.7655,274,0.31730,298,0.42194,199,-0.2123,200,-0.2044,300,0.61032
ENSG00000105552,BCAT2,2,-2.4431,19,0.91634,22,1.16298,22,1.14742,13,0.26353,7,-0.6166,8,-0.4903,4,-1.3586,7,-0.6751
ENSG00000087076,HSD17B14,2,-3.2514,16,-0.2754,36,1.00185,8,-1.2592,32,0.90623,25,0.40070,9,-1.1716,18,-0.0825,18,-0.1333
ENSG00000087074,PPP1R15A,42,1.56377,8,-1.0259,1,-3.5637,5,-1.7509,10,-0.6581,14,-0.1614,30,1.03297,5,-1.5394,20,0.49823
ENSG00000104805,NUCB1,6,-3.8651,77,-0.2276,105,0.26115,139,0.71367,80,-0.1794,97,0.13344,131,0.62172,71,-0.3523,92,0.08119
ENSG00000087088,BAX,2,-3.1385,35,1.10589,15,-0.2191,0,-4.6894,19,0.12660,15,-0.1876,15,-0.2007,16,-0.1085,23,0.55702
ENSG00000087086,FTL,2536,0.61149,3996,1.37718,3044,0.91203,1025,-0.8011,2089,0.33036,983,-0.8633,737,-1.2950,1306,-0.4324,1162,-0.7673
ENSG00000104812,GYS1,2,-2.2343,9,0.03693,25,1.60351,6,-0.7319,11,0.32630,9,-0.0382,3,-1.5864,3,-1.5851,10,0.20829
ENSG00000183207,RUVBL2,54,-0.2407,45,-0.5151,34,-0.9151,25,-1.3917,53,-0.2891,83,0.42600,96,0.66592,64,0.02239,78,0.46919
ENSG00000104852,SNRNP70,90,-0.0026,80,-0.1796,82,-0.1457,154,0.86953,64,-0.5545,82,-0.1368,85,-0.0873,78,-0.2087,97,0.16050
ENSG00000104863,LIN7B,2,-4.9125,22,-1.5435,31,-1.0067,106,0.88808,59,-0.0435,66,0.12216,80,0.43701,88,0.58830,69,0.27794
ENSG00000177380,PPFIA3,2,-5.3866,6,-3.7565,27,-1.7226,124,0.60765,74,-0.2222,199,1.40592,102,0.29425,94,0.17434,99,0.34106
ENSG00000104888,SLC17A7,497,-0.8430,36,-4.6536,212,-2.1073,336,-1.4296,698,-0.3523,2305,1.63549,1525,0.91862,832,-0.0556,1016,0.35662
ENSG00000104872,PIH1D1,64,0.09487,61,0.01478,82,0.47806,23,-1.4649,61,0.00234,43,-0.5363,59,-0.0469,86,0.56207,62,0.04732
ENSG00000142541,RPL13A,1002,0.23733,1861,1.25610,1699,1.10053,566,-0.6473,1047,0.33792,582,-0.6040,424,-1.0819,661,-0.4114,579,-0.7699
ENSG00000142534,RPS11,826,0.50841,1005,0.82907,958,0.75018,500,-0.2820,805,0.51746,505,-0.2662,369,-0.7456,432,-0.5039,397,-0.7958
ENSG00000104870,FCGRT,2,-3.5766,41,0.84503,109,2.67638,0,-5.1252,42,1.02746,6,-2.1006,9,-1.4872,19,-0.3254,10,-1.5443
ENSG00000142546,NOSIP,2,-4.3942,85,1.13405,40,-0.0797,14,-1.6176,51,0.33457,56,0.44052,51,0.29618,45,0.08334,38,-0.1937
ENSG00000126464,PRR12,2,-3.1156,16,-0.0890,13,-0.4045,19,0.19120,18,0.03230,38,1.26633,18,0.07066,10,-0.8668,18,0.10743
ENSG00000126461,SCAF1,37,-0.6586,43,-0.4263,56,-0.0107,35,-0.7226,58,0.05932,90,0.73355,66,0.24149,68,0.28939,56,-0.0256
ENSG00000126456,IRF3,2,-3.0592,22,0.27380,35,1.03934,12,-0.6372,22,0.34716,13,-0.5663,18,-0.0194,31,0.81330,15,-0.3641
ENSG00000126457,PRMT1,63,-0.5556,99,0.13906,99,0.13502,63,-0.5447,66,-0.5317,99,0.14086,93,0.04692,124,0.49923,101,0.23808
ENSG00000169169,CPT1C,23,-1.5659,21,-1.7088,30,-1.1817,107,0.75469,50,-0.4815,122,0.97160,88,0.43230,62,-0.1033,78,0.34178
ENSG00000196961,AP2A1,86,-0.5535,45,-1.5148,74,-0.7726,198,0.75783,98,-0.3750,125,0.02220,258,1.19697,138,0.17849,120,-0.0500
ENSG00000010361,FUZ,35,0.88295,28,0.54370,25,0.34900,33,0.80396,10,-1.1170,22,0.15774,14,-0.5008,23,0.22162,15,-0.5820
ENSG00000104973,MED25,104,1.82687,28,-0.3299,29,-0.2628,23,-0.6055,29,-0.2982,38,0.15739,34,-0.0380,20,-0.8197,29,-0.3483
ENSG00000104960,PTOV1,11,-4.2382,189,-0.0327,274,0.55388,204,0.08461,155,-0.3672,247,0.38997,208,0.11449,287,0.63011,195,0.02301
ENSG00000039650,PNKP,2,-3.4786,10,-1.2205,10,-1.1176,38,0.84420,19,-0.2349,32,0.58587,32,0.59274,41,0.98544,21,-0.1032
ENSG00000204673,AKT1S1,2,-4.0463,51,0.66899,20,-0.7717,2,-4.1335,37,0.19852,33,0.01881,30,-0.1398,37,0.19052,45,0.69884
ENSG00000104946,TBC1D17,2,-4.2638,67,0.87626,45,0.24356,42,0.12094,40,0.08215,43,0.15309,55,0.54968,28,-0.4989,35,-0.1962
ENSG00000213024,NUP62,2,-3.2831,23,0.25509,27,0.49563,0,-4.8144,24,0.36474,30,0.70125,21,0.11895,18,-0.0789,21,0.13399
ENSG00000105053,VRK3,2,-2.9146,14,-0.1142,0,-6.9350,9,-0.7168,20,0.47983,33,1.26382,27,0.94724,12,-0.3370,15,-0.0572
ENSG00000267890,AC010624.2,2,-3.0050,0,-9.6134,0,-7.1282,16,-0.0218,12,-0.4716,17,0.14176,18,0.22814,37,1.33522,24,0.88270
ENSG00000105357,MYH14,2,-2.7591,38,1.68340,28,1.14687,3,-2.0290,21,0.80544,6,-1.2022,2,-2.3444,13,-0.0559,10,-0.5371
ENSG00000131408,NR1H2,44,-0.1046,56,0.27826,49,0.08732,63,0.45820,46,-0.0135,32,-0.5786,33,-0.5469,83,0.91173,39,-0.3596
ENSG00000142530,FAM71E1,2,-3.3271,1,-3.5480,3,-2.8017,54,1.63945,16,-0.3627,9,-1.1507,21,0.08707,31,0.70267,27,0.62073
ENSG00000161671,EMC10,32,-1.5569,164,0.94359,152,0.81626,87,-0.0703,76,-0.3104,52,-0.8448,87,-0.0627,67,-0.4756,98,0.14948
ENSG00000161677,JOSD2,101,0.88403,155,1.61042,94,0.76409,16,-1.9024,57,-0.0492,51,-0.2193,41,-0.5302,44,-0.4450,36,-0.9257
ENSG00000204653,ASPDH,13,-1.7338,27,-0.6058,20,-1.0712,81,1.10937,40,-0.0263,25,-0.7288,51,0.35843,33,-0.3290,50,0.43301
ENSG00000131409,LRRC4B,41,-1.2704,60,-0.7069,93,-0.0241,116,0.32152,100,0.09573,153,0.76058,103,0.13152,77,-0.3156,97,0.05031
ENSG00000235034,C19orf81,2,-2.4908,28,1.46629,27,1.41391,27,1.42065,6,-1.0405,3,-1.9656,5,-1.1821,7,-0.6775,9,-0.4375
ENSG00000105472,CLEC11A,39,0.93969,20,-0.0720,51,1.40569,6,-1.7428,29,0.50336,24,0.15969,18,-0.2504,6,-1.7406,14,-0.7968
ENSG00000167755,KLK6,2,-4.7357,447,4.39168,109,1.15069,32,-0.7717,27,-1.1021,11,-2.2966,5,-3.3488,23,-1.2598,3,-4.3417
ENSG00000169035,KLK7,2,-3.6393,0,-6.7920,15,-0.7610,0,-4.9222,33,0.49127,102,2.42425,65,1.56153,8,-1.5773,17,-0.7782
ENSG00000142544,CTU1,2,-2.3891,14,0.52355,5,-1.1237,0,-3.9461,8,-0.4749,20,1.02106,6,-0.8554,20,1.04005,13,0.49113
ENSG00000142549,IGLON5,2,-3.2058,2,-3.1642,9,-1.0613,97,2.99712,7,-1.4195,6,-1.6051,10,-0.8514,20,0.14695,19,0.11543
ENSG00000105379,ETFB,42,-1.7258,255,1.04763,205,0.68426,80,-0.7773,131,-0.0282,115,-0.2261,115,-0.2258,155,0.23617,126,-0.1197
ENSG00000160318,CLDND2,2,-2.5612,9,-0.4373,46,2.34239,4,-1.4038,14,0.33360,5,-1.0835,4,-1.5995,8,-0.6225,11,-0.0652
ENSG00000105568,PPP2R1A,550,0.14029,128,-2.0581,340,-0.6017,459,-0.1416,394,-0.4087,912,0.95868,635,0.36681,681,0.48004,512,0.03552
ENSG00000167555,ZNF528,2,-2.5277,13,0.24500,15,0.42064,14,0.35098,12,0.12814,5,-1.1609,15,0.42665,6,-1.0151,13,0.32372
ENSG00000167766,ZNF83,34,1.30021,27,0.94670,25,0.78614,22,0.60181,11,-0.4257,4,-1.7347,13,-0.2059,8,-0.9462,10,-0.8217
ENSG00000170954,ZNF415,45,1.63279,21,0.33629,23,0.49536,9,-0.8840,14,-0.2529,11,-0.6024,4,-2.0753,34,1.14561,10,-0.9065
ENSG00000130844,ZNF331,3,-2.7922,12,-0.8700,27,0.32787,12,-0.9345,13,-0.7788,34,0.70283,23,0.10431,22,0.02598,31,0.77710
ENSG00000179820,MYADM,2,-4.3981,49,0.21322,27,-0.7031,81,1.04192,18,-1.3158,54,0.38608,67,0.73217,42,-0.0112,48,0.26784
ENSG00000126583,PRKCG,167,-0.3496,7,-4.8391,56,-1.9736,150,-0.5114,135,-0.7177,263,0.35737,294,0.53950,170,-0.3225,336,1.13061
ENSG00000105605,CACNG7,2,-2.9947,9,-0.8055,9,-0.7687,0,-4.5466,21,0.52326,16,0.04573,10,-0.6391,32,1.10569,21,0.61334
ENSG00000142408,CACNG8,2,-4.8152,2,-4.5121,12,-2.3334,198,2.12703,71,0.39633,127,1.31460,18,-1.7252,61,0.11722,44,-0.5088
ENSG00000170906,NDUFA3,378,-0.5863,456,-0.2983,502,-0.1499,364,-0.6410,625,0.21129,535,-0.0509,549,-0.0102,655,0.26691,624,0.26075
ENSG00000105619,TFPT,64,-0.3658,58,-0.5005,42,-1.0050,94,0.24324,94,0.26141,111,0.50031,81,0.01463,76,-0.1004,84,0.08135
ENSG00000105618,PRPF31,2,-4.5225,41,-0.2099,74,0.73810,97,1.18117,45,-0.0659,31,-0.5996,48,0.05803,58,0.34513,41,-0.2464
ENSG00000088038,CNOT3,2,-3.6914,18,-0.5102,22,-0.2672,68,1.59716,23,-0.2170,24,-0.1329,9,-1.5116,27,0.06540,30,0.32548
ENSG00000105617,LENG1,2,-2.8096,27,1.01922,42,1.83576,0,-4.3658,14,-0.0083,4,-1.8376,0,-4.0579,26,0.98738,13,-0.1371
ENSG00000125505,MBOAT7,2,-6.5093,41,-2.2594,84,-1.2124,318,0.85638,103,-0.9589,208,0.17528,322,0.87554,187,0.00864,263,0.79074
ENSG00000170892,TSEN34,2,-3.1741,23,0.36219,38,1.19932,22,0.30846,18,0.03345,17,-0.1000,31,0.88712,5,-1.7054,15,-0.3962
ENSG00000170889,RPS9,491,-0.0444,1272,1.52834,916,0.96004,307,-0.7631,574,0.22121,306,-0.7665,289,-0.8517,463,-0.1336,342,-0.7518
ENSG00000167614,TTYH1,243,-0.5388,484,0.53413,914,1.61455,134,-1.4375,433,0.39398,215,-0.7311,212,-0.7456,360,0.06516,266,-0.5189
ENSG00000167615,LENG8,2,-2.8869,23,0.72113,9,-0.7663,0,-4.4396,24,0.83578,18,0.32690,9,-0.6872,13,-0.1763,17,0.33999
ENSG00000125503,PPP1R12C,50,-0.4851,37,-0.9386,84,0.30796,5,-3.8758,90,0.46041,75,0.12873,76,0.16088,93,0.47777,74,0.14931
ENSG00000105048,TNNT1,2,-3.4492,1,-4.0639,0,-5.4484,2,-3.5613,43,1.26343,25,0.22566,11,-1.0508,29,0.46717,32,0.84505
ENSG00000129990,SYT5,34,-1.8213,6,-4.3409,59,-1.0319,83,-0.5221,79,-0.6371,200,0.86839,148,0.38747,201,0.87785,155,0.65110
ENSG00000105063,PPP6R1,39,-0.4797,27,-1.0093,42,-0.3703,44,-0.2951,62,0.27266,45,-0.2608,64,0.28883,64,0.30049,60,0.27119
ENSG00000133265,HSPBP1,86,0.13814,31,-1.3799,69,-0.1924,92,0.24153,61,-0.4253,103,0.41964,77,-0.0383,76,-0.0440,92,0.32695
ENSG00000160469,BRSK1,2,-5.0989,66,-0.4946,48,-0.9789,52,-0.8652,147,0.85635,125,0.49514,69,-0.4182,129,0.54756,100,0.19612
ENSG00000108107,RPL28,751,-0.2704,1978,1.29785,1201,0.46652,714,-0.3495,1203,0.52121,584,-0.6547,575,-0.6794,580,-0.6666,710,-0.4605
ENSG00000108106,UBE2S,83,-0.1217,75,-0.2688,116,0.40508,66,-0.4774,65,-0.5381,103,0.21244,136,0.66451,94,0.06839,91,0.02874
ENSG00000187902,SHISA7,46,0.74844,13,-1.1572,13,-1.1566,68,1.40679,18,-0.7468,39,0.47263,28,-0.0561,22,-0.3722,27,-0.1353
ENSG00000063241,ISOC2,55,0.26526,68,0.59433,72,0.70066,47,0.00148,40,-0.2432,22,-1.1158,48,0.03567,40,-0.2419,43,-0.1483
ENSG00000090971,NAT14,2,-5.0661,23,-1.6182,59,-0.2103,61,-0.1614,48,-0.5432,111,0.79606,67,-0.0170,55,-0.3235,101,0.93107
ENSG00000218891,ZNF579,2,-2.7140,14,0.12561,15,0.19726,9,-0.4952,12,-0.0849,12,-0.0884,10,-0.3523,8,-0.6373,18,0.76296
ENSG00000171443,ZNF524,2,-2.6933,32,1.47712,55,2.50509,1,-3.6186,10,-0.3845,5,-1.3741,12,-0.0481,9,-0.5278,8,-0.9364
ENSG00000213015,ZNF580,6,-3.2622,63,0.25944,66,0.33151,73,0.49801,41,-0.4510,49,-0.1210,51,-0.0704,67,0.35976,59,0.22446
ENSG00000173581,CCDC106,6,-3.2642,37,-0.7311,33,-0.8950,4,-3.9868,73,0.36712,110,0.98875,84,0.54374,41,-0.5620,78,0.59617
ENSG00000063244,U2AF2,2,-3.6575,32,0.38117,37,0.58804,29,0.20405,29,0.21094,31,0.32948,31,0.31220,32,0.35674,19,-0.5105
ENSG00000063245,EPN1,86,-0.8016,65,-1.2280,115,-0.3600,82,-0.8667,142,-0.0343,245,0.84049,190,0.42214,229,0.72356,148,0.03797
ENSG00000142409,ZNF787,2,-2.7172,25,1.03031,28,1.23667,17,0.44264,12,-0.1493,18,0.53871,11,-0.1835,3,-1.9943,10,-0.5050
ENSG00000167685,ZNF444,2,-3.3198,27,0.36063,18,-0.2177,28,0.41504,25,0.30547,19,-0.1335,23,0.14057,5,-2.0584,25,0.40442
ENSG00000267454,ZNF582-AS1,2,-2.0636,14,0.78312,0,-3.3261,1,-2.5092,10,0.30260,11,0.45751,15,0.90780,11,0.50819,8,-0.0159
ENSG00000198046,ZNF667,2,-3.6247,7,-1.8076,13,-0.9823,53,1.22559,16,-0.6984,43,0.87496,43,0.87774,19,-0.3816,27,0.21452
ENSG00000166770,ZNF667-AS1,111,0.83800,47,-0.5285,48,-0.4671,56,-0.2350,54,-0.3378,66,0.01285,66,0.00944,54,-0.3071,75,0.27007
ENSG00000196867,ZFP28,2,-2.3211,15,0.60655,0,-6.8994,0,-3.8788,7,-0.5285,18,0.94876,14,0.49215,3,-1.8544,16,1.09332
ENSG00000268182,SMIM17,2,-3.1398,2,-3.2246,8,-1.1499,24,0.51703,19,0.10305,28,0.71411,21,0.29314,12,-0.5437,23,0.63703
ENSG00000198300,PEG3,3,-6.0125,48,-2.3710,180,-0.4125,794,2.07514,137,-0.8836,467,1.11584,191,-0.3219,290,0.33551,201,-0.3113
ENSG00000083844,ZNF264,2,-2.5566,17,0.61732,17,0.55302,10,-0.2336,10,-0.2197,13,0.12519,14,0.31216,24,1.14698,9,-0.5762
ENSG00000268205,AC005261.1,2,-4.4308,49,0.20606,83,1.05347,30,-0.5789,41,-0.0795,52,0.29913,31,-0.5105,35,-0.3203,49,0.28018
ENSG00000256060,TRAPPC2B,9,-0.9978,14,-0.3943,17,-0.0335,35,1.09078,7,-1.3233,13,-0.4216,18,0.02816,3,-2.6878,26,0.92059
ENSG00000213762,ZNF134,2,-2.5133,9,-0.3509,24,1.23037,2,-2.1774,11,-0.0713,17,0.64080,14,0.36651,7,-0.6660,12,0.16921
ENSG00000176293,ZNF135,2,-2.4380,15,0.52398,5,-1.1897,33,1.83912,11,0.07087,17,0.69631,11,0.03274,5,-1.1290,7,-0.6698
ENSG00000121413,ZSCAN18,185,0.41875,101,-0.5286,94,-0.6278,177,0.34432,94,-0.6775,200,0.53949,188,0.43883,177,0.34236,134,-0.1138
ENSG00000198131,ZNF544,2,-3.2959,6,-1.7548,15,-0.3625,7,-1.5114,20,0.05878,29,0.59266,16,-0.3375,47,1.40441,23,0.36958
ENSG00000142396,ERVK3-1,138,1.44139,38,-0.6228,27,-1.1360,6,-3.3432,55,-0.0655,44,-0.4031,68,0.26080,39,-0.5684,68,0.39057
ENSG00000283103,AC010642.2,2,-5.0836,89,0.41541,71,0.06145,35,-1.0011,82,0.31883,69,0.01336,83,0.30995,77,0.19284,74,0.17753
ENSG00000121410,A1BG,2,-4.2101,110,1.80894,39,0.05941,28,-0.4499,41,0.17050,48,0.40362,64,0.85616,14,-1.4225,24,-0.8144
ENSG00000083845,RPS5,283,-0.5425,846,1.20840,564,0.53469,282,-0.5507,475,0.28716,296,-0.4720,273,-0.5965,480,0.27767,315,-0.4880
ENSG00000083807,SLC27A5,5,-2.9800,53,0.41348,27,-0.6181,36,-0.1961,45,0.15961,34,-0.2478,27,-0.6177,63,0.70678,48,0.36930
ENSG00000119574,ZBTB45,2,-3.1067,14,-0.3225,13,-0.4538,35,1.13386,10,-0.8381,17,-0.0191,31,0.92112,9,-0.9855,21,0.40837
ENSG00000130726,TRIM28,2,-5.1532,104,0.45202,93,0.28103,168,1.24865,55,-0.5612,76,-0.0433,67,-0.2235,71,-0.1475,80,0.06252
ENSG00000130724,CHMP2A,72,-0.6522,173,0.71760,125,0.19681,13,-3.1209,136,0.36134,105,-0.0842,128,0.23097,129,0.23926,105,-0.1107
ENSG00000130725,UBE2M,238,0.74268,70,-1.1476,161,0.12040,150,0.01288,145,-0.0456,126,-0.2575,157,0.08221,164,0.15038,145,-0.0518
ENSG00000099326,MZF1,2,-3.1705,21,0.23410,6,-1.4959,17,-0.0861,16,-0.1491,44,1.46035,12,-0.5373,12,-0.6220,21,0.38358
ENSG00000247315,ZCCHC3,2,-3.1078,19,0.19525,5,-1.6693,43,1.48600,15,-0.1765,22,0.38872,15,-0.1950,10,-0.7611,19,0.19285
ENSG00000177732,SOX12,2,-2.2902,17,0.89591,4,-1.0990,19,1.09561,11,0.20009,12,0.31996,5,-1.0274,9,-0.1286,9,-0.1692
ENSG00000125841,NRSN2,163,0.53045,24,-2.3696,55,-1.1347,143,0.32106,96,-0.3221,136,0.23329,127,0.12810,143,0.31553,134,0.29093
ENSG00000125826,RBCK1,33,0.65382,43,1.09895,29,0.44553,1,-3.8949,23,0.09927,18,-0.2880,17,-0.3808,27,0.33987,17,-0.4720
ENSG00000125875,TBC1D20,2,-3.6666,32,0.36739,50,1.09538,2,-3.5354,26,0.02580,29,0.22426,41,0.75546,14,-0.8363,27,0.11751
ENSG00000101266,CSNK2A1,2,-4.8557,54,-0.1364,40,-0.5944,40,-0.5944,51,-0.2493,100,0.82570,59,-0.0143,81,0.48296,73,0.46463
ENSG00000271303,SRXN1,2,-3.3776,5,-1.9770,0,-7.7177,31,0.63729,14,-0.5939,14,-0.6036,34,0.77170,28,0.47516,32,0.98682
ENSG00000125818,PSMF1,111,0.37369,90,0.03136,81,-0.1340,92,0.08002,81,-0.1306,71,-0.3222,87,-0.0146,60,-0.5879,97,0.20584
ENSG00000101298,SNPH,44,-0.7452,5,-3.7472,32,-1.2044,74,0.05997,72,0.00890,111,0.70276,81,0.19000,117,0.78240,80,0.24748
ENSG00000125775,SDCBP2,2,-2.6005,7,-0.7363,0,-5.8275,4,-1.5155,14,0.31067,15,0.32171,14,0.20129,14,0.24291,18,0.90072
ENSG00000088832,FKBP1A,426,0.88571,58,-2.1720,114,-1.1645,167,-0.5939,184,-0.4821,313,0.38178,323,0.43200,153,-0.7217,318,0.57273
ENSG00000088833,NSFL1C,177,1.24880,74,-0.1641,78,-0.0859,84,0.02869,69,-0.2875,67,-0.3090,100,0.30918,106,0.39899,61,-0.5809
ENSG00000286288,AL109809.5,2,-2.3229,8,-0.2282,7,-0.4166,14,0.59099,22,1.50022,16,0.72865,4,-1.2365,1,-2.9355,8,-0.4851
ENSG00000198053,SIRPA,99,-1.1466,82,-1.4310,232,0.15690,152,-0.4984,164,-0.4141,294,0.53154,349,0.81342,173,-0.3015,256,0.42918
ENSG00000101327,PDYN,2,-3.1523,0,-9.7298,4,-2.0727,0,-4.7031,3,-2.5387,5,-1.6858,19,0.09137,4,-2.1142,47,3.28055
ENSG00000125835,SNRPB,110,1.40418,43,-0.1170,37,-0.3415,6,-2.8648,32,-0.5955,23,-1.0667,71,0.66504,53,0.18664,50,0.12150
ENSG00000101361,NOP56,15,-2.3512,80,0.08149,59,-0.3743,76,-0.0012,62,-0.3416,97,0.38244,124,0.79091,95,0.35796,79,0.08021
ENSG00000101365,IDH3B,154,0.83244,49,-0.9582,49,-0.9405,55,-0.7828,62,-0.6428,91,-0.0111,152,0.80719,149,0.77522,92,0.00945
ENSG00000088881,EBF4,2,-2.5789,16,0.51185,25,1.16586,39,2.00713,23,1.16014,10,-0.2079,2,-2.1969,3,-1.9082,3,-2.4380
ENSG00000132635,PCED1A,2,-3.6061,31,0.38563,1,-4.4075,82,2.03926,19,-0.4068,22,-0.1594,24,-0.0063,16,-0.6229,25,0.06916
ENSG00000215305,VPS16,46,0.62708,19,-0.7638,27,-0.2017,60,1.08028,20,-0.6852,27,-0.2239,46,0.61859,26,-0.2606,27,-0.2274
ENSG00000132670,PTPRA,89,-1.2187,125,-0.7126,254,0.39018,271,0.48975,151,-0.4580,352,0.91942,203,0.03367,169,-0.2490,205,0.06025
ENSG00000125901,MRPS26,2,-5.3549,69,-0.3015,118,0.54066,85,0.01665,68,-0.3571,79,-0.0945,107,0.38047,109,0.40483,97,0.30746
ENSG00000101200,AVP,52,1.48091,1,-4.5129,0,-8.2341,0,-4.9384,9,-1.2688,0,-9.0689,1,-3.9182,1,-3.5597,50,2.54578
ENSG00000185019,UBOX5,42,1.44828,9,-0.9769,12,-0.5156,47,1.62640,10,-0.8551,18,0.04613,14,-0.2850,8,-1.1160,14,-0.4709
ENSG00000215251,FASTKD5,2,-2.8691,8,-0.8399,0,-7.7191,30,1.13892,9,-0.7521,11,-0.3577,21,0.57852,9,-0.6614,22,0.99411
ENSG00000088899,LZTS3,2,-5.3968,11,-2.9725,44,-0.9915,32,-1.4611,89,0.08350,85,0.00556,97,0.20993,112,0.43310,136,1.11303
ENSG00000198171,DDRGK1,2,-5.0892,97,0.54163,44,-0.6896,134,1.08093,64,-0.1177,69,0.01312,62,-0.1594,75,0.13677,70,0.05541
ENSG00000125877,ITPA,71,0.78626,21,-1.0958,18,-1.3016,38,-0.2171,37,-0.2572,53,0.30564,52,0.28813,53,0.30891,46,0.12122
ENSG00000088854,C20orf194,2,-4.3959,55,0.40937,55,0.42480,81,1.04524,37,-0.2308,65,0.68790,37,-0.1857,28,-0.6006,38,-0.2200
ENSG00000088812,ATRN,2,-4.8685,40,-0.5682,64,0.13548,35,-0.7806,45,-0.4401,101,0.86863,74,0.35349,42,-0.5133,79,0.65786
ENSG00000101220,C20orf27,2,-4.8821,22,-1.4872,79,0.45277,95,0.74241,52,-0.2052,82,0.50564,43,-0.4998,59,-0.0182,71,0.40133
ENSG00000101222,SPEF1,2,-3.5793,2,-3.5892,2,-3.5615,12,-1.0433,24,0.03823,34,0.56565,40,0.80683,25,0.05863,36,0.97407
ENSG00000125817,CENPB,175,1.75316,119,1.07056,49,-0.3338,47,-0.4083,66,0.13947,34,-0.8939,28,-1.1945,29,-1.1476,45,-0.5775
ENSG00000101224,CDC25B,30,0.27513,32,0.42132,14,-0.8310,22,-0.1462,15,-0.7743,22,-0.1940,29,0.24651,40,0.75057,25,0.05789
ENSG00000125843,AP5S1,2,-2.6877,13,-0.0127,25,1.05999,0,-4.2419,10,-0.4109,17,0.47091,26,1.16245,20,0.69006,11,-0.3468
ENSG00000088888,MAVS,2,-2.9969,36,1.32286,72,2.63623,0,-4.5200,17,0.11627,9,-0.7646,13,-0.3259,2,-2.8011,9,-0.9529
ENSG00000125779,PANK2,33,-0.2812,18,-1.1482,29,-0.4527,9,-2.1732,39,0.00123,34,-0.2090,62,0.71349,45,0.20598,51,0.55449
ENSG00000101236,RNF24,54,0.60150,16,-1.2066,11,-1.8046,10,-1.9697,27,-0.4874,54,0.59169,47,0.40077,27,-0.4658,51,0.74199
ENSG00000088826,SMOX,2,-3.4533,59,1.64442,97,2.61277,1,-4.3603,29,0.47668,16,-0.5068,4,-2.4508,7,-1.5968,10,-1.3904
ENSG00000171867,PRNP,196,-2.2692,563,-0.7058,776,-0.2159,1214,0.49042,513,-0.9032,1424,0.74960,1082,0.30564,710,-0.3510,1148,0.56361
ENSG00000101265,RASSF2,16,-1.9618,336,3.15611,110,0.97205,67,0.17724,56,-0.1083,26,-1.2658,13,-2.2940,24,-1.3985,19,-1.9832
ENSG00000089057,SLC23A2,30,-1.2763,51,-0.4814,73,0.07851,47,-0.5989,40,-0.8965,84,0.29540,69,-0.0156,73,0.08296,99,0.81243
ENSG00000089063,TMEM230,85,-0.3741,175,0.77304,116,0.11131,48,-1.2123,82,-0.4619,109,0.01281,155,0.57002,107,-0.0074,111,0.06130
ENSG00000132646,PCNA,2,-3.8996,57,1.02255,45,0.65737,32,0.09953,25,-0.3254,23,-0.3827,22,-0.4654,58,1.04833,25,-0.3329
ENSG00000101290,CDS2,78,-0.4708,63,-0.8089,105,-0.0159,164,0.68471,86,-0.3610,152,0.55980,102,-0.0612,139,0.41502,103,-0.0784
ENSG00000125772,GPCPD1,2,-3.1776,10,-0.8704,33,0.94894,14,-0.4056,21,0.25283,6,-1.6588,20,0.16012,24,0.47014,21,0.32142
ENSG00000089199,CHGB,282,0.28138,8,-4.9434,50,-2.3155,254,0.11298,91,-1.5265,186,-0.3659,395,0.82389,273,0.22958,360,0.98810
ENSG00000089195,TRMT6,2,-3.0589,13,-0.4105,6,-1.3894,48,1.75295,10,-0.7624,12,-0.5267,20,0.29670,11,-0.5634,21,0.48364
ENSG00000088766,CRLS1,72,1.47573,18,-0.7013,34,0.24402,32,0.16545,19,-0.7137,39,0.44047,26,-0.1889,27,-0.0907,23,-0.4483
ENSG00000125827,TMX4,293,0.68122,70,-1.5226,107,-0.8917,344,0.94403,111,-0.8919,161,-0.2684,175,-0.1323,192,0.00757,230,0.40759
ENSG00000182621,PLCB1,99,-0.5469,11,-3.6915,67,-1.1319,152,0.11179,86,-0.8114,205,0.59122,168,0.27245,154,0.13425,202,0.82039
ENSG00000125869,LAMP5,277,1.91973,4,-4.3362,39,-1.2577,49,-0.8932,37,-1.3945,2,-5.5140,38,-1.2696,88,-0.0040,145,1.18681
ENSG00000101349,PAK5,2,-3.8994,1,-4.8035,11,-1.4193,0,-5.3882,19,-0.6993,68,1.34330,53,0.92595,56,1.00671,39,0.60846
ENSG00000132639,SNAP25,1488,-0.8335,108,-4.6753,731,-1.8930,2948,0.22078,1619,-0.7555,3343,0.42108,4978,1.07629,2889,0.18851,3396,0.63186
ENSG00000125863,MKKS,80,0.70588,32,-0.6949,15,-1.8639,25,-1.1107,43,-0.2760,31,-0.7718,63,0.32127,56,0.14980,69,0.67952
ENSG00000132640,BTBD3,2,-5.6031,123,0.35438,30,-1.7802,86,-0.2004,73,-0.4959,61,-0.7214,106,0.12209,115,0.24665,152,1.02707
ENSG00000089123,TASP1,2,-2.7096,2,-2.5575,0,-7.4974,7,-0.9258,9,-0.6251,13,0.03774,12,-0.0969,26,1.13235,22,1.28529
ENSG00000089048,ESF1,43,0.23129,69,1.00508,78,1.21950,38,0.04314,36,-0.0323,39,0.10881,26,-0.5243,31,-0.2808,20,-1.0806
ENSG00000101247,NDUFAF5,2,-3.6602,12,-1.1114,15,-0.7523,10,-1.3932,23,-0.1260,25,-0.0069,39,0.69567,31,0.30921,37,0.86010
ENSG00000172264,MACROD2,37,0.06202,4,-3.1034,15,-1.2445,102,1.77526,20,-0.8802,21,-0.7509,74,1.20939,48,0.47523,29,-0.3998
ENSG00000125848,FLRT3,2,-2.3896,2,-2.3700,1,-3.3227,1,-3.1796,7,-0.5615,11,0.15345,39,2.24927,4,-1.4251,15,0.83799
ENSG00000089177,KIF16B,2,-2.1998,18,1.09982,14,0.69679,11,0.32537,17,1.10433,1,-2.8569,3,-1.3270,1,-2.9035,8,-0.1817
ENSG00000125870,SNRPB2,189,1.51785,96,0.37900,80,0.10534,45,-0.7911,46,-0.8090,57,-0.4282,75,-0.0008,89,0.26395,64,-0.3303
ENSG00000125851,PCSK2,45,-1.4143,4,-4.8884,34,-1.8147,62,-0.9454,60,-1.0553,232,1.13040,209,0.94902,103,-0.1730,173,0.93923
ENSG00000125868,DSTN,309,-0.6252,304,-0.6537,298,-0.6823,524,0.18791,355,-0.4465,400,-0.2329,689,0.62791,461,-0.0101,586,0.51210
ENSG00000125844,RRBP1,2,-3.5365,96,2.46372,85,2.21978,0,-5.0783,23,-0.0454,20,-0.2426,13,-0.8717,10,-1.2769,7,-1.9454
ENSG00000089006,SNX5,82,0.72540,81,0.70945,103,1.10227,22,-1.2863,51,-0.0463,35,-0.6194,22,-1.2617,59,0.20105,43,-0.3995
ENSG00000232838,PET117,2,-3.5167,17,-0.4153,19,-0.2931,0,-4.9880,17,-0.4326,11,-1.1283,39,0.86250,26,0.20529,37,1.12947
ENSG00000149474,KAT14,50,0.87377,20,-0.5671,4,-2.8946,4,-2.7896,25,-0.2105,48,0.81508,42,0.59055,16,-0.9182,35,0.42617
ENSG00000132664,POLR3F,137,2.96422,12,-1.1818,5,-2.3918,0,-5.1542,16,-0.8438,28,0.08786,33,0.32602,12,-1.1747,21,-0.4226
ENSG00000101310,SEC23B,2,-4.2588,64,0.80974,55,0.57560,42,0.14089,28,-0.5332,57,0.62468,37,-0.0772,49,0.37846,35,-0.2130
ENSG00000232388,SMIM26,54,-1.0937,136,0.32636,151,0.49735,36,-1.7023,87,-0.3909,72,-0.6637,143,0.40474,173,0.71173,125,0.25396
ENSG00000125821,DTD1,2,-4.7711,49,-0.1736,33,-0.7874,110,1.12569,50,-0.1740,52,-0.0907,85,0.69470,55,-0.0040,57,0.09109
ENSG00000185052,SLC24A3,4,-3.1547,5,-2.7039,32,-0.0524,107,1.97566,38,0.24964,31,-0.1053,12,-1.4472,37,0.16415,31,-0.1066
ENSG00000132669,RIN2,2,-2.8221,37,1.56383,16,0.24842,3,-2.3146,23,0.88000,17,0.29398,1,-3.1180,14,0.01359,11,-0.3873
ENSG00000173418,NAA20,2,-5.0862,41,-0.7876,63,-0.1151,71,0.05684,46,-0.6345,60,-0.2002,89,0.41575,93,0.49277,94,0.72093
ENSG00000101343,CRNKL1,2,-3.1614,21,0.22473,12,-0.6188,19,0.07190,14,-0.4195,32,0.93187,27,0.64106,7,-1.4496,21,0.39318
ENSG00000088970,KIZ,2,-2.9645,32,1.14035,19,0.33745,0,-4.5161,13,-0.2490,17,0.11373,31,1.08996,4,-1.7964,17,0.25055
ENSG00000088930,XRN2,2,-3.5266,35,0.66405,18,-0.4099,3,-2.9132,16,-0.5742,47,1.14765,30,0.42199,33,0.55312,25,0.16227
ENSG00000125820,NKX2-2,41,2.27338,38,2.14442,21,1.05525,0,-3.9938,9,-0.3294,8,-0.3837,0,-8.1974,4,-1.3220,2,-2.5226
ENSG00000125812,GZF1,2,-2.9080,22,0.59949,2,-2.6019,2,-3.0408,20,0.53482,17,0.17935,21,0.50687,16,0.07268,18,0.41551
ENSG00000125814,NAPB,78,-2.5861,34,-3.7751,145,-1.6818,558,0.37112,343,-0.4211,542,0.32537,881,1.12201,607,0.50581,551,0.48944
ENSG00000101439,CST3,1624,-0.7712,1916,-0.5208,7727,1.77054,1901,-0.5328,4917,1.10942,1472,-0.9195,820,-1.7918,3122,0.23759,1621,-0.9617
ENSG00000101463,SYNDIG1,59,0.32620,79,0.78986,32,-0.6118,65,0.47485,23,-1.1690,8,-2.5444,83,0.87612,33,-0.5706,54,0.27230
ENSG00000101474,APMAP,2,-5.8586,83,-0.5208,101,-0.2340,115,-0.0304,78,-0.6730,142,0.30704,162,0.51532,188,0.75561,143,0.44202
ENSG00000154930,ACSS1,2,-4.1404,41,0.22377,164,2.71720,18,-1.0252,62,1.02460,18,-1.0440,6,-2.6021,13,-1.4695,18,-1.2046
ENSG00000197586,ENTPD6,405,1.42404,15,-3.5230,75,-1.2469,264,0.69873,80,-1.2164,257,0.65520,219,0.39649,128,-0.4358,172,0.02592
ENSG00000100994,PYGB,28,-1.8178,70,-0.4311,140,0.64961,140,0.64837,76,-0.3386,62,-0.6169,133,0.56576,100,0.11730,96,0.06661
ENSG00000100997,ABHD12,2,-5.3448,125,0.63856,46,-0.9010,95,0.19997,67,-0.3598,101,0.29862,83,-0.0120,76,-0.1377,106,0.51987
ENSG00000125804,FAM182A,2,-2.3106,15,0.66050,16,0.78094,10,0.01066,12,0.40807,10,0.04900,15,0.65667,1,-2.4717,8,-0.3410
ENSG00000101294,HM13,36,-0.7200,50,-0.1984,47,-0.3122,54,-0.0897,51,-0.1830,74,0.41560,50,-0.1980,96,0.83372,58,0.03914
ENSG00000125968,ID1,2,-3.3565,18,-0.1779,143,3.75846,0,-4.9043,35,0.94340,11,-0.9577,1,-3.5623,3,-2.8886,4,-2.5143
ENSG00000171552,BCL2L1,52,-0.4799,88,0.32845,90,0.36308,71,0.00200,56,-0.4017,92,0.40214,69,-0.0561,80,0.18222,68,-0.0918
ENSG00000088356,PDRG1,2,-3.4111,23,0.14970,34,0.73190,3,-2.8040,14,-0.6783,38,0.89851,34,0.74914,27,0.36481,22,0.06908
ENSG00000101337,TM9SF4,2,-4.2559,18,-1.1114,75,1.06891,12,-1.7623,23,-0.8222,47,0.31547,51,0.45015,31,-0.3466,54,0.79165
ENSG00000101350,KIF3B,95,-0.0375,39,-1.3765,69,-0.5316,87,-0.1619,84,-0.2359,140,0.58297,88,-0.1588,120,0.33290,114,0.34496
ENSG00000171456,ASXL1,38,0.86634,29,0.41646,21,-0.0849,29,0.42839,14,-0.6959,21,-0.0827,15,-0.6119,21,-0.0479,21,-0.0926
ENSG00000197183,NOL4L,53,1.17178,40,0.68296,40,0.69987,6,-2.1123,20,-0.3664,45,0.89947,9,-1.4983,16,-0.7397,21,-0.4036
ENSG00000149600,COMMD7,73,0.22633,37,-0.8171,32,-1.0484,73,0.21462,67,0.08142,78,0.31860,64,0.02536,83,0.41409,63,-0.0148
ENSG00000101367,MAPRE1,60,0.87975,70,1.13945,86,1.51075,7,-2.2695,30,-0.2246,25,-0.4710,21,-0.7132,18,-0.9903,25,-0.6303
ENSG00000260257,AL035071.1,2,-2.5609,10,-0.3585,15,0.29885,19,0.67235,14,0.17701,12,-0.0224,5,-1.3682,22,0.84338,13,-0.0036
ENSG00000101391,CDK5RAP1,54,1.29934,16,-0.6673,13,-0.8975,10,-1.3795,14,-0.8675,30,0.32975,24,-0.0480,41,0.81683,25,0.06970
ENSG00000101400,SNTA1,43,-1.1581,67,-0.4914,347,2.28766,41,-1.2191,112,0.34782,51,-0.8955,73,-0.3498,69,-0.4424,70,-0.5382
ENSG00000078699,CBFA2T2,2,-3.6004,30,0.30761,18,-0.4602,17,-0.5580,20,-0.3397,33,0.48338,27,0.16769,52,1.22044,24,0.02122
ENSG00000125967,NECAB3,91,1.16786,13,-1.8072,14,-1.6713,24,-0.8849,34,-0.4061,37,-0.2644,60,0.50040,48,0.13372,54,0.43675
ENSG00000101417,PXMP4,2,-2.7505,15,0.17799,26,1.07535,1,-3.7856,12,-0.2331,21,0.68642,13,0.02306,10,-0.3616,15,0.30878
ENSG00000101421,CHMP4B,209,0.69568,76,-0.8768,87,-0.6715,186,0.50766,123,-0.1568,175,0.40754,165,0.31959,93,-0.5668,129,-0.0883
ENSG00000125970,RALY,25,-1.2290,116,1.14765,85,0.61969,39,-0.5929,66,0.25871,61,0.09465,53,-0.1298,55,-0.0489,44,-0.5068
ENSG00000125977,EIF2S2,30,-2.1101,223,0.94767,186,0.65491,63,-1.0335,112,-0.1681,141,0.20782,134,0.12352,98,-0.3618,127,0.05773
ENSG00000101444,AHCY,2,-3.8834,52,0.42534,37,-0.1103,13,-1.6552,31,-0.4320,71,0.91022,42,0.09439,30,-0.4200,52,0.59582
ENSG00000078747,ITCH,2,-3.6615,56,1.27389,37,0.60523,23,-0.1436,20,-0.4106,31,0.32644,19,-0.4624,27,0.11183,24,-0.1321
ENSG00000125971,DYNLRB1,163,-1.3227,274,-0.5396,316,-0.3203,423,0.13354,377,-0.0502,470,0.29765,539,0.51838,319,-0.3061,449,0.30949
ENSG00000101460,MAP1LC3A,188,-1.0375,168,-1.2050,229,-0.7412,341,-0.1301,309,-0.3024,509,0.50270,496,0.46225,627,0.84490,410,0.21678
ENSG00000101464,PIGU,2,-3.4525,52,1.41568,44,1.12046,21,-0.0432,10,-1.2125,20,-0.1621,14,-0.6954,14,-0.6809,24,0.22545
ENSG00000198646,NCOA6,4,-3.0750,24,-0.5656,38,0.15478,62,0.93154,21,-0.8367,42,0.30350,35,0.00566,45,0.41223,40,0.29068
ENSG00000078804,TP53INP2,2,-4.9775,283,2.63757,132,1.18169,23,-1.5084,74,0.27370,37,-0.8064,19,-1.7988,38,-0.7959,36,-1.0814
ENSG00000131067,GGT7,2,-4.6091,16,-1.6481,43,-0.2129,103,1.19393,29,-0.8369,54,0.15048,65,0.43342,41,-0.2746,64,0.59011
ENSG00000131069,ACSS2,2,-3.2099,57,1.88867,23,0.37155,0,-4.7604,12,-0.7429,12,-0.5960,24,0.42058,10,-0.8479,22,0.34008
ENSG00000100983,GSS,2,-4.1242,19,-0.9066,4,-3.2432,1,-4.7649,33,-0.0708,52,0.63573,64,0.95344,27,-0.3806,55,1.05211
ENSG00000100991,TRPC4AP,29,-0.9955,73,0.40330,47,-0.2925,52,-0.1294,33,-0.8616,61,0.12318,76,0.44854,77,0.47497,64,0.25165
ENSG00000126005,MMP24OS,89,-0.6382,70,-0.9896,78,-0.8373,131,-0.0487,136,0.01607,118,-0.2026,187,0.51986,158,0.24515,162,0.40416
ENSG00000125966,MMP24,2,-3.0061,2,-2.8389,1,-3.6526,45,1.68710,8,-1.0537,4,-2.0328,19,0.24938,55,2.09031,16,-0.0011
ENSG00000242372,EIF6,5,-3.7463,61,-0.0812,73,0.19420,82,0.38199,46,-0.5387,60,-0.0982,89,0.51223,61,-0.0779,78,0.42031
ENSG00000101019,UQCC1,2,-4.3432,21,-1.0131,26,-0.6759,4,-3.1852,38,-0.1108,54,0.44552,76,1.00311,72,0.90693,50,0.42260
ENSG00000126001,CEP250,2,-2.4969,6,-0.8619,22,1.08188,20,0.91155,12,0.11226,20,0.87785,10,-0.2241,1,-2.9511,10,-0.1794
ENSG00000125991,ERGIC3,2,-5.3142,96,0.27564,73,-0.1524,171,1.22225,68,-0.2850,112,0.51582,74,-0.1220,101,0.36484,70,-0.2694
ENSG00000214078,CPNE1,2,-4.2164,33,-0.2057,49,0.42282,77,1.17645,29,-0.3871,50,0.46335,42,0.18106,15,-1.3123,39,0.11722
ENSG00000244462,RBM12,2,-3.4535,31,0.54908,13,-0.7236,15,-0.6100,25,0.22845,29,0.45998,16,-0.4798,16,-0.4682,28,0.53861
ENSG00000244005,NFS1,2,-3.9198,23,-0.4202,29,-0.0830,40,0.43917,22,-0.5164,57,1.00873,36,0.28629,29,-0.0850,34,0.21288
ENSG00000125995,ROMO1,239,0.54085,216,0.38156,167,-0.0208,87,-1.0185,195,0.23616,141,-0.2845,160,-0.0932,136,-0.3414,168,-0.0254
ENSG00000131051,RBM39,266,1.12244,148,0.17130,178,0.45839,117,-0.1911,105,-0.3968,121,-0.1486,125,-0.0881,99,-0.4510,116,-0.2762
ENSG00000025293,PHF20,2,-4.3818,50,0.28263,67,0.74254,68,0.76315,39,-0.1123,79,1.01742,36,-0.2229,38,-0.1574,32,-0.5471
ENSG00000171222,SCAND1,198,0.33305,119,-0.4527,268,0.82740,190,0.26813,129,-0.3571,149,-0.1069,173,0.12277,131,-0.3130,148,-0.1541
ENSG00000260032,NORAD,338,-1.1514,445,-0.7375,342,-1.1334,603,-0.2737,639,-0.2015,947,0.43336,732,0.02648,375,-0.9959,1075,0.93362
ENSG00000088367,EPB41L1,43,-1.5913,67,-0.9095,62,-1.0294,165,0.46944,158,0.44254,145,0.26744,85,-0.5571,188,0.67969,130,0.13045
ENSG00000131043,AAR2,2,-2.5446,20,0.89067,34,1.76779,1,-2.9622,9,-0.4251,18,0.67019,14,0.34189,3,-1.6937,10,-0.3131
ENSG00000080845,DLGAP4,2,-5.1405,16,-2.3439,34,-1.2643,81,0.04803,88,0.18547,128,0.77215,61,-0.4012,95,0.28957,108,0.70974
ENSG00000101335,MYL9,97,3.11404,5,-1.8805,48,1.64336,0,-4.6866,28,0.84736,0,-5.0976,5,-1.8133,0,-4.6522,4,-2.4841
ENSG00000101084,RAB5IF,2,-5.3173,70,-0.2205,81,0.01439,112,0.52773,74,-0.1433,88,0.13668,88,0.13725,145,0.94684,78,-0.0618
ENSG00000101079,NDRG3,58,-1.6679,69,-1.4163,62,-1.5625,281,0.74908,117,-0.6692,140,-0.3510,216,0.32242,198,0.18234,257,0.87565
ENSG00000149639,SOGA1,2,-3.4910,49,1.27215,49,1.24737,0,-5.0393,15,-0.6772,19,-0.2175,10,-1.1472,36,0.73771,24,0.14933
ENSG00000101347,SAMHD1,2,-3.8692,54,0.96989,40,0.49732,13,-1.1764,38,0.47436,40,0.49764,29,-0.0093,38,0.39967,22,-0.5671
ENSG00000118705,RPN2,86,-0.1770,82,-0.2499,196,1.15986,176,0.97070,75,-0.4140,100,0.06367,91,-0.0851,102,0.10026,66,-0.7114
ENSG00000101363,MANBAL,36,-1.3261,53,-0.7231,73,-0.2405,138,0.75714,59,-0.6048,102,0.27354,118,0.50394,112,0.42211,91,0.12207
ENSG00000197122,SRC,2,-2.3358,0,-5.4739,0,-5.4654,0,-3.7412,12,0.30764,13,0.42944,20,1.11149,15,0.67997,14,0.69744
ENSG00000166619,BLCAP,84,-1.5044,62,-1.9471,118,-1.0022,542,1.43345,163,-0.5438,333,0.61239,261,0.21869,203,-0.1690,255,0.24726
ENSG00000053438,NNAT,31,-3.8675,13,-5.0588,355,-0.2972,1472,2.09819,362,-0.2914,1758,2.45890,234,-0.9306,238,-0.9044,192,-1.4818
ENSG00000132792,CTNNBL1,110,2.34669,26,-0.1174,26,-0.0900,30,0.08654,16,-0.8859,22,-0.3637,22,-0.3679,15,-0.9036,20,-0.6278
ENSG00000132821,VSTM2L,2,-5.6397,9,-3.9165,25,-2.4116,393,1.91818,93,-0.4959,125,-0.0113,161,0.38706,121,-0.0664,154,0.43511
ENSG00000101407,TTI1,7,-0.8865,7,-0.8221,19,0.70928,0,-4.1369,10,-0.2555,15,0.37743,10,-0.3466,8,-0.5419,17,0.83216
ENSG00000101413,RPRD1B,2,-2.9182,23,0.68118,16,0.09455,15,-0.0262,15,-0.0386,25,0.77619,12,-0.3332,16,0.10875,14,-0.0932
ENSG00000149633,KIAA1755,2,-2.5828,39,1.95682,55,2.66595,14,0.27076,8,-0.6794,1,-3.1233,1,-2.7550,9,-0.3837,4,-1.6920
ENSG00000174365,SNHG11,2,-2.9750,12,-0.3432,16,0.06174,48,1.85956,18,0.20198,16,0.07000,9,-0.7375,18,0.20174,11,-0.5962
ENSG00000170471,RALGAPB,89,1.78063,20,-0.6490,17,-0.8743,2,-3.6513,28,-0.1721,41,0.47254,41,0.46262,25,-0.3360,27,-0.2697
ENSG00000101438,SLC32A1,2,-5.5139,1,-6.3018,15,-2.6363,731,4.21482,26,-1.9697,1,-5.8701,7,-3.7393,142,0.68548,62,-0.7740
ENSG00000101445,PPP1R16B,2,-4.5837,110,1.33458,25,-0.9969,1,-4.8812,72,0.70380,68,0.54276,41,-0.2575,60,0.33024,44,-0.1696
ENSG00000198900,TOP1,2,-4.6854,54,0.05750,83,0.75924,84,0.76872,53,0.05054,57,0.16146,49,-0.0844,48,-0.1264,47,-0.1818
ENSG00000124181,PLCG1,2,-3.3022,24,0.28887,25,0.35906,16,-0.3324,24,0.31719,24,0.28217,14,-0.4815,5,-2.0833,25,0.51414
ENSG00000174306,ZHX3,2,-3.5828,30,0.32599,70,1.76589,2,-3.1846,35,0.64900,18,-0.4140,12,-0.9823,18,-0.4244,22,-0.1291
ENSG00000124177,CHD6,2,-4.2833,43,0.16132,39,0.01720,36,-0.1126,46,0.27353,56,0.55985,32,-0.3176,33,-0.2597,44,0.23757
ENSG00000196090,PTPRT,2,-4.6933,4,-3.5543,15,-1.8094,97,1.00731,30,-0.9040,3,-3.8277,66,0.38509,59,0.20410,92,1.41820
ENSG00000233508,AL021395.1,2,-2.1885,0,-3.7792,0,-7.0743,0,-3.7742,5,-0.8012,3,-1.6681,6,-0.6900,14,0.63398,21,2.29525
ENSG00000124193,SRSF6,2,-4.1479,55,0.69547,27,-0.3971,2,-3.9120,30,-0.2759,34,-0.0783,36,0.00232,73,1.15598,43,0.42701
ENSG00000185513,L3MBTL1,2,-2.7222,8,-0.7710,15,0.20155,3,-2.2241,6,-1.1485,20,0.69343,12,-0.1855,11,-0.2368,22,1.21106
ENSG00000101052,IFT52,2,-3.1664,26,0.59544,6,-1.5272,0,-4.7171,10,-0.9855,30,0.81543,21,0.27240,44,1.44856,21,0.33340
ENSG00000124191,TOX2,2,-2.3493,2,-2.4612,14,0.50409,3,-1.6346,15,0.68360,8,-0.3021,16,0.76515,13,0.37172,11,0.12503
ENSG00000132823,OSER1,2,-3.4195,35,0.79842,13,-0.7125,4,-2.5115,21,-0.0503,33,0.69696,23,0.13673,13,-0.6852,28,0.59290
ENSG00000223891,OSER1-DT,2,-3.2738,26,0.45035,31,0.73948,13,-0.6370,16,-0.3154,24,0.36526,11,-0.8120,48,1.46871,16,-0.3460
ENSG00000124194,GDAP1L1,2,-4.8326,6,-3.2624,7,-3.1076,123,1.23941,41,-0.5376,55,-0.0580,83,0.59309,83,0.58610,76,0.62219
ENSG00000197296,FITM2,2,-3.3076,17,-0.2105,26,0.43955,14,-0.5354,13,-0.6671,11,-0.8462,31,0.70163,28,0.53474,25,0.55157
ENSG00000124120,TTPAL,47,0.63433,10,-1.7237,11,-1.5753,1,-4.2396,21,-0.6865,51,0.77714,40,0.35668,47,0.64176,40,0.53254
ENSG00000132824,SERINC3,166,-0.7968,171,-0.7525,207,-0.4683,580,1.18410,140,-1.1269,355,0.37379,329,0.25306,210,-0.4403,335,0.39326
ENSG00000168734,PKIG,102,0.04949,31,-1.7221,110,0.17806,47,-1.1172,95,-0.0580,123,0.35101,66,-0.6159,72,-0.4789,135,0.70468
ENSG00000101098,RIMS4,2,-3.2054,3,-2.6844,7,-1.3931,18,-0.0299,29,0.83056,28,0.64790,20,0.10296,29,0.70235,19,0.02001
ENSG00000166913,YWHAB,594,-0.5291,322,-1.4488,497,-0.7989,1016,0.30507,696,-0.3089,1364,0.78199,1413,0.83977,752,-0.1674,883,0.11249
ENSG00000025772,TOMM34,9,-2.2376,9,-2.3001,13,-1.7022,3,-3.5436,36,-0.2713,58,0.48684,89,1.19213,46,0.11212,63,0.91453
ENSG00000101109,STK4,2,-3.1918,20,0.12860,13,-0.5333,20,0.11697,21,0.25090,16,-0.1840,18,-0.0005,22,0.26598,21,0.31444
ENSG00000124145,SDC4,2,-4.8609,70,0.28066,420,3.86796,41,-0.5253,62,0.11251,24,-1.3541,6,-3.2764,4,-3.7801,17,-2.1468
ENSG00000204070,SYS1,2,-2.9112,32,1.20002,33,1.27317,0,-4.4637,18,0.36670,14,-0.1308,14,-0.0643,7,-1.0044,14,-0.1740
ENSG00000124251,TP53TG5,2,-1.7220,73,5.85686,5,-0.3987,0,-3.2877,1,-1.9969,0,-7.4261,0,-7.4958,0,-4.5240,0,-3.8025
ENSG00000244274,DBNDD2,321,-0.7350,3371,3.58212,997,1.05761,169,-1.6945,274,-1.0372,232,-1.2263,184,-1.5715,258,-1.0667,166,-2.0227
ENSG00000124155,PIGT,2,-5.0735,141,1.18954,100,0.61071,60,-0.1826,44,-0.7019,55,-0.3222,74,0.13561,79,0.24774,70,0.07984
ENSG00000101443,WFDC2,22,0.33107,7,-1.3350,3,-2.4556,36,1.11566,8,-1.3297,1,-3.8694,23,0.36926,11,-0.7646,29,1.10157
ENSG00000101457,DNTTIP1,57,1.42920,22,-0.1003,31,0.44369,12,-1.0308,18,-0.4700,20,-0.2362,17,-0.4748,25,0.07584,22,-0.1627
ENSG00000124104,SNX21,37,0.77259,10,-1.1714,35,0.68637,39,0.83101,20,-0.2070,36,0.70700,19,-0.2826,10,-1.1446,17,-0.5241
ENSG00000101473,ACOT8,111,0.47166,34,-1.3326,53,-0.6870,75,-0.1418,70,-0.2635,85,0.04021,144,0.89256,100,0.29986,82,-0.0015
ENSG00000064601,CTSA,32,-1.1353,53,-0.3645,87,0.40662,66,-0.0271,44,-0.6739,78,0.23644,67,0.00924,79,0.25223,80,0.39105
ENSG00000100979,PLTP,2,-4.5680,31,-0.6949,320,3.61421,25,-1.0158,64,0.48302,17,-1.5738,10,-2.3766,19,-1.3844,20,-1.6202
ENSG00000100982,PCIF1,2,-3.0499,33,1.10004,24,0.59125,10,-0.6902,15,-0.1014,12,-0.5097,16,-0.0285,16,-0.0497,18,0.13243
ENSG00000198026,ZNF335,2,-3.0087,9,-0.8645,7,-1.2578,1,-4.0745,15,-0.1261,15,-0.1102,25,0.68910,23,0.54840,24,0.97250
ENSG00000124140,SLC12A5,206,-0.3756,11,-4.5744,31,-3.1437,244,-0.1187,141,-1.0088,239,-0.1466,350,0.45379,341,0.41102,428,1.17266
ENSG00000124160,NCOA5,6,-1.6613,16,-0.2302,20,0.16010,14,-0.3519,15,-0.2876,11,-0.7118,28,0.65685,35,1.04311,19,0.08770
ENSG00000149654,CDH22,2,-3.5761,2,-3.2437,7,-1.6902,6,-2.0843,14,-0.8471,1,-4.0416,56,1.39353,10,-1.2985,49,1.94203
ENSG00000080189,SLC35C2,49,0.73178,24,-0.3688,31,0.00774,40,0.42153,23,-0.4788,30,-0.0406,30,-0.0434,39,0.38110,28,-0.2139
ENSG00000062598,ELMO2,2,-4.7616,49,-0.1574,27,-1.0689,68,0.34213,45,-0.3353,40,-0.4879,72,0.43360,47,-0.2227,79,0.84429
ENSG00000172315,TP53RK,2,-3.0293,10,-0.6771,29,0.93545,0,-4.5115,13,-0.3946,31,1.04592,29,0.89331,10,-0.7601,18,0.27695
ENSG00000101040,ZMYND8,64,-0.2783,53,-0.5603,56,-0.4914,148,1.05488,45,-0.8512,78,0.02575,91,0.26852,104,0.47335,78,0.04250
ENSG00000196562,SULF2,7,-2.6129,25,-0.7147,43,0.08279,6,-2.6977,51,0.41781,154,2.29122,7,-2.4820,26,-0.6716,39,-0.0876
ENSG00000124126,PREX1,39,-1.1072,423,2.97502,172,1.20089,26,-1.7083,86,0.08918,26,-1.7216,12,-2.8204,40,-1.0754,38,-1.3915
ENSG00000124198,ARFGEF2,2,-3.9027,18,-0.7843,10,-1.5582,1,-4.0988,19,-0.7505,47,0.69539,75,1.49972,31,0.03518,42,0.76409
ENSG00000124207,CSE1L,92,0.28062,83,0.12395,70,-0.1387,42,-0.9264,46,-0.8218,102,0.44790,100,0.42773,97,0.36434,80,0.07878
ENSG00000124214,STAU1,124,0.88282,71,-0.0104,71,-0.0246,38,-0.9415,48,-0.6466,71,-0.0173,95,0.43915,80,0.16615,71,-0.0119
ENSG00000124228,DDX27,47,0.99478,23,-0.1243,8,-1.6644,23,-0.1481,19,-0.4344,21,-0.2378,19,-0.4032,29,0.23179,29,0.32733
ENSG00000124201,ZNFX1,2,-2.7976,20,0.54159,20,0.60546,0,-4.3352,14,0.08442,21,0.62641,13,-0.1100,14,0.02125,15,0.20070
ENSG00000177410,ZFAS1,2,-5.8814,299,1.49308,213,0.91016,101,-0.2772,151,0.38661,106,-0.2013,68,-0.8689,112,-0.1202,92,-0.5379
ENSG00000158445,KCNB1,63,0.02778,4,-3.9640,20,-1.6970,9,-2.8694,51,-0.3210,108,0.88595,80,0.39321,50,-0.3394,93,0.93344
ENSG00000158470,B4GALT5,58,0.05739,14,-2.0130,9,-2.6029,32,-0.8223,21,-1.5364,42,-0.4441,86,0.68401,63,0.20218,94,1.28066
ENSG00000197818,SLC9A8,2,-2.4010,8,-0.4640,21,1.12333,0,-3.9579,9,-0.3136,19,0.93863,14,0.49219,16,0.70678,9,-0.2032
ENSG00000158480,SPATA2,2,-4.2046,28,-0.4435,24,-0.6299,44,0.25406,26,-0.5986,30,-0.3094,57,0.67839,57,0.68537,47,0.52592
ENSG00000124226,RNF114,95,1.25619,68,0.69547,33,-0.4423,36,-0.3257,37,-0.2694,29,-0.6311,35,-0.3279,39,-0.1714,40,-0.1806
ENSG00000244687,UBE2V1,70,-0.7523,54,-1.1242,87,-0.4116,135,0.27211,93,-0.3422,119,0.06456,162,0.55884,106,-0.1068,140,0.45694
ENSG00000240849,TMEM189,15,-1.3028,118,1.98747,52,0.57193,19,-0.9918,25,-0.5860,34,-0.1135,22,-0.7646,21,-0.8269,35,-0.0708
ENSG00000172216,CEBPB,7,-2.2773,21,-0.6644,79,1.40011,18,-0.9227,32,-0.0444,39,0.26303,28,-0.2721,50,0.62745,32,-0.1123
ENSG00000196396,PTPN1,2,-2.5231,16,0.48925,24,1.19705,0,-4.0661,13,0.19923,29,1.53280,8,-0.5791,6,-0.9908,9,-0.3724
ENSG00000124243,BCAS4,47,0.85074,1,-4.8932,1,-4.6218,45,0.76476,26,-0.1133,8,-1.8204,22,-0.3596,20,-0.4731,41,0.90714
ENSG00000101126,ADNP,35,-0.6069,53,0.02072,54,0.03679,25,-1.1279,49,-0.1044,93,0.92263,59,0.17503,39,-0.4601,56,0.15157
ENSG00000000419,DPM1,2,-4.0270,31,-0.0558,39,0.26416,1,-4.1709,27,-0.2911,47,0.58398,67,1.16404,23,-0.5041,40,0.41360
ENSG00000026559,KCNG1,94,1.11535,2,-4.2053,13,-1.9506,54,0.21422,24,-1.0669,108,1.35266,52,0.14286,42,-0.1679,50,0.11334
ENSG00000054793,ATP9A,65,-1.8227,114,-0.9921,165,-0.4364,100,-1.1837,183,-0.3057,332,0.66255,275,0.35835,253,0.22451,294,0.66489
ENSG00000020256,ZFP64,2,-2.6223,5,-1.3759,0,-7.4753,0,-4.1766,10,-0.3427,21,0.84508,33,1.61137,4,-1.5738,19,0.96593
ENSG00000064787,BCAS1,102,-0.1368,666,3.35588,152,0.49802,36,-1.6874,130,0.27875,38,-1.6134,10,-3.4480,53,-1.1168,31,-2.2245
ENSG00000101132,PFDN4,2,-5.3770,67,-0.3382,53,-0.6932,98,0.25280,66,-0.4006,63,-0.4467,130,0.69998,112,0.46411,108,0.55974
ENSG00000101134,DOK5,2,-3.7849,8,-1.7772,14,-1.0083,1,-4.7341,17,-0.7386,2,-3.5534,44,0.74135,34,0.32680,55,1.78590
ENSG00000054803,CBLN4,145,0.77003,1,-6.3549,0,-10.304,105,0.24886,26,-1.9071,0,-10.434,111,0.33808,23,-2.0227,181,1.89274
ENSG00000124098,FAM210B,2,-3.6794,38,0.62308,15,-0.8287,0,-5.2276,26,0.03716,17,-0.6508,11,-1.1922,32,0.34988,41,1.13490
ENSG00000101138,CSTF1,2,-3.2125,22,0.29880,17,-0.1437,0,-4.7630,11,-0.8873,18,-0.0429,16,-0.2558,38,1.13823,27,0.82403
ENSG00000022277,RTF2,41,-1.1818,192,1.22977,141,0.71457,38,-1.3198,87,-0.0552,87,-0.0463,90,0.00791,45,-1.0570,90,0.00920
ENSG00000101144,BMP7,2,-3.6790,47,0.97095,99,2.32512,14,-0.8533,38,0.68526,11,-1.2426,4,-2.6967,14,-0.8649,16,-0.8502
ENSG00000101146,RAE1,2,-4.0901,21,-0.7581,30,-0.1872,66,1.06396,18,-1.0312,30,-0.1847,56,0.77322,40,0.25702,41,0.37956
ENSG00000132819,RBM38,114,3.27957,20,0.04302,7,-1.3894,0,-4.8154,10,-0.9589,15,-0.3495,23,0.29187,12,-0.6495,9,-1.3333
ENSG00000124225,PMEPA1,9,-2.4766,49,0.00634,84,0.87665,28,-0.8019,49,0.00674,116,1.43611,26,-0.9119,44,-0.1547,44,-0.1985
ENSG00000124209,RAB22A,2,-4.7363,55,0.05174,23,-1.2491,50,-0.0926,51,-0.0967,53,-0.0209,61,0.20780,48,-0.1769,76,0.78301
ENSG00000124164,VAPB,4,-4.1455,44,-0.6207,30,-1.1859,97,0.59782,61,-0.1393,101,0.66522,80,0.28887,87,0.41859,75,0.24846
ENSG00000124222,STX16,48,0.15069,65,0.62451,56,0.38944,32,-0.4937,41,-0.1085,35,-0.3315,48,0.14913,58,0.43746,36,-0.3785
ENSG00000215440,NPEPL1,2,-2.6683,17,0.46372,43,2.04944,0,-4.1720,11,-0.2635,15,0.30731,11,-0.1757,2,-2.2823,13,0.03128
ENSG00000087460,GNAS,879,-1.0401,741,-1.2956,1343,-0.3971,3175,0.97343,1333,-0.4414,1057,-0.7616,1441,-0.2894,2070,0.27667,2301,0.63073
ENSG00000101158,NELFCD,2,-3.7281,51,1.04403,40,0.63217,3,-3.1140,18,-0.6325,31,0.25038,35,0.42785,43,0.76362,26,-0.0299
ENSG00000101160,CTSZ,11,0.36830,18,1.09820,19,1.16807,0,-3.7494,16,0.97965,1,-2.5549,16,0.93348,0,-4.9587,5,-1.1204
ENSG00000124172,ATP5F1E,895,-0.6910,1575,0.18210,1530,0.13634,865,-0.7416,1572,0.19627,1008,-0.5096,1519,0.12509,1981,0.54803,1429,0.03942
ENSG00000101166,PRELID3B,2,-3.4994,40,0.92001,46,1.14555,21,-0.0882,29,0.40138,14,-0.7511,7,-1.6180,23,0.00709,21,-0.1668
ENSG00000087495,PHACTR3,47,-0.5282,151,1.33646,120,0.94299,4,-3.9875,73,0.16301,53,-0.3582,54,-0.3274,48,-0.5051,60,-0.1905
ENSG00000196227,FAM217B,2,-5.4772,58,-0.6777,66,-0.4669,173,1.05919,60,-0.6519,116,0.40646,103,0.21997,67,-0.4519,115,0.55319
ENSG00000179242,CDH4,11,-0.8638,7,-1.4075,40,1.18383,43,1.31290,27,0.60072,34,0.89338,11,-0.8594,11,-0.8264,9,-1.2648
ENSG00000149657,LSM14B,77,0.69312,20,-1.3403,19,-1.4572,42,-0.2664,40,-0.3457,53,0.09623,65,0.43736,72,0.58064,54,0.18709
ENSG00000101182,PSMA7,350,0.52567,260,0.05633,192,-0.4134,120,-1.1219,208,-0.3171,232,-0.1242,345,0.50320,257,0.03543,273,0.17866
ENSG00000184402,SS18L1,52,0.92783,13,-1.2380,7,-2.0985,27,-0.0802,19,-0.6878,42,0.59175,29,0.01440,41,0.55026,32,0.19685
ENSG00000101180,HRH3,2,-3.8243,1,-4.0785,16,-0.8785,7,-1.9701,36,0.41192,30,0.07454,22,-0.3697,93,1.98697,31,0.21752
ENSG00000130703,OSBPL2,2,-4.0765,40,0.26675,32,-0.0694,47,0.52256,33,-0.0499,35,0.03479,42,0.33381,43,0.37159,33,-0.0314
ENSG00000130706,ADRM1,61,-0.3293,70,-0.1212,76,0.01774,78,0.04820,62,-0.3258,78,0.05165,82,0.13635,89,0.26738,80,0.13685
ENSG00000171858,RPS21,695,-0.7723,1750,0.67055,1457,0.37417,908,-0.3641,1659,0.65054,666,-0.8355,725,-0.7089,1390,0.30015,1008,-0.2659
ENSG00000060491,OGFR,103,1.33857,21,-1.1369,10,-2.1841,21,-1.1786,27,-0.8144,57,0.35661,50,0.13434,27,-0.8096,62,0.68418
ENSG00000092758,COL9A3,2,-3.6601,123,2.81078,59,1.37464,14,-0.8843,18,-0.5419,7,-1.8222,20,-0.3323,10,-1.3799,14,-1.0527
ENSG00000101190,TCFL5,102,1.96970,67,1.20155,22,-0.5426,4,-2.8438,26,-0.2942,18,-0.8675,34,0.11638,17,-0.9628,24,-0.5664
ENSG00000101191,DIDO1,2,-3.2226,30,0.74050,32,0.85553,0,-4.7730,21,0.23472,18,-0.0626,27,0.61296,15,-0.3212,19,0.00995
ENSG00000101193,GID8,2,-4.1853,41,0.18687,17,-1.1230,15,-1.3215,40,0.14150,45,0.33697,36,-0.0022,50,0.48436,47,0.56193
ENSG00000225978,HAR1A,2,-2.6926,2,-2.3466,0,-4.7402,12,-0.0302,12,-0.1490,4,-1.5870,14,0.16946,23,0.90040,21,1.19550
ENSG00000149658,YTHDF1,2,-3.4678,32,0.59674,4,-2.3626,0,-5.0169,22,0.01677,35,0.73531,30,0.46541,24,0.15341,29,0.56623
ENSG00000101198,NKAIN4,2,-4.2488,53,0.52454,244,3.50440,22,-0.8034,44,0.23473,18,-1.1361,5,-2.7932,15,-1.3942,12,-1.9745
ENSG00000101199,ARFGAP1,2,-4.0948,25,-0.4489,29,-0.2795,61,0.90695,25,-0.5425,40,0.23608,42,0.33252,27,-0.3735,43,0.47878
ENSG00000101204,CHRNA4,2,-3.9278,4,-2.9155,13,-1.2102,97,1.93460,24,-0.4119,48,0.70597,24,-0.3477,31,0.03012,32,0.13183
ENSG00000075043,KCNQ2,55,-1.1571,11,-3.4468,45,-1.4535,55,-1.1514,133,0.19534,194,0.78852,158,0.45281,164,0.51520,148,0.48665
ENSG00000101210,EEF1A2,576,-0.0643,56,-3.5216,244,-1.3665,474,-0.3644,532,-0.2044,655,0.13595,863,0.57756,792,0.43816,770,0.55269
ENSG00000125534,PPDPF,287,0.24143,493,1.12338,428,0.88577,153,-0.7260,224,-0.1631,237,-0.0607,256,0.06050,153,-0.7330,187,-0.5417
ENSG00000197457,STMN3,162,-1.4666,52,-3.1326,278,-0.6605,474,0.16152,355,-0.3083,583,0.49149,572,0.46059,670,0.71958,513,0.39918
ENSG00000101246,ARFRP1,2,-4.0295,45,0.37340,24,-0.5885,10,-1.8040,37,0.05475,49,0.50958,37,0.05840,54,0.67640,42,0.33605
ENSG00000197114,ZGPAT,2,-2.6739,9,-0.5284,13,0.08251,1,-3.5993,12,-0.0639,26,1.14622,11,-0.1801,11,-0.1888,17,0.60925
ENSG00000203896,LIME1,2,-2.4071,6,-0.7093,7,-0.6249,1,-3.3123,10,-0.0916,30,1.70866,3,-1.6274,18,0.81288,12,0.35648
ENSG00000125520,SLC2A4RG,37,1.29299,24,0.60497,50,1.83963,1,-3.4082,24,0.60761,23,0.49675,1,-3.5775,4,-1.8615,7,-1.5865
ENSG00000101150,TPD52L2,2,-4.4259,56,0.42193,40,-0.1299,9,-2.3265,43,-0.0191,46,0.10845,56,0.40187,25,-0.8173,60,0.76155
ENSG00000101152,DNAJC5,97,-0.6019,36,-2.0561,93,-0.6619,188,0.43418,129,-0.1764,166,0.23660,208,0.59632,162,0.19282,163,0.27822
ENSG00000198276,UCKL1,2,-3.0983,33,1.01398,17,-0.0433,37,1.22189,12,-0.5129,18,0.07050,24,0.54665,8,-1.1115,15,-0.2677
ENSG00000196700,ZNF512B,108,2.66672,3,-2.9848,7,-1.6871,40,0.81151,14,-0.8681,21,-0.2096,26,0.13312,13,-0.9458,16,-0.7615
ENSG00000101161,PRPF6,91,0.68202,62,0.07189,70,0.25374,75,0.36963,42,-0.5450,64,0.11897,49,-0.3047,82,0.51760,48,-0.4121
ENSG00000171703,TCEA2,104,-0.5393,102,-0.5565,132,-0.1746,173,0.25568,127,-0.2420,104,-0.5278,187,0.37415,262,0.92723,149,0.02055
ENSG00000171700,RGS19,125,3.56372,14,-0.4701,7,-1.4746,10,-1.0053,10,-0.9378,12,-0.6848,7,-1.3947,10,-0.8942,10,-1.1343
ENSG00000125510,OPRL1,2,-3.0045,1,-3.7727,8,-1.0106,0,-4.5285,10,-0.7889,23,0.55257,27,0.81652,10,-0.7523,29,1.52432
ENSG00000203880,PCMTD2,2,-4.1864,45,0.32302,45,0.33363,58,0.72549,33,-0.1482,45,0.32834,36,-0.0405,46,0.35629,33,-0.2077
ENSG00000280071,GATD3B,74,0.74960,65,0.53960,58,0.35088,31,-0.5943,37,-0.3508,38,-0.2886,32,-0.5451,36,-0.3637,48,0.06380
ENSG00000155304,HSPA13,2,-5.4097,32,-1.4700,60,-0.5479,76,-0.1916,59,-0.6146,180,1.20045,98,0.21787,99,0.23064,112,0.60069
ENSG00000180530,NRIP1,2,-3.9715,18,-0.8351,34,0.12002,36,0.20520,28,-0.2156,67,1.23375,22,-0.5106,47,0.64199,32,0.01435
ENSG00000155313,USP25,2,-3.5966,23,-0.1038,14,-0.8648,0,-4.9411,22,-0.1777,43,0.92462,37,0.66570,20,-0.2778,33,0.69595
ENSG00000215386,MIR99AHG,59,1.62163,28,0.40176,32,0.57349,9,-1.3054,33,0.71365,16,-0.4439,25,0.20585,12,-0.8737,9,-1.5074
ENSG00000154639,CXADR,2,-4.2674,67,0.87204,25,-0.6400,40,0.06378,22,-0.9210,38,-0.0246,37,-0.0730,19,-1.1013,58,0.92902
ENSG00000154640,BTG3,46,1.74335,33,1.16435,2,-3.0020,0,-4.5590,8,-1.0058,0,-5.2304,11,-0.5057,14,-0.1771,21,0.59296
ENSG00000154642,C21orf91,2,-2.9226,133,4.57204,22,0.56643,0,-4.4748,6,-1.4756,6,-1.3225,2,-3.0440,7,-1.0818,3,-2.5755
ENSG00000224924,LINC00320,2,-3.8728,149,2.91708,27,-0.1150,22,-0.4168,20,-0.6239,9,-1.7930,36,0.30899,18,-0.7351,20,-0.7626
ENSG00000154654,NCAM2,85,-0.9428,77,-1.0910,68,-1.2820,258,0.79075,79,-1.1120,103,-0.6513,412,1.59108,117,-0.4632,193,0.43919
ENSG00000154719,MRPL39,2,-2.7211,10,-0.4498,5,-1.3684,0,-4.2750,11,-0.3242,17,0.39951,20,0.63126,15,0.19766,20,0.97963
ENSG00000154721,JAM2,20,-0.5072,29,0.06378,141,2.90288,26,-0.0813,29,0.08637,29,0.07577,10,-1.5755,12,-1.2473,9,-1.9389
ENSG00000154723,ATP5PF,172,-1.3590,344,-0.3163,480,0.20101,329,-0.3843,427,0.02031,415,-0.0274,497,0.25621,404,-0.0706,498,0.35903
ENSG00000154727,GABPA,2,-2.2149,31,2.01368,12,0.36524,0,-3.7739,9,-0.0991,7,-0.3390,5,-0.9543,15,0.78050,7,-0.3827
ENSG00000142192,APP,464,-0.8711,814,-0.0122,628,-0.4122,1009,0.32605,439,-1.0188,1019,0.34170,1346,0.79348,813,-0.0142,923,0.25327
ENSG00000156239,N6AMT1,2,-2.4622,15,0.52808,17,0.70215,6,-0.8003,8,-0.3884,14,0.44294,11,-0.0172,9,-0.3532,12,0.28784
ENSG00000198862,LTN1,2,-3.3336,32,0.74752,15,-0.4509,14,-0.5890,16,-0.3805,15,-0.4289,33,0.76477,40,1.08744,20,-0.0264
ENSG00000156253,RWDD2B,2,-2.7032,6,-1.0223,12,-0.0775,6,-1.0529,14,0.15289,14,0.10773,21,0.73227,10,-0.4113,17,0.61516
ENSG00000156256,USP16,15,-1.0905,59,1.01948,73,1.37224,4,-2.8823,30,-0.0753,34,0.14740,23,-0.4913,20,-0.6660,30,-0.1101
ENSG00000156261,CCT8,177,0.49251,36,-1.9043,55,-1.2853,202,0.70913,71,-0.9747,150,0.22906,193,0.63499,170,0.42546,140,0.15756
ENSG00000171189,GRIK1,2,-4.7752,2,-4.4357,16,-1.8450,543,5.18338,26,-1.2236,0,-5.9783,5,-3.5065,31,-0.8618,16,-2.0981
ENSG00000156299,TIAM1,43,-0.6252,38,-0.7834,50,-0.3859,57,-0.1754,58,-0.1722,92,0.56907,30,-1.1321,103,0.75467,76,0.37127
ENSG00000142168,SOD1,241,-1.7455,594,-0.3912,667,-0.2138,880,0.22050,706,-0.1352,745,-0.0401,1206,0.72753,914,0.28064,821,0.15010
ENSG00000156304,SCAF4,2,-2.5474,15,0.39318,0,-6.3704,18,0.71587,11,-0.0204,23,1.09177,13,0.15675,7,-0.6882,12,0.14097
ENSG00000142207,URB1,37,0.51225,29,0.09207,3,-3.1660,74,1.66893,13,-1.1346,35,0.39757,43,0.75057,32,0.27996,18,-0.8006
ENSG00000256073,URB1-AS1,2,-2.2447,13,0.53951,7,-0.4546,0,-3.8032,13,0.59398,6,-0.5490,13,0.48868,14,0.63642,10,0.10115
ENSG00000159079,CFAP298,98,1.12069,35,-0.5001,68,0.52191,58,0.26177,30,-0.7807,33,-0.6041,52,0.08239,60,0.32351,43,-0.2645
ENSG00000159082,SYNJ1,62,-1.6154,25,-2.9114,56,-1.7760,171,-0.0964,104,-0.9058,297,0.78420,337,0.99585,250,0.50628,239,0.61019
ENSG00000159086,PAXBP1,2,-2.8797,27,0.96003,4,-1.8152,39,1.60776,17,0.30403,16,0.09776,19,0.42447,2,-2.7911,12,-0.4463
ENSG00000205927,OLIG2,2,-4.4845,181,2.40580,103,1.34113,4,-3.3354,45,0.00104,32,-0.5355,8,-2.4794,106,1.40464,15,-1.9420
ENSG00000184221,OLIG1,57,-1.4536,684,2.70954,224,0.65405,18,-3.0867,203,0.54694,93,-0.7156,50,-1.6451,119,-0.3447,70,-1.3745
ENSG00000142166,IFNAR1,2,-4.1711,49,0.48074,70,1.05311,18,-1.0146,30,-0.3106,33,-0.1376,37,0.04291,27,-0.4457,43,0.39713
ENSG00000159128,IFNGR2,88,0.83530,17,-1.6891,43,-0.3087,12,-2.1245,38,-0.5072,88,0.82832,61,0.24288,77,0.61378,54,0.07190
ENSG00000142188,TMEM50B,2,-5.1745,51,-0.5454,122,0.82468,148,1.15175,38,-1.0618,87,0.28218,50,-0.5703,88,0.30408,80,0.21482
ENSG00000159131,GART,2,-2.9435,17,0.17687,8,-1.0152,50,1.96531,13,-0.3074,20,0.39007,19,0.31959,11,-0.4686,12,-0.4888
ENSG00000159140,SON,29,-2.3230,228,0.78592,182,0.42258,125,-0.1647,129,-0.1263,183,0.43401,159,0.21136,108,-0.3968,134,-0.0743
ENSG00000205758,CRYZL1,2,-4.6707,41,-0.3511,34,-0.6166,140,1.67024,45,-0.2225,44,-0.2481,38,-0.4622,91,0.91890,47,-0.1875
ENSG00000205726,ITSN1,217,1.73658,29,-1.4516,61,-0.3549,126,0.80112,62,-0.3465,53,-0.5462,69,-0.1590,69,-0.1520,61,-0.4396
ENSG00000241837,ATP5PO,314,-0.4889,252,-0.8180,374,-0.2198,420,-0.0397,408,-0.0909,379,-0.1961,629,0.60433,796,0.99138,404,-0.1298
ENSG00000243927,MRPS6,44,-0.8959,28,-1.5440,90,0.20560,116,0.60959,62,-0.4038,116,0.59877,66,-0.2931,110,0.51401,84,0.12182
ENSG00000198743,SLC5A3,2,-3.7886,11,-1.4561,43,0.62720,83,1.72895,11,-1.4548,62,1.23605,21,-0.5079,26,-0.1469,27,-0.1754
ENSG00000159200,RCAN1,2,-4.9604,116,0.98647,86,0.49898,112,0.92770,39,-0.7776,66,0.08151,40,-0.6917,58,-0.1304,64,0.06053
ENSG00000185917,SETD4,2,-2.5778,10,-0.2038,15,0.37669,0,-4.1328,13,0.21729,2,-2.2493,14,0.31440,11,-0.1109,18,0.93369
ENSG00000159228,CBR1,172,-0.1270,727,2.35608,383,1.16786,95,-1.0365,155,-0.3108,132,-0.5283,135,-0.4982,150,-0.3388,81,-1.5307
ENSG00000142197,DOP1B,10,-0.8552,4,-2.1258,6,-1.6694,0,-4.7049,17,-0.0515,43,1.42053,31,0.88246,17,-0.0572,21,0.39935
ENSG00000159256,MORC3,73,1.81519,22,-0.1504,7,-1.8915,26,0.12990,14,-0.8792,27,0.14588,27,0.15459,11,-1.1422,24,-0.0371
ENSG00000185808,PIGP,2,-3.7879,45,0.77669,11,-1.3240,16,-0.8515,26,-0.0996,45,0.75389,41,0.61775,40,0.57570,27,-0.0484
ENSG00000182670,TTC3,39,-2.1174,103,-0.6868,92,-0.8610,151,-0.1112,209,0.44915,265,0.78865,153,-0.0862,148,-0.1389,183,0.26794
ENSG00000157538,VPS26C,2,-3.0613,21,0.37973,27,0.75377,0,-4.2700,14,-0.2303,18,0.14918,16,-0.0221,18,0.11880,21,0.50750
ENSG00000157540,DYRK1A,3,-3.9356,29,-0.8912,62,0.23728,55,0.05595,52,-0.0287,67,0.37164,56,0.07594,43,-0.3334,67,0.53092
ENSG00000157542,KCNJ6,2,-3.7966,0,-5.3170,8,-1.7376,12,-1.1868,50,1.04522,149,3.03445,10,-1.4710,12,-1.2123,17,-0.9240
ENSG00000157557,ETS2,47,-0.8105,14,-2.6224,42,-0.9711,3,-4.6975,60,-0.4881,129,0.75887,136,0.84968,105,0.42723,112,0.74942
ENSG00000183527,PSMG1,73,1.53086,7,-2.0492,15,-0.9682,31,0.12100,18,-0.7982,21,-0.4997,28,-0.0495,30,0.05083,34,0.32701
ENSG00000185658,BRWD1,125,-0.1186,56,-1.3430,72,-0.9637,150,0.15724,115,-0.2678,226,0.81720,184,0.48792,134,-0.0120,146,0.15283
ENSG00000205581,HMGN1,35,-0.8426,82,0.46414,132,1.25277,37,-0.7710,66,0.12555,70,0.22606,28,-1.1832,60,-0.0226,54,-0.2307
ENSG00000182093,GET1,51,-1.3940,150,0.24927,137,0.11073,223,0.89541,97,-0.4610,127,-0.0077,150,0.25435,140,0.14593,122,-0.0916
ENSG00000185437,SH3BGR,31,0.39575,48,1.09022,40,0.79042,21,-0.1872,23,-0.1072,15,-0.6859,26,0.08752,7,-1.7449,20,-0.3611
ENSG00000183036,PCP4,133,-0.4597,28,-2.7631,23,-3.0138,4,-5.4617,204,0.22471,4,-5.3920,628,2.14653,296,0.80693,200,0.24289
ENSG00000171587,DSCAM,27,1.04455,3,-2.0395,8,-0.8516,0,-4.3530,13,-0.1541,23,0.82116,11,-0.3981,14,-0.0098,17,0.46705
ENSG00000157601,MX1,169,3.71535,17,-0.5738,12,-1.0578,3,-3.0225,10,-1.3993,0,-4.7624,23,-0.0927,14,-0.8363,15,-0.9112
ENSG00000157617,C2CD2,50,2.14845,10,-0.4450,8,-0.7564,0,-4.3756,10,-0.5819,2,-2.9418,27,1.04042,11,-0.4157,13,-0.0705
ENSG00000173276,ZBTB21,34,1.35523,11,-0.4684,11,-0.3453,9,-0.7571,10,-0.5480,23,0.74467,21,0.56961,2,-2.6620,14,-0.0337
ENSG00000160188,RSPH1,38,0.85153,17,-0.4027,21,-0.1073,4,-2.4808,21,-0.0945,22,-0.0201,21,-0.0684,5,-2.2216,30,0.64994
ENSG00000160194,NDUFV3,279,0.76593,128,-0.4582,153,-0.1899,118,-0.5837,170,-0.0327,125,-0.4961,192,0.16782,175,0.02329,184,0.13230
ENSG00000160199,PKNOX1,2,-2.2656,11,0.22591,13,0.47822,0,-3.8240,12,0.36728,24,1.50610,16,0.85460,10,0.06655,6,-0.9060
ENSG00000160208,RRP1B,2,-2.3510,12,0.27494,14,0.47083,1,-3.1941,13,0.50004,24,1.36444,7,-0.5859,6,-0.6466,10,-0.0839
ENSG00000160209,PDXK,157,-0.1644,72,-1.3448,228,0.41420,217,0.33604,223,0.42454,188,0.11321,159,-0.1515,185,0.08786,156,-0.2365
ENSG00000160213,CSTB,241,0.77599,176,0.27496,273,0.98454,142,-0.0614,140,-0.0933,107,-0.5054,132,-0.1740,105,-0.5345,117,-0.4633
ENSG00000160214,RRP1,2,-3.4841,17,-0.3736,30,0.46410,12,-0.8665,16,-0.5545,28,0.37689,26,0.22440,15,-0.6198,32,0.80682
ENSG00000160216,AGPAT3,27,-1.4883,69,-0.1106,162,1.27503,78,0.07778,71,-0.0743,57,-0.3987,80,0.12753,65,-0.2108,71,-0.0972
ENSG00000141959,PFKL,89,-0.4116,131,0.18985,77,-0.6244,119,0.02818,102,-0.2252,136,0.24750,144,0.33262,115,-0.0156,124,0.14091
ENSG00000160226,CFAP410,2,-3.9137,24,-0.3343,58,1.03962,1,-4.0505,25,-0.3403,30,-0.0243,44,0.59125,27,-0.1486,39,0.57580
ENSG00000142185,TRPM2,2,-3.9388,8,-2.0084,5,-2.6080,85,1.68601,17,-0.9534,36,0.26456,59,1.03216,21,-0.5592,37,0.42316
ENSG00000184787,UBE2G2,7,-2.1741,32,0.05382,48,0.69786,31,0.00431,31,0.02083,28,-0.1559,41,0.45972,27,-0.2259,31,0.02488
ENSG00000184900,SUMO3,86,-0.8474,51,-1.6213,46,-1.7638,110,-0.4743,131,-0.2237,166,0.17015,229,0.68258,136,-0.1436,214,0.82352
ENSG00000183255,PTTG1IP,196,1.64626,166,1.35628,226,1.91530,40,-0.9190,62,-0.2493,35,-1.1085,15,-2.3278,28,-1.4109,28,-1.7139
ENSG00000160255,ITGB2,19,0.33205,39,1.55957,35,1.38559,9,-0.6803,29,1.22962,4,-1.9989,0,-6.2396,4,-1.7679,6,-1.5061
ENSG00000160256,FAM207A,36,0.90672,16,-0.3444,6,-1.7743,39,1.03813,18,-0.2166,16,-0.3597,30,0.61331,12,-0.8357,18,-0.1967
ENSG00000197381,ADARB1,2,-4.1368,7,-2.4132,3,-3.4948,79,1.30814,23,-0.6736,39,0.14782,59,0.82380,27,-0.3979,49,0.74337
ENSG00000182871,COL18A1,2,-2.7449,23,0.89769,53,2.34536,0,-4.2987,12,-0.1737,5,-1.3627,5,-1.3458,10,-0.4193,12,-0.1147
ENSG00000173638,SLC19A1,2,-2.3709,4,-1.2149,5,-0.9305,0,-3.9280,19,1.11957,7,-0.5651,14,0.49133,16,0.67385,11,0.23508
ENSG00000142156,COL6A1,2,-3.5966,14,-0.8603,38,0.62871,1,-4.0204,29,0.21932,4,-2.7550,46,0.96539,13,-1.0105,38,0.95872
ENSG00000160284,SPATC1L,2,-3.4559,19,-0.2509,30,0.50281,0,-5.0050,26,0.29386,50,1.31962,29,0.41609,25,0.21235,20,-0.2195
ENSG00000160285,LSS,2,-3.7799,87,1.93230,66,1.41890,27,-0.0018,30,0.15715,20,-0.4848,19,-0.5742,13,-1.1616,16,-1.0183
ENSG00000160294,MCM3AP,75,1.10346,40,0.09142,26,-0.5883,47,0.34944,25,-0.6475,46,0.31831,35,-0.1148,50,0.43349,30,-0.4354
ENSG00000182362,YBEY,3,-2.2034,35,1.39408,14,-0.0549,24,0.77423,17,0.27318,8,-0.9002,4,-1.8542,26,0.90437,10,-0.6291
ENSG00000160299,PCNT,2,-3.6729,13,-1.0158,12,-1.1735,8,-1.6301,27,0.12231,48,0.99357,26,0.03143,27,0.10501,35,0.72689
ENSG00000160305,DIP2A,197,2.97450,40,0.06611,28,-0.4499,13,-1.5735,26,-0.6388,95,1.51105,12,-1.6598,20,-0.9570,9,-2.4356
ENSG00000160307,S100B,149,-2.1581,3220,2.96325,1935,1.89545,179,-1.8907,608,-0.0566,183,-1.8568,115,-2.5390,369,-0.8157,201,-2.0241
ENSG00000160310,PRMT2,17,-3.1699,162,0.19050,174,0.30211,195,0.48423,149,0.06182,189,0.43489,147,0.03565,213,0.62252,118,-0.3900
ENSG00000177663,IL17RA,2,-2.2131,19,1.14910,11,0.22873,0,-3.7720,11,0.33435,9,0.06635,6,-0.6880,4,-1.3034,11,0.48046
ENSG00000183307,TMEM121B,70,1.89439,2,-3.1450,0,-6.9912,4,-2.3821,13,-0.8715,57,1.50449,31,0.49684,12,-0.9334,23,0.00954
ENSG00000069998,HDHD5,2,-3.1725,17,-0.1203,30,0.81738,20,0.17059,16,-0.2266,19,0.10271,25,0.49035,20,0.17718,17,-0.0640
ENSG00000182902,SLC25A18,51,-0.2615,52,-0.2335,168,1.70472,39,-0.6544,94,0.79602,33,-0.9185,9,-2.7029,71,0.25514,43,-0.6589
ENSG00000131100,ATP6V1E1,608,0.48364,241,-0.9503,267,-0.7928,407,-0.1499,310,-0.6114,504,0.18450,711,0.73648,415,-0.1200,514,0.29297
ENSG00000099968,BCL2L13,2,-3.6867,23,-0.3118,47,0.79942,56,1.08263,19,-0.6552,14,-1.0185,31,0.14533,21,-0.4213,34,0.38970
ENSG00000015475,BID,40,-0.2551,20,-1.2495,52,0.14760,7,-2.7524,59,0.38028,82,0.88017,43,-0.1453,55,0.23243,49,0.08613
ENSG00000243156,MICAL3,2,-4.3821,53,0.36701,36,-0.2502,81,1.05474,34,-0.3406,40,-0.0538,36,-0.2456,36,-0.2486,48,0.30751
ENSG00000215193,PEX26,79,1.75543,14,-1.0263,42,0.66509,29,0.06318,24,-0.2112,24,-0.1849,17,-0.7055,13,-1.1636,23,-0.3707
ENSG00000278558,TMEM191B,2,-3.4904,8,-1.5845,13,-0.8664,40,0.89809,20,-0.2012,15,-0.5705,33,0.61647,34,0.65182,27,0.39424
ENSG00000183628,DGCR6,2,-3.4607,17,-0.3707,14,-0.6696,20,-0.1507,24,0.17008,21,-0.0333,19,-0.2244,25,0.20921,30,0.66128
ENSG00000273032,DGCR9,2,-3.7138,6,-2.4289,1,-4.4962,4,-3.0673,27,-0.2417,32,0.04570,36,0.22000,62,1.13149,51,1.22525
ENSG00000070413,DGCR2,2,-5.0890,42,-0.7453,67,-0.0452,88,0.38852,54,-0.4049,88,0.38761,71,0.04336,61,-0.1963,92,0.65195
ENSG00000100056,ESS2,2,-2.9210,15,-0.0454,21,0.51045,0,-4.4324,12,-0.3571,15,-0.0330,11,-0.4153,13,-0.2440,24,1.05610
ENSG00000100075,SLC25A1,50,0.47181,82,1.31045,91,1.49262,10,-1.8555,29,-0.3730,23,-0.6864,20,-0.9306,57,0.70718,21,-1.0307
ENSG00000100084,HIRA,2,-3.1568,14,-0.3687,14,-0.3282,0,-4.7050,23,0.42599,28,0.69590,17,-0.0291,28,0.74046,20,0.28775
ENSG00000242259,C22orf39,128,0.85004,53,-0.5242,51,-0.5793,139,0.99928,50,-0.6555,79,0.08727,69,-0.1275,79,0.07725,69,-0.1746
ENSG00000185608,MRPL40,2,-4.8032,74,0.44343,86,0.66670,86,0.67095,47,-0.3115,48,-0.2313,42,-0.4619,57,0.01529,61,0.16437
ENSG00000070010,UFD1,2,-4.0832,44,0.42022,19,-0.8656,36,0.09739,27,-0.3620,63,0.99573,58,0.84815,13,-1.4205,38,0.22667
ENSG00000184113,CLDN5,188,1.77154,43,-0.6246,275,2.51941,2,-4.8661,109,0.92443,18,-1.9306,11,-2.6326,17,-1.9770,18,-2.1832
ENSG00000184702,SEPTIN5,118,0.97661,0,-6.4523,42,-0.6401,11,-2.6318,41,-0.7394,105,0.77163,104,0.75799,121,1.01378,64,-0.0262
ENSG00000203618,GP1BB,183,1.31400,3,-4.6772,69,-0.2620,161,1.09516,92,0.21134,129,0.72808,37,-1.1900,42,-1.0007,63,-0.5040
ENSG00000215012,RTL10,2,-3.1703,4,-1.9903,6,-1.5846,53,1.79364,10,-0.9196,14,-0.3472,23,0.39474,16,-0.1567,23,0.59484
ENSG00000184470,TXNRD2,2,-3.4459,7,-1.5725,32,0.62577,32,0.59674,22,0.04324,35,0.74861,25,0.21109,22,0.02162,21,-0.1028
ENSG00000093010,COMT,5,-4.0320,258,1.78102,177,1.10919,111,0.34483,98,0.15927,82,-0.1318,36,-1.3777,46,-1.0066,62,-0.7081
ENSG00000099889,ARVCF,2,-3.0909,7,-1.2969,55,1.95681,0,-4.6420,16,-0.0835,22,0.37947,30,0.89188,8,-1.0562,16,-0.1006
ENSG00000183597,TANGO2,2,-3.2535,14,-0.4991,20,0.09731,14,-0.4419,18,-0.0547,34,0.92739,20,0.07401,19,0.00155,22,0.29323
ENSG00000128191,DGCR8,2,-2.3719,12,0.29247,3,-1.8727,19,0.99127,12,0.34122,12,0.19775,5,-0.8878,2,-1.9139,13,0.51245
ENSG00000099899,TRMT2A,37,0.79572,18,-0.3442,30,0.46607,30,0.47151,18,-0.3687,23,0.08168,25,0.19903,16,-0.5034,18,-0.3547
ENSG00000099901,RANBP1,53,-0.9030,89,-0.1197,78,-0.3225,111,0.22370,96,-0.0026,84,-0.2090,132,0.49182,64,-0.6397,113,0.33001
ENSG00000099904,ZDHHC8,46,0.46384,21,-0.7650,34,-0.0198,2,-4.0859,28,-0.3474,28,-0.2878,64,0.99832,18,-0.9306,44,0.55967
ENSG00000040608,RTN4R,30,-1.3551,4,-4.1365,6,-3.5745,74,0.02739,35,-1.1583,25,-1.5795,168,1.37347,63,-0.2138,126,1.35167
ENSG00000128185,DGCR6L,2,-4.7677,53,-0.0619,46,-0.2549,15,-1.9377,63,0.24434,64,0.24375,57,0.06048,82,0.62974,67,0.43461
ENSG00000099910,KLHL22,2,-4.0312,19,-0.8988,32,-0.0665,30,-0.1782,26,-0.4115,45,0.45691,41,0.29497,37,0.15567,45,0.64032
ENSG00000099917,MED15,2,-4.2970,30,-0.4209,17,-1.2530,73,0.98605,35,-0.1769,58,0.61333,47,0.28003,35,-0.1888,45,0.27741
ENSG00000241973,PI4KA,314,-0.1508,37,-3.3232,133,-1.4488,247,-0.5175,229,-0.6820,497,0.57573,581,0.83038,337,-0.0415,474,0.71057
ENSG00000099940,SNAP29,2,-3.8891,33,0.16907,41,0.51289,27,-0.1212,24,-0.3262,40,0.46577,21,-0.5557,18,-0.7217,39,0.58309
ENSG00000099942,CRKL,48,-0.0429,55,0.19489,24,-1.0679,98,1.11788,42,-0.2554,22,-1.1899,83,0.83427,73,0.63291,37,-0.5289
ENSG00000183773,AIFM3,51,0.57301,27,-0.4046,80,1.32898,13,-1.4270,54,0.75802,20,-0.8534,18,-0.9923,15,-1.3138,31,-0.2256
ENSG00000099949,LZTR1,2,-3.2316,27,0.59399,11,-0.7809,1,-3.9577,17,-0.1735,22,0.22966,37,1.06610,10,-0.9310,25,0.64245
ENSG00000184436,THAP7,31,0.37130,26,0.10282,36,0.63962,7,-1.8159,20,-0.3241,14,-0.8067,27,0.17251,38,0.72268,24,-0.0285
ENSG00000099960,SLC7A4,2,-2.8452,0,-5.0848,0,-7.5193,15,0.03751,7,-1.0234,56,2.33706,22,0.65070,14,0.02839,15,0.17696
ENSG00000206140,TMEM191C,3,-1.5994,3,-1.6386,0,-7.1851,6,-0.7988,12,0.28617,14,0.59135,16,0.71990,8,-0.2541,14,0.71527
ENSG00000185651,UBE2L3,17,-2.9250,145,0.28716,114,-0.0876,151,0.35844,104,-0.2438,118,-0.0328,139,0.22410,146,0.29866,132,0.19689
ENSG00000161179,YDJC,2,-3.4947,15,-0.6131,14,-0.6938,0,-4.6674,26,0.24578,31,0.49916,44,1.06873,27,0.26086,27,0.37998
ENSG00000128228,SDF2L1,2,-3.6622,63,1.49760,40,0.70636,48,1.00928,21,-0.3174,13,-0.9647,17,-0.5667,27,0.09106,19,-0.5203
ENSG00000100023,PPIL2,2,-3.2746,21,0.12068,25,0.42973,14,-0.4577,13,-0.6248,31,0.77067,27,0.54935,12,-0.6982,23,0.35715
ENSG00000100027,YPEL1,60,1.36704,4,-2.7072,20,-0.3950,5,-2.2339,16,-0.7423,17,-0.6619,13,-0.9851,11,-1.2465,43,1.23391
ENSG00000100030,MAPK1,63,-2.5713,104,-1.8478,189,-0.9644,410,0.22497,233,-0.6925,595,0.82818,537,0.66066,226,-0.6921,506,0.81248
ENSG00000100034,PPM1F,2,-3.2177,15,-0.3526,10,-0.9413,14,-0.4700,21,0.17701,16,-0.1920,16,-0.2649,37,1.11563,23,0.43429
ENSG00000128266,GNAZ,50,-0.7875,69,-0.3179,26,-1.7470,41,-1.0890,86,0.03377,84,-0.0156,111,0.42443,112,0.43668,108,0.55087
ENSG00000100228,RAB36,32,1.43150,2,-2.7529,7,-0.9937,0,-4.3044,14,0.11268,12,-0.1761,12,-0.1140,11,-0.2806,17,0.53202
ENSG00000186716,BCR,94,0.21329,29,-1.5633,72,-0.1938,106,0.41165,76,-0.1254,79,-0.0463,78,-0.0746,56,-0.5892,100,0.42329
ENSG00000250479,CHCHD10,261,-0.5836,150,-1.4166,260,-0.5918,287,-0.4425,470,0.36219,335,-0.2024,537,0.54061,443,0.23550,437,0.29243
ENSG00000099956,SMARCB1,2,-4.2503,32,-0.2723,59,0.68084,39,0.05258,33,-0.2566,38,-0.0117,46,0.29480,26,-0.5590,47,0.45745
ENSG00000133460,SLC2A11,2,-3.2265,19,0.00963,17,-0.0952,16,-0.2145,14,-0.4075,48,1.55752,16,-0.2593,8,-1.2216,22,0.32288
ENSG00000240972,MIF,698,-0.7080,1021,-0.1263,937,-0.2591,1140,0.04597,1096,-0.0169,1138,0.04396,1465,0.44360,1114,0.01026,1171,0.11913
ENSG00000099977,DDT,277,0.44228,234,0.16905,243,0.23049,120,-0.8576,204,-0.0461,208,-0.0150,221,0.07881,253,0.29641,191,-0.1930
ENSG00000099991,CABIN1,2,-4.5971,27,-0.9130,27,-0.8856,1,-5.4543,50,0.05606,94,1.05280,101,1.18136,51,0.06020,58,0.36404
ENSG00000100014,SPECC1L,2,-3.3337,20,-0.0128,52,1.55285,1,-4.4403,17,-0.2725,19,-0.0655,24,0.27269,14,-0.5111,24,0.36441
ENSG00000138867,GUCD1,2,-2.3756,24,1.37973,9,-0.1101,15,0.59535,12,0.20782,16,0.68713,14,0.49644,10,-0.0192,5,-1.3386
ENSG00000100028,SNRPD3,13,-1.6617,67,0.79652,87,1.24290,5,-3.1255,44,0.16579,36,-0.1865,47,0.24300,41,0.01157,35,-0.2737
ENSG00000167037,SGSM1,2,-4.3032,8,-2.2951,3,-3.7629,73,0.97129,20,-1.0699,72,0.95937,58,0.60933,55,0.50357,51,0.55461
ENSG00000197077,KIAA1671,80,1.10013,6,-2.8060,35,-0.2250,24,-0.7647,40,-0.0121,87,1.23454,23,-0.8602,40,-0.0296,38,-0.1409
ENSG00000100077,GRK3,2,-5.0767,7,-3.3017,20,-1.7913,20,-1.8363,74,0.15621,137,1.13068,60,-0.1884,99,0.60090,97,0.82026
ENSG00000100095,SEZ6L,131,0.20767,11,-3.4403,69,-0.7771,77,-0.6109,92,-0.3710,340,1.82252,72,-0.7099,158,0.50878,112,-0.0449
ENSG00000128203,ASPHD2,2,-4.1493,1,-4.5080,40,0.17626,41,0.21567,20,-0.9277,105,1.79576,44,0.32802,21,-0.7728,42,0.36817
ENSG00000100099,HPS4,36,0.56277,19,-0.3837,40,0.74872,20,-0.3052,17,-0.5989,20,-0.3394,33,0.41718,46,0.99146,19,-0.5480
ENSG00000100104,SRRD,2,-3.4263,12,-0.8455,23,0.11198,43,1.11327,21,-0.0717,36,0.83615,25,0.25947,7,-1.6091,22,0.07146
ENSG00000100109,TFIP11,2,-2.7483,16,0.22105,9,-0.7367,0,-4.3883,17,0.34135,16,0.21413,11,-0.3550,6,-1.2736,22,1.04155
ENSG00000128294,TPST2,2,-3.5627,8,-1.6045,64,1.65153,14,-0.7977,21,-0.1623,43,0.94804,10,-1.3003,12,-0.9501,28,0.34458
ENSG00000225783,MIAT,58,-0.3372,3,-4.4828,8,-3.1326,30,-1.2891,73,0.02504,213,1.81756,92,0.38913,59,-0.2919,81,0.25606
ENSG00000180957,PITPNB,41,-0.8889,38,-1.0312,34,-1.1957,82,0.14494,65,-0.2254,104,0.52803,85,0.21699,104,0.52476,87,0.34657
ENSG00000235954,TTC28-AS1,2,-2.8085,28,1.12575,7,-1.0458,6,-1.2867,10,-0.5088,26,0.99031,10,-0.5083,11,-0.3863,18,0.53632
ENSG00000100209,HSCB,2,-2.7554,19,0.53617,26,1.06522,8,-0.6624,18,0.55026,15,0.18403,7,-1.0239,13,0.00898,12,-0.2796
ENSG00000159873,CCDC117,102,2.74791,12,-0.8631,6,-1.7321,0,-4.9772,12,-0.9078,17,-0.3573,15,-0.5036,18,-0.2703,21,-0.0480
ENSG00000100219,XBP1,2,-3.4183,33,0.66594,5,-1.9878,46,1.23374,13,-0.7611,36,0.84153,23,0.10698,16,-0.4001,22,0.09889
ENSG00000183579,ZNRF3,2,-3.2946,5,-1.9939,107,3.07184,12,-0.6918,27,0.57228,11,-0.8728,3,-2.7996,19,-0.0234,10,-1.1581
ENSG00000186998,EMID1,2,-3.3661,17,-0.2910,92,2.62055,0,-4.9158,36,0.99306,6,-1.7601,5,-2.0290,8,-1.3550,16,-0.4512
ENSG00000100263,RHBDD3,2,-2.8139,16,0.20853,20,0.57974,10,-0.4229,13,-0.1559,7,-1.0554,14,-0.0343,18,0.39615,17,0.45296
ENSG00000182944,EWSR1,80,-0.2799,113,0.27034,125,0.42206,14,-2.8064,99,0.06480,139,0.59045,100,0.07064,81,-0.2462,98,0.04814
ENSG00000185340,GAS2L1,49,-0.0395,20,-1.3832,48,-0.0846,32,-0.7083,58,0.24484,63,0.34976,53,0.08674,68,0.47999,51,0.04226
ENSG00000100276,RASL10A,2,-4.9685,6,-3.3697,49,-0.3784,1,-5.3250,49,-0.4149,180,1.74656,108,0.85310,30,-1.1150,86,0.70790
ENSG00000100280,AP1B1,104,0.33046,52,-0.7270,133,0.73119,88,0.06615,64,-0.4435,90,0.10805,105,0.35789,73,-0.2245,80,-0.1074
ENSG00000225465,RFPL1S,76,-0.2065,3,-4.7489,16,-2.4743,116,0.45068,81,-0.1255,115,0.43140,146,0.82267,88,0.00988,103,0.35726
ENSG00000100285,NEFH,89,-0.2429,5,-4.2509,28,-1.9811,229,1.28153,87,-0.3031,32,-1.7588,195,1.00256,97,-0.1212,127,0.42696
ENSG00000100296,THOC5,50,2.10850,9,-0.6268,15,0.07855,0,-4.3908,8,-0.8651,11,-0.4312,22,0.70569,6,-1.3229,14,-0.0610
ENSG00000184117,NIPSNAP1,2,-4.7064,19,-1.4933,29,-0.9211,63,0.29469,47,-0.1692,78,0.62196,71,0.47518,46,-0.1906,70,0.63564
ENSG00000186575,NF2,2,-3.5043,21,-0.1162,19,-0.2570,1,-4.1269,42,1.12653,23,0.05354,12,-0.9041,44,1.04258,22,-0.0629
ENSG00000100314,CABP7,2,-2.9887,1,-3.4392,6,-1.3104,0,-4.4973,44,1.99846,104,3.57093,0,-6.9007,0,-4.9531,1,-4.1720
ENSG00000100319,ZMAT5,2,-3.5511,31,0.42288,41,0.87329,48,1.14507,19,-0.3259,13,-0.8704,9,-1.3920,44,1.00691,20,-0.3398
ENSG00000184076,UQCR10,670,0.23723,330,-0.8563,545,-0.0870,546,-0.0859,556,-0.0603,481,-0.2804,629,0.13739,559,-0.0480,655,0.27532
ENSG00000100325,ASCC2,8,-0.4323,22,1.25617,20,1.09252,0,-3.9263,12,0.26581,27,1.56198,12,0.22557,1,-2.8014,4,-1.4246
ENSG00000100330,MTMR3,81,1.76092,27,-0.0715,32,0.20192,1,-3.9739,22,-0.3977,26,-0.0895,15,-0.8961,42,0.65030,24,-0.3306
ENSG00000099992,TBC1D10A,2,-2.9140,2,-2.8817,30,1.08561,29,1.03625,18,0.36255,21,0.50342,16,0.07134,4,-1.8198,14,-0.1715
ENSG00000099995,SF3A1,2,-4.6751,45,-0.1962,44,-0.2434,51,-0.0026,50,-0.0399,69,0.46545,59,0.20332,67,0.41291,58,0.24830
ENSG00000100003,SEC14L2,51,0.82970,26,-0.2074,16,-0.9712,0,-5.1670,38,0.37778,39,0.38279,28,-0.1057,15,-1.0737,36,0.34942
ENSG00000128242,GAL3ST1,2,-2.8625,99,3.65483,38,1.57997,2,-2.8792,11,-0.4895,4,-1.8657,2,-2.6203,0,-4.0933,5,-1.8363
ENSG00000100029,PES1,2,-3.4775,26,0.25031,38,0.83644,1,-4.6120,18,-0.3421,39,0.88267,32,0.57120,9,-1.4047,27,0.40308
ENSG00000184792,OSBP2,55,1.00562,20,-0.5914,1,-4.4900,84,1.72562,16,-0.9734,3,-3.0605,16,-0.9142,21,-0.5061,38,0.53728
ENSG00000133422,MORC2,2,-2.3225,8,-0.3089,2,-2.1968,0,-3.8802,13,0.41732,16,0.78571,15,0.64256,13,0.44236,12,0.33536
ENSG00000253352,TUG1,2,-3.3689,23,0.18923,40,1.03448,24,0.21428,25,0.32052,33,0.74130,20,-0.0355,17,-0.2709,15,-0.6212
ENSG00000198832,SELENOM,262,0.05296,185,-0.4831,378,0.63475,257,0.01791,223,-0.2159,268,0.08616,205,-0.3330,275,0.12800,255,0.01323
ENSG00000185133,INPP5J,59,1.70605,3,-2.7637,2,-3.3594,0,-4.9450,10,-1.1019,36,0.85429,16,-0.4343,20,-0.0992,29,0.72833
ENSG00000138942,RNF185,2,-3.0742,32,1.04706,22,0.45059,7,-1.2057,13,-0.4148,21,0.33605,14,-0.2952,8,-1.0033,21,0.50938
ENSG00000100100,PIK3IP1,2,-3.8115,64,1.32548,85,1.83918,6,-2.2977,27,-0.0621,37,0.43234,27,-0.0530,14,-1.0733,19,-0.7144
ENSG00000100105,PATZ1,2,-2.9484,38,1.47123,48,1.90601,9,-0.8014,15,-0.0354,9,-0.8518,11,-0.4466,2,-2.9295,13,-0.3786
ENSG00000185721,DRG1,38,-0.3561,32,-0.5942,50,0.06979,8,-2.6695,29,-0.8041,81,0.83729,104,1.25915,51,0.08909,50,0.09297
ENSG00000184708,EIF4ENIF1,24,-0.3844,16,-1.0003,30,-0.0171,30,-0.0414,16,-1.0455,52,0.83431,34,0.16982,15,-1.0375,42,0.66848
ENSG00000241878,PISD,79,0.96559,12,-1.8987,17,-1.3781,15,-1.5914,22,-1.1156,74,0.84229,54,0.35284,29,-0.6245,60,0.73583
ENSG00000183530,PRR14L,2,-2.7513,15,0.14945,10,-0.4343,0,-4.1707,15,0.19609,22,0.81086,15,0.17787,3,-2.0348,19,0.78956
ENSG00000100150,DEPDC5,2,-2.8871,8,-0.9457,1,-3.1244,7,-1.0433,7,-1.0832,14,-0.0562,15,0.07001,60,2.43043,17,0.31112
ENSG00000128245,YWHAH,1064,-0.3458,123,-3.5380,297,-2.2507,898,-0.6046,913,-0.6236,1673,0.36162,2342,0.90997,1802,0.48125,1817,0.70617
ENSG00000100220,RTCB,22,-1.3272,60,0.21291,40,-0.4196,52,-0.0333,39,-0.5027,59,0.16476,102,1.05295,68,0.40707,51,-0.0541
ENSG00000100225,FBXO7,64,0.24009,168,1.88329,68,0.33292,34,-0.7070,41,-0.4902,62,0.20653,29,-0.9822,62,0.18771,36,-0.8102
ENSG00000100234,TIMP3,38,-0.7460,38,-0.7339,384,3.44276,31,-1.0552,86,0.58483,19,-1.7741,5,-3.5066,22,-1.5702,23,-1.7266
ENSG00000133424,LARGE1,2,-5.1711,14,-2.4955,21,-1.8819,122,0.79182,55,-0.4999,150,1.13422,158,1.21760,72,-0.0531,80,0.14626
ENSG00000100281,HMGXB4,2,-2.2546,18,1.05461,9,0.00335,1,-3.1679,12,0.40153,1,-2.6384,10,0.12302,18,1.04630,9,0.02980
ENSG00000100284,TOM1,2,-4.2785,22,-0.8665,56,0.56135,19,-1.0984,34,-0.2055,49,0.37371,64,0.80136,40,0.05020,46,0.37203
ENSG00000100302,RASD2,2,-3.2348,2,-2.8645,5,-1.9141,27,0.59392,15,-0.3525,23,0.33786,36,1.04919,29,0.66278,22,0.35850
ENSG00000100320,RBFOX2,31,-1.8720,10,-3.4774,69,-0.7069,42,-1.4454,98,-0.1873,141,0.39741,172,0.71476,132,0.29119,158,0.83728
ENSG00000128335,APOL2,13,-1.8455,16,-1.5103,18,-1.3829,39,-0.2229,47,0.08212,45,-0.0009,59,0.44583,36,-0.3137,65,0.87025
ENSG00000100345,MYH9,3,-4.0193,64,0.32240,109,1.20165,2,-4.2521,55,0.09249,50,-0.0734,55,0.09530,47,-0.1580,59,0.26617
ENSG00000100348,TXN2,168,1.24067,77,-0.0311,72,-0.1353,42,-0.9308,76,-0.0490,75,-0.0670,76,-0.0359,103,0.44367,63,-0.4340
ENSG00000100350,FOXRED2,2,-4.2887,17,-1.2125,60,0.68219,3,-3.7089,49,0.37254,104,1.60186,37,-0.1053,48,0.31915,35,-0.2050
ENSG00000100353,EIF3D,73,0.62090,65,0.44293,60,0.31531,29,-0.8019,44,-0.1967,38,-0.3808,56,0.20892,39,-0.3707,48,-0.0550
ENSG00000100360,IFT27,2,-4.4360,43,-0.0141,22,-1.0278,82,1.01546,34,-0.3919,49,0.19131,53,0.32041,42,-0.0701,51,0.34060
ENSG00000100362,PVALB,2,-3.2086,0,-4.4948,0,-7.9141,0,-4.7214,27,0.66760,0,-4.4262,12,-0.6160,18,-0.0261,38,1.92986
ENSG00000128311,TST,2,-3.4083,74,2.11408,80,2.27733,0,-4.9578,33,0.77079,7,-1.5966,2,-2.9739,6,-1.9016,9,-1.4396
ENSG00000128309,MPST,2,-3.3069,84,2.50417,50,1.50810,19,-0.0749,16,-0.3189,10,-1.0051,6,-1.7312,14,-0.5550,10,-1.2173
ENSG00000100379,KCTD17,2,-5.1133,29,-1.3129,42,-0.7648,45,-0.6536,71,0.03196,109,0.71052,90,0.40154,53,-0.4083,98,0.78146
ENSG00000166897,ELFN2,2,-3.6133,3,-3.0737,16,-0.6154,2,-3.4133,30,0.36297,62,1.52239,22,-0.1881,44,0.91932,27,0.19441
ENSG00000128283,CDC42EP1,2,-3.8015,259,4.09257,80,1.40927,17,-1.0591,20,-0.8034,8,-2.1425,1,-4.3801,7,-2.3610,6,-2.9469
ENSG00000100083,GGA1,2,-4.0378,24,-0.4701,27,-0.3228,87,1.60241,29,-0.1834,38,0.22087,44,0.44027,30,-0.1375,29,-0.2267
ENSG00000241360,PDXP,234,-0.2458,34,-3.0990,105,-1.4519,270,-0.0259,231,-0.2851,339,0.33571,304,0.16217,347,0.37323,367,0.65543
ENSG00000100097,LGALS1,73,-2.1363,289,-0.0850,501,0.79418,450,0.61829,303,-0.0090,177,-0.8351,766,1.51989,198,-0.6672,226,-0.5856
ENSG00000273899,NOL12,2,-2.9813,28,0.92660,18,0.20313,31,1.09789,14,-0.1725,24,0.67922,30,1.03891,9,-0.8388,8,-1.1530
ENSG00000100106,TRIOBP,2,-2.3697,16,0.69045,31,1.85210,0,-3.9270,18,1.06178,5,-0.9472,6,-0.7276,8,-0.3220,6,-0.8129
ENSG00000189060,H1F0,2,-4.3413,44,-0.0351,39,-0.2102,55,0.31037,42,-0.1026,67,0.63492,36,-0.3180,56,0.33430,50,0.23050
ENSG00000100116,GCAT,2,-3.8549,22,-0.4471,48,0.79287,4,-2.8341,34,0.27695,27,-0.0831,48,0.80868,14,-1.0803,36,0.46494
ENSG00000100124,ANKRD54,23,-0.1180,16,-0.6643,56,1.29084,13,-0.9706,16,-0.7604,27,0.12891,39,0.68942,18,-0.4847,26,0.03894
ENSG00000100129,EIF3L,104,0.43135,77,-0.0426,113,0.55431,64,-0.3367,60,-0.4687,79,-0.0122,57,-0.5005,69,-0.2235,87,0.20338
ENSG00000100142,POLR2F,2,-5.3787,204,1.26896,106,0.20056,106,0.20317,93,-0.0003,66,-0.5445,83,-0.1881,111,0.27120,88,-0.1328
ENSG00000100146,SOX10,51,0.23429,230,3.00055,113,1.55501,12,-1.9586,39,-0.1915,11,-2.0586,6,-2.9153,35,-0.3319,9,-2.7254
ENSG00000100151,PICK1,13,-1.0422,33,0.31289,23,-0.2153,16,-0.7555,20,-0.4394,28,0.08488,28,0.05446,20,-0.4707,37,0.68942
ENSG00000184381,PLA2G6,2,-3.5343,32,0.51407,35,0.65490,30,0.42123,18,-0.3888,38,0.76547,11,-1.1453,19,-0.3144,24,0.11555
ENSG00000198792,TMEM184B,2,-5.3137,84,0.06540,142,0.92260,84,0.06749,63,-0.3953,85,0.09212,107,0.44953,101,0.36413,78,-0.0599
ENSG00000213923,CSNK1E,90,0.10480,103,0.31592,107,0.37927,8,-3.3687,66,-0.4063,94,0.17017,104,0.33202,74,-0.1886,95,0.26755
ENSG00000168135,KCNJ4,80,0.30701,2,-4.9593,10,-2.7055,33,-1.0380,44,-0.6643,78,0.26874,85,0.39577,40,-0.7437,110,1.23855
ENSG00000100201,DDX17,107,-0.7112,219,0.40639,283,0.82251,101,-0.7943,175,0.05595,191,0.18624,149,-0.2010,130,-0.4098,168,-0.0140
ENSG00000100211,CBY1,2,-2.7121,23,0.86956,24,0.99749,3,-2.2191,11,-0.2256,12,-0.1168,14,0.09107,6,-1.1286,16,0.40768
ENSG00000100216,TOMM22,133,0.89336,47,-0.7498,60,-0.3746,54,-0.5422,82,0.13008,50,-0.6308,87,0.19797,81,0.09510,79,0.07056
ENSG00000100221,JOSD1,2,-4.4926,25,-0.8700,30,-0.6477,79,0.90041,37,-0.3462,48,0.10325,34,-0.4356,71,0.71993,56,0.47326
ENSG00000100226,GTPBP1,2,-3.6359,35,0.54653,25,-0.0090,82,2.01344,14,-0.8747,15,-0.7862,18,-0.4500,17,-0.5430,25,0.00689
ENSG00000100242,SUN2,86,-0.2767,408,2.39578,186,0.95541,18,-2.5545,73,-0.5612,56,-0.9291,81,-0.3546,76,-0.4630,69,-0.7602
ENSG00000100246,DNAL4,2,-4.3939,10,-2.0538,19,-1.1876,67,0.72737,26,-0.7812,31,-0.4717,119,1.71924,42,0.00354,52,0.43343
ENSG00000221890,NPTXR,49,-2.6357,30,-3.3506,20,-3.9463,254,-0.1836,183,-0.7325,89,-1.7643,547,1.05025,252,-0.1928,527,1.56025
ENSG00000183741,CBX6,212,0.52593,68,-1.2248,85,-0.8911,194,0.38366,184,0.32309,166,0.13020,135,-0.1825,182,0.28139,143,-0.1350
ENSG00000100307,CBX7,22,-1.1269,43,-0.1388,24,-1.0176,5,-3.2539,59,0.40980,41,-0.2143,71,0.66484,72,0.67870,53,0.26879
ENSG00000100311,PDGFB,2,-2.9743,6,-1.3753,12,-0.4077,32,1.13900,11,-0.5831,10,-0.5935,28,0.94823,26,0.80832,16,0.06775
ENSG00000100316,RPL3,577,-0.2043,999,0.66683,731,0.16618,577,-0.2021,847,0.44224,443,-0.6094,506,-0.4044,783,0.27493,560,-0.3246
ENSG00000100321,SYNGR1,312,0.42939,29,-3.1420,63,-1.9851,186,-0.3778,158,-0.6722,234,-0.0296,397,0.81908,240,0.01302,329,0.73523
ENSG00000100324,TAB1,2,-2.6014,20,0.78779,11,-0.1608,0,-4.1564,11,-0.0952,16,0.46380,29,1.43327,7,-0.8510,12,0.01735
ENSG00000128268,MGAT3,59,-0.0032,45,-0.4363,17,-1.8225,55,-0.1140,40,-0.6566,53,-0.1663,40,-0.5924,66,0.17534,89,0.93739
ENSG00000100335,MIEF1,2,-3.4365,21,-0.0587,14,-0.6179,20,-0.1052,21,-0.0456,23,0.06940,31,0.58865,9,-1.3402,30,0.71296
ENSG00000128272,ATF4,92,-0.7701,174,0.21805,135,-0.1761,61,-1.3849,138,-0.1639,144,-0.0766,198,0.42502,153,0.01889,184,0.42734
ENSG00000187051,RPS19BP1,153,0.02029,150,-0.0054,194,0.39604,68,-1.2101,164,0.14228,125,-0.2938,175,0.23620,143,-0.0787,156,0.07271
ENSG00000100346,CACNA1I,2,-3.5203,0,-9.6803,6,-2.0354,0,-4.8149,17,-0.5088,31,0.45915,29,0.36155,23,0.02500,43,1.62879
ENSG00000100354,TNRC6B,2,-4.6699,68,0.43646,50,-0.0339,81,0.73292,53,0.07327,63,0.32046,42,-0.2993,48,-0.1163,51,0.00772
ENSG00000239900,ADSL,2,-3.3803,19,-0.6182,28,0.01991,25,-0.1694,22,-0.4054,36,0.39699,31,0.15854,37,0.42790,35,0.51357
ENSG00000100359,SGSM3,2,-4.6182,25,-1.0130,45,-0.1405,114,1.36078,43,-0.2419,53,0.11474,51,0.04896,71,0.56518,49,-0.0166
ENSG00000196588,MRTFA,2,-4.2940,11,-1.8559,18,-1.1639,53,0.47756,26,-0.7003,81,1.16050,56,0.56289,77,1.07873,40,0.05917
ENSG00000128285,MCHR1,2,-2.5067,1,-3.2314,3,-1.7967,3,-1.7523,7,-0.6398,11,0.02529,17,0.68109,1,-3.2946,23,1.87764
ENSG00000100372,SLC25A17,2,-3.4338,23,0.12454,16,-0.4838,19,-0.1638,14,-0.7414,32,0.63838,16,-0.4895,22,0.00499,31,0.80726
ENSG00000100380,ST13,26,-3.0481,362,0.89844,352,0.85507,202,-0.0340,178,-0.2461,160,-0.3996,196,-0.0845,257,0.34360,194,-0.1324
ENSG00000196236,XPNPEP3,2,-2.3647,16,0.66286,16,0.71356,29,1.69269,14,0.49996,8,-0.3065,6,-0.7687,1,-3.4137,7,-0.7153
ENSG00000100387,RBX1,187,-0.4064,333,0.49781,277,0.20605,155,-0.6901,202,-0.3058,224,-0.1277,297,0.31633,278,0.21074,251,0.06713
ENSG00000100393,EP300,2,-3.4966,28,0.34916,24,0.07129,17,-0.3885,28,0.35404,35,0.67749,9,-1.3105,34,0.64387,22,-0.0355
ENSG00000100395,L3MBTL2,123,1.92339,15,-1.4668,23,-0.8285,23,-0.8148,21,-0.9812,41,0.08123,36,-0.1102,22,-0.8367,46,0.33305
ENSG00000100399,CHADL,2,-3.7017,146,3.14825,52,1.10515,17,-0.6450,21,-0.3688,20,-0.3911,1,-3.8945,14,-0.9476,11,-1.4978
ENSG00000100401,RANGAP1,77,-0.9689,94,-0.6704,92,-0.7024,177,0.29958,104,-0.5718,234,0.75144,225,0.68452,161,0.14476,158,0.16892
ENSG00000100403,ZC3H7B,2,-3.8099,51,0.61647,46,0.45707,10,-1.8883,48,0.54701,33,-0.0852,27,-0.3905,55,0.73636,33,-0.1096
ENSG00000167074,TEF,96,0.89881,23,-1.2634,23,-1.2730,52,-0.0693,39,-0.5422,67,0.31155,47,-0.2217,48,-0.2073,69,0.50221
ENSG00000183864,TOB2,2,-3.9895,90,1.72181,119,2.25912,41,0.39566,29,-0.1372,31,-0.0351,10,-1.6867,9,-1.7975,13,-1.5790
ENSG00000100410,PHF5A,2,-3.5945,46,1.03675,32,0.44084,23,-0.0996,20,-0.2837,16,-0.5805,31,0.41207,16,-0.5747,27,0.19898
ENSG00000100412,ACO2,141,-0.7611,157,-0.6027,316,0.48502,263,0.19126,246,0.09493,207,-0.1822,186,-0.3468,220,-0.0818,260,0.24035
ENSG00000100413,POLR3H,64,-0.0037,31,-1.1090,60,-0.1149,44,-0.5894,61,-0.0908,77,0.28204,80,0.32839,86,0.45379,69,0.12955
ENSG00000172346,CSDC2,2,-2.5183,5,-1.1356,0,-6.6845,16,0.58624,14,0.38483,4,-1.4965,6,-0.8696,17,0.59693,17,0.94452
ENSG00000100417,PMM1,122,0.78755,44,-0.7959,66,-0.1797,65,-0.2011,56,-0.4535,72,-0.0401,105,0.54587,44,-0.7824,83,0.24804
ENSG00000100418,DESI1,27,-0.7338,59,0.44182,90,1.14407,26,-0.7862,43,-0.0608,38,-0.2406,34,-0.3875,27,-0.7514,47,0.13257
ENSG00000196419,XRCC6,17,-3.3726,125,-0.4439,177,0.09295,191,0.21286,104,-0.7792,191,0.21300,202,0.30176,277,0.80919,196,0.34082
ENSG00000100138,SNU13,368,0.27305,150,-1.1000,221,-0.5183,184,-0.7947,235,-0.4626,317,0.03727,421,0.48677,486,0.71890,352,0.27532
ENSG00000198911,SREBF2,11,-3.8973,85,-0.9229,97,-0.7209,320,1.17211,110,-0.5740,172,0.15818,202,0.41494,135,-0.2202,195,0.49689
ENSG00000205704,LINC00634,2,-4.2617,10,-2.0008,41,0.09832,33,-0.2552,53,0.57338,52,0.47579,57,0.62916,34,-0.1741,41,0.13757
ENSG00000100167,SEPTIN3,327,0.21722,61,-2.3052,160,-0.8820,183,-0.6805,308,0.13532,308,0.12524,404,0.55511,298,0.07259,336,0.35848
ENSG00000183172,SMDT1,146,-0.1435,147,-0.1403,226,0.54352,130,-0.3318,183,0.22880,130,-0.3285,159,-0.0139,171,0.09909,153,-0.1002
ENSG00000184983,NDUFA6,241,0.57378,104,-0.7313,141,-0.2618,88,-0.9788,175,0.07402,77,-1.1844,185,0.15548,272,0.77198,180,0.15333
ENSG00000100207,TCF20,2,-3.4640,12,-0.9454,9,-1.3195,20,-0.1774,20,-0.1502,32,0.57923,27,0.30806,46,1.18561,25,0.24963
ENSG00000189306,RRP7A,20,-1.3464,37,-0.4070,52,0.10134,87,0.91953,40,-0.3309,65,0.44584,60,0.31591,51,0.05634,46,-0.1291
ENSG00000100227,POLDIP3,28,-0.0225,46,0.79761,41,0.58831,7,-2.0415,32,0.24666,38,0.48766,21,-0.4662,24,-0.2186,24,-0.3339
ENSG00000100243,CYB5R3,178,0.31262,194,0.45117,226,0.69557,84,-0.8363,132,-0.1653,133,-0.1407,135,-0.1217,176,0.29174,127,-0.2875
ENSG00000242247,ARFGAP3,3,-3.0596,30,0.38436,60,1.55071,17,-0.4927,17,-0.4941,27,0.21906,33,0.53964,9,-1.3613,23,-0.0686
ENSG00000100266,PACSIN2,53,0.59525,26,-0.5393,55,0.64549,30,-0.2887,23,-0.7209,22,-0.7860,39,0.11103,36,-0.0219,42,0.28252
ENSG00000100271,TTLL1,2,-2.7866,9,-0.5450,9,-0.5881,6,-1.1261,13,-0.0590,22,0.70862,17,0.33379,13,-0.0444,18,0.62381
ENSG00000100294,MCAT,2,-3.6782,7,-1.8190,5,-2.3930,33,0.39641,27,0.09719,39,0.67669,32,0.36148,26,0.00178,34,0.59642
ENSG00000100300,TSPO,2,-3.9372,121,2.36489,83,1.64935,17,-0.9038,37,0.31863,11,-1.4726,14,-1.1452,32,0.07064,11,-1.7940
ENSG00000100304,TTLL12,39,1.32028,10,-0.7536,0,-7.8734,2,-3.0832,18,0.11839,14,-0.3170,23,0.44606,12,-0.5563,22,0.50908
ENSG00000186732,MPPED1,2,-5.7754,5,-4.4274,68,-0.7441,350,1.94568,89,-0.3638,226,1.15656,107,-0.0479,168,0.66699,83,-0.5545
ENSG00000130540,SULT4A1,590,1.56876,12,-4.3540,53,-2.1863,276,0.29624,135,-0.8600,263,0.21747,307,0.46498,202,-0.1915,250,0.18959
ENSG00000100347,SAMM50,47,0.10841,39,-0.1608,41,-0.0954,49,0.16172,32,-0.4912,43,-0.0399,67,0.67181,29,-0.6201,47,0.16406
ENSG00000188677,PARVB,96,0.87638,5,-3.3427,45,-0.3128,60,0.11854,64,0.24112,269,2.82238,18,-1.6652,16,-1.8821,21,-1.7335
ENSG00000138944,SHISAL1,38,-0.1769,1,-4.6481,9,-2.2160,102,1.44020,42,-0.0090,80,1.00653,49,0.23559,28,-0.6150,40,-0.1317
ENSG00000188636,RTL6,2,-4.2524,30,-0.3821,54,0.54423,16,-1.2978,35,-0.1319,48,0.36279,59,0.67594,31,-0.3402,47,0.43945
ENSG00000186654,PRR5,3,-2.2430,3,-2.2139,1,-3.2738,0,-4.5033,24,0.75349,8,-0.9623,22,0.54931,28,0.94984,22,0.76261
ENSG00000093000,NUP50,2,-4.2550,21,-0.8844,19,-1.0874,36,-0.1242,36,-0.1093,50,0.40916,41,0.07874,46,0.26283,54,0.75180
ENSG00000100364,KIAA0930,90,-0.5036,302,1.44180,196,0.71272,88,-0.5509,153,0.34334,122,-0.0413,101,-0.3424,103,-0.3132,81,-0.8388
ENSG00000077942,FBLN1,2,-3.7311,12,-1.1292,145,3.07970,21,-0.3656,46,0.96934,7,-1.8891,4,-2.7449,5,-2.3747,14,-1.1139
ENSG00000130638,ATXN10,76,-1.7485,128,-0.9865,167,-0.5863,285,0.24598,153,-0.7675,336,0.50642,379,0.70090,296,0.30624,300,0.45054
ENSG00000241990,PRR34-AS1,2,-3.1150,45,1.55178,25,0.59164,20,0.21323,25,0.65145,16,-0.1119,10,-0.7742,23,0.42543,8,-1.2921
ENSG00000100416,TRMU,2,-3.3265,24,0.28687,26,0.38336,2,-2.9686,15,-0.4654,16,-0.3074,27,0.46217,25,0.34686,27,0.66059
ENSG00000075240,GRAMD4,2,-3.7167,12,-1.2194,36,0.47881,21,-0.3153,24,-0.1824,33,0.33187,35,0.43937,25,-0.0773,33,0.49160
ENSG00000100422,CERK,72,0.15095,14,-2.3287,123,1.00192,153,1.37510,36,-0.9538,38,-0.8140,59,-0.1775,97,0.61310,57,-0.2981
ENSG00000054611,TBC1D22A,2,-3.1427,22,0.32569,23,0.42422,46,1.58012,10,-0.8528,23,0.43634,12,-0.5777,8,-1.1135,18,0.03766
ENSG00000219438,TAFA5,30,-1.2187,81,0.28498,45,-0.6154,47,-0.5556,59,-0.2047,34,-1.0174,57,-0.2410,126,1.01069,84,0.47946
ENSG00000182858,ALG12,2,-2.2666,11,0.22166,8,-0.2326,0,-3.8279,9,-0.0730,20,1.14616,12,0.39174,1,-3.3101,13,0.65900
ENSG00000184164,CRELD2,38,0.54577,40,0.62832,27,0.02596,0,-5.2795,17,-0.7475,36,0.49123,19,-0.5180,22,-0.2583,32,0.42916
ENSG00000198355,PIM3,4,-2.8176,36,0.27251,29,-0.0894,9,-1.8048,23,-0.4695,38,0.36440,66,1.25888,23,-0.4350,36,0.36270
ENSG00000100427,MLC1,39,-1.1135,105,0.39507,423,2.97228,30,-1.5032,127,0.77350,30,-1.4882,8,-3.3715,19,-2.1494,39,-1.3574
ENSG00000073150,PANX2,34,0.27593,3,-3.0219,10,-1.5680,20,-0.5458,31,0.13872,15,-0.9121,25,-0.1635,25,-0.1612,43,0.99119
ENSG00000170638,TRABD,141,3.72788,19,-0.0815,9,-1.2673,18,-0.1411,6,-1.9326,13,-0.6249,10,-1.0647,0,-4.5799,10,-1.2221
ENSG00000073169,SELENOO,2,-3.3117,18,-0.1098,8,-1.2565,15,-0.4586,21,0.11940,34,0.85522,20,0.01954,14,-0.5234,26,0.58791
ENSG00000128159,TUBGCP6,74,1.21048,15,-1.2416,24,-0.5837,65,0.98204,21,-0.8557,32,-0.1215,27,-0.4122,32,-0.1552,36,0.07767
ENSG00000188130,MAPK12,10,-0.7167,4,-1.9348,33,1.20516,13,-0.2543,18,0.18598,7,-1.1210,19,0.27680,8,-0.9324,19,0.35308
ENSG00000185386,MAPK11,31,0.46271,5,-2.1737,4,-2.3489,17,-0.4412,22,-0.0886,65,1.70832,33,0.56318,14,-0.7537,22,-0.1347
ENSG00000196576,PLXNB2,2,-3.7854,23,-0.2464,100,2.19581,18,-0.6434,33,0.30510,23,-0.2742,24,-0.2181,19,-0.5981,21,-0.5369
ENSG00000205593,DENND6B,2,-4.0378,8,-2.0696,24,-0.4909,21,-0.6717,21,-0.6911,51,0.70093,45,0.49252,48,0.58747,47,0.78127
ENSG00000100239,PPP6R2,34,-0.5460,34,-0.5548,44,-0.1635,21,-1.2611,46,-0.1030,67,0.47230,80,0.76627,48,-0.0545,55,0.22996
ENSG00000100241,SBF1,2,-5.3368,90,0.15311,106,0.41190,135,0.80670,95,0.27044,80,-0.0328,71,-0.2089,84,0.05433,75,-0.1638
ENSG00000100258,LMF2,2,-3.7354,37,0.51756,29,0.14855,23,-0.2357,26,-0.0595,30,0.16211,39,0.60655,32,0.26363,26,-0.0581
ENSG00000025770,NCAPH2,17,-0.6517,21,-0.3229,47,0.91968,6,-2.1720,22,-0.2707,35,0.46050,30,0.19168,15,-0.8510,31,0.38930
ENSG00000284194,SCO2,2,-3.0529,9,-0.9491,2,-2.8166,0,-4.5838,17,0.07573,27,0.75147,18,0.15915,21,0.37723,25,0.97859
ENSG00000100288,CHKB,2,-3.1402,9,-1.0434,6,-1.5034,0,-4.6908,20,0.25861,35,1.11074,26,0.59162,14,-0.3206,24,0.67292
ENSG00000008735,MAPK8IP2,300,0.47962,37,-2.6779,104,-1.1477,164,-0.4650,235,0.09941,330,0.63335,265,0.28341,290,0.42864,230,0.07867
ENSG00000100299,ARSA,2,-3.0956,18,0.07269,19,0.18682,47,1.65472,12,-0.4941,18,0.07366,12,-0.4797,13,-0.3776,17,-0.0273
ENSG00000251322,SHANK3,2,-3.4292,8,-1.4190,17,-0.4086,2,-3.0865,41,1.10000,26,0.22522,15,-0.6041,21,-0.1156,29,0.58931
ENSG00000079974,RABL2B,74,1.48188,8,-1.8631,19,-0.7141,39,0.42136,17,-0.8645,18,-0.7739,33,0.17244,26,-0.2260,34,0.27959
ENSG00000182378,PLCXD1,2,-2.0221,6,-0.4562,0,-6.8847,0,-3.5216,14,1.04209,17,1.22747,14,0.93676,4,-1.0945,8,-0.0256
ENSG00000178605,GTPBP6,2,-3.8219,46,0.75230,24,-0.2464,34,0.26934,34,0.29525,38,0.44641,33,0.24116,16,-0.8294,27,-0.0849
ENSG00000169100,SLC25A6,160,-0.8508,179,-0.6809,233,-0.2762,286,0.04110,275,-0.0217,301,0.12038,328,0.25357,393,0.54390,299,0.14440
ENSG00000169093,ASMTL,22,-1.2944,33,-0.7193,47,-0.1889,20,-1.4666,50,-0.0964,41,-0.3875,64,0.29529,95,0.91579,67,0.51067
ENSG00000197976,AKAP17A,5,-1.2144,32,1.48400,6,-1.1256,0,-4.2244,9,-0.5431,21,0.75917,13,0.05436,17,0.46643,13,0.06673
ENSG00000214717,ZBED1,2,-3.2765,28,0.59969,14,-0.4959,40,1.15013,14,-0.5186,1,-3.8707,16,-0.2975,28,0.57894,24,0.43290
ENSG00000002586,CD99,2,-5.4441,287,1.99542,456,2.97766,0,-6.9827,94,0.11327,32,-1.5279,12,-2.9218,33,-1.4970,34,-1.7079
ENSG00000146938,NLGN4X,2,-4.1874,12,-1.6835,21,-0.8342,15,-1.3560,26,-0.5469,53,0.57176,44,0.29947,36,-0.0249,60,1.19517
ENSG00000101846,STS,41,0.62146,2,-3.7524,1,-4.6267,0,-5.0567,20,-0.5058,21,-0.3864,35,0.37533,17,-0.7217,50,1.49020
ENSG00000006757,PNPLA4,2,-2.6517,13,0.06602,2,-2.6232,0,-4.2014,16,0.42673,18,0.56948,8,-0.5786,19,0.69450,17,0.64889
ENSG00000011201,ANOS1,91,0.77811,13,-2.1003,124,1.30551,132,1.40957,24,-1.3324,3,-4.3322,28,-1.0232,23,-1.3398,66,0.34691
ENSG00000101849,TBL1X,2,-2.5493,24,1.13442,20,0.85258,1,-3.6081,21,1.03906,15,0.38209,6,-0.8901,3,-1.7067,9,-0.3703
ENSG00000146950,SHROOM2,2,-3.3355,5,-2.0468,3,-2.5113,70,2.10394,16,-0.3975,10,-0.9820,22,0.14095,5,-2.0023,28,0.74911
ENSG00000047644,WWC3,2,-2.0380,22,1.64482,1,-2.9724,7,-0.2283,10,0.34310,12,0.58450,2,-1.9063,0,-3.3466,10,0.39038
ENSG00000073464,CLCN4,2,-5.6574,99,-0.0403,94,-0.1246,88,-0.2191,62,-0.7982,151,0.62815,115,0.19038,140,0.50137,127,0.49097
ENSG00000004961,HCCS,109,1.73596,6,-2.7060,32,-0.2831,65,0.83174,14,-1.5387,35,-0.1605,37,-0.0409,42,0.12686,36,-0.1201
ENSG00000005302,MSL3,2,-3.9442,15,-1.0909,22,-0.4847,40,0.39196,25,-0.3233,51,0.80404,47,0.67636,26,-0.2677,37,0.37749
ENSG00000169933,FRMPD4,2,-4.3866,0,-6.8349,26,-0.7502,98,1.35153,24,-0.8898,126,1.81789,46,0.12359,36,-0.2346,42,-0.0051
ENSG00000101911,PRPS2,66,1.69622,9,-1.4725,21,-0.1686,5,-2.1158,16,-0.6360,52,1.26115,30,0.38834,16,-0.6146,19,-0.4215
ENSG00000205542,TMSB4X,2025,-0.4918,3827,0.50445,3283,0.25888,3300,0.26713,2566,-0.1386,2549,-0.1376,2930,0.07954,3253,0.24472,2476,-0.2390
ENSG00000123595,RAB9A,2,-3.5609,75,1.92828,46,1.06893,0,-4.9136,30,0.41675,13,-0.8732,16,-0.5627,29,0.34583,16,-0.7187
ENSG00000196459,TRAPPC2,2,-3.3808,16,-0.3887,11,-0.9710,2,-3.1144,20,-0.0215,31,0.61408,32,0.69372,15,-0.4527,30,0.82616
ENSG00000046651,OFD1,2,-2.2436,27,1.74627,31,2.00668,0,-3.8022,12,0.41878,9,-0.0164,4,-1.0570,13,0.53032,2,-2.1709
ENSG00000046653,GPM6B,337,-1.3980,2879,2.08606,1637,1.06746,353,-1.3304,932,0.16451,551,-0.6597,559,-0.6383,356,-1.3189,618,-0.6167
ENSG00000101958,GLRA2,2,-2.8896,0,-5.2060,3,-2.2185,1,-3.1781,9,-0.7752,43,1.75205,26,0.88824,18,0.31719,20,0.68655
ENSG00000130150,MOSPD2,46,1.28114,108,2.96582,42,1.11621,0,-4.9297,8,-1.4141,12,-0.8239,9,-1.2329,6,-1.7038,7,-1.7952
ENSG00000087842,PIR,2,-3.0026,51,1.95248,47,1.79089,19,0.28167,17,0.12640,13,-0.3078,7,-1.2541,7,-1.2180,7,-1.5344
ENSG00000182287,AP1S2,2,-5.2147,101,0.48016,146,1.07608,62,-0.2835,46,-0.7875,9,-3.1425,39,-0.9866,112,0.64056,102,0.70505
ENSG00000169895,SYAP1,2,-4.4917,49,0.13881,76,0.83351,80,0.90307,36,-0.3901,23,-1.0342,54,0.28541,49,0.11061,46,0.03219
ENSG00000086712,TXLNG,2,-2.7355,16,0.26438,19,0.57850,10,-0.3565,13,-0.0652,6,-1.0927,8,-0.6969,34,1.52520,13,-0.0740
ENSG00000102054,RBBP7,2,-5.1663,83,0.20726,81,0.16838,149,1.17103,51,-0.5707,54,-0.4462,91,0.35915,79,0.14269,75,0.07439
ENSG00000169891,REPS2,2,-5.3801,48,-0.9833,65,-0.5310,114,0.33361,60,-0.6991,92,-0.0022,161,0.89083,140,0.66452,114,0.46340
ENSG00000008086,CDKL5,86,0.06411,21,-2.0248,30,-1.5028,130,0.72230,61,-0.5091,151,0.96459,127,0.67834,66,-0.3518,85,0.07080
ENSG00000131828,PDHA1,2,-5.2103,40,-0.9546,61,-0.3035,106,0.55102,54,-0.5303,79,0.09710,137,0.97102,92,0.33435,86,0.31047
ENSG00000147010,SH3KBP1,2,-4.6672,82,0.75367,25,-1.0854,131,1.54636,51,0.01203,26,-0.9947,61,0.28829,13,-1.9788,55,0.16027
ENSG00000173681,BCLAF3,2,-2.2831,13,0.52503,25,1.57736,0,-3.8176,14,0.59866,8,-0.1780,7,-0.3936,5,-0.9112,9,-0.1607
ENSG00000184368,MAP7D2,17,-2.5697,4,-4.6594,35,-1.5408,89,-0.1331,90,-0.1232,143,0.61488,193,1.11396,73,-0.4425,131,0.69004
ENSG00000173674,EIF1AX,55,-1.3965,151,0.12518,161,0.22296,205,0.60747,103,-0.5043,163,0.24230,177,0.37753,129,-0.1180,142,0.03149
ENSG00000177189,RPS6KA3,26,0.17718,7,-1.6846,16,-0.6220,16,-0.5601,17,-0.5189,34,0.55539,52,1.27816,10,-1.2809,28,0.34470
ENSG00000149970,CNKSR2,108,-0.3473,17,-3.0909,69,-1.0202,57,-1.3088,75,-0.9621,168,0.33856,217,0.75500,109,-0.3301,216,1.11613
ENSG00000012174,MBTPS2,78,2.11564,20,-0.1923,15,-0.6060,10,-1.2448,7,-1.6907,17,-0.4457,23,0.04985,21,-0.0663,23,0.06061
ENSG00000102172,SMS,2,-5.4328,16,-2.4796,36,-1.3365,104,0.28395,76,-0.2299,89,0.03604,178,1.16167,87,0.00529,117,0.65699
ENSG00000123131,PRDX4,2,-3.9811,77,1.45101,64,1.13282,19,-0.7564,38,0.31723,20,-0.7232,23,-0.4928,23,-0.4646,27,-0.3235
ENSG00000123130,ACOT9,2,-2.7903,7,-0.9578,4,-1.7040,0,-4.3434,18,0.48885,12,-0.1618,18,0.45661,20,0.58503,19,0.77262
ENSG00000130066,SAT1,141,0.25680,82,-0.5772,256,1.23863,201,0.83020,161,0.52499,53,-1.2388,38,-1.7020,89,-0.4607,93,-0.4959
ENSG00000184831,APOO,7,-3.2254,24,-1.4466,32,-1.0353,63,-0.0248,56,-0.2286,54,-0.2660,96,0.65267,80,0.34922,91,0.79735
ENSG00000130741,EIF2S3,45,-0.2947,57,0.05900,60,0.15634,64,0.25405,49,-0.1828,55,0.01787,53,-0.0332,59,0.13161,54,-0.0094
ENSG00000005889,ZFX,2,-2.6018,21,0.83994,16,0.45897,25,1.17982,10,-0.3544,20,0.82193,12,-0.0503,2,-2.1695,10,-0.4189
ENSG00000067992,PDK3,25,-0.9162,11,-2.0731,30,-0.6288,37,-0.3132,42,-0.1213,28,-0.7084,97,1.24009,25,-0.8597,62,0.72906
ENSG00000102230,PCYT1B,2,-3.0214,22,0.47046,4,-1.9933,31,1.03209,11,-0.5818,28,0.84081,17,0.07212,24,0.61722,15,-0.1348
ENSG00000004848,ARX,2,-5.1428,1,-5.4145,3,-4.6101,721,5.37052,18,-2.1091,10,-2.8199,2,-5.2202,64,-0.1643,21,-2.1057
ENSG00000157625,TAB3,2,-2.4879,13,0.20064,1,-3.3692,0,-4.0440,11,0.05504,8,-0.5150,21,1.04747,9,-0.2417,17,0.92806
ENSG00000198947,DMD,4,-3.0504,26,-0.3037,34,0.06579,13,-1.3568,40,0.38411,61,1.02492,44,0.50288,37,0.20970,30,-0.1585
ENSG00000147027,TMEM47,2,-5.3933,51,-0.7750,326,2.32944,284,2.05458,73,-0.2436,29,-1.5899,18,-2.2618,48,-0.8774,49,-1.0305
ENSG00000130962,PRRG1,2,-3.3780,126,3.34100,58,1.68290,0,-4.7904,14,-0.6399,14,-0.5953,4,-2.3596,21,0.05120,4,-2.6087
ENSG00000047597,XK,2,-2.7158,0,-6.9833,4,-1.5914,0,-4.2693,8,-0.7081,25,1.01273,34,1.53983,10,-0.3827,19,0.91768
ENSG00000165169,DYNLT3,2,-5.4815,23,-2.1200,15,-2.7089,125,0.41593,68,-0.5780,56,-0.8269,196,1.14675,132,0.49920,142,0.89265
ENSG00000156298,TSPAN7,289,-1.3623,79,-3.2646,484,-0.5863,1037,0.60704,544,-0.4416,1168,0.80078,967,0.49261,792,0.17466,827,0.33383
ENSG00000165175,MID1IP1,39,-1.1837,344,2.43357,198,1.38604,21,-2.0666,91,0.11509,65,-0.4084,24,-1.8603,56,-0.6413,44,-1.2323
ENSG00000182220,ATP6AP2,93,-1.6815,137,-1.1054,241,-0.2558,395,0.52384,167,-0.8713,507,0.93225,492,0.88141,300,0.08715,298,0.10327
ENSG00000180182,MED14,2,-3.0682,30,0.92968,8,-1.1426,0,-4.6196,14,-0.3265,17,0.01297,25,0.63902,23,0.49914,21,0.51844
ENSG00000124486,USP9X,6,-3.6126,70,-0.1383,107,0.52039,26,-1.6177,60,-0.3977,98,0.38653,123,0.74636,68,-0.1908,95,0.46028
ENSG00000215301,DDX3X,5,-4.3436,115,0.25583,131,0.46507,132,0.48567,76,-0.4067,93,-0.0736,90,-0.1165,116,0.27966,108,0.21639
ENSG00000147044,CASK,2,-4.2256,39,0.04731,56,0.62194,43,0.21541,23,-0.8006,25,-0.6186,52,0.49869,44,0.25086,46,0.41965
ENSG00000171659,GPR34,2,-2.0450,27,1.95591,9,0.11447,3,-1.4366,19,1.55392,4,-0.9108,5,-0.6747,0,-4.0274,4,-1.0364
ENSG00000189221,MAOA,2,-3.6227,3,-2.7743,66,1.62225,0,-4.7663,46,1.12679,45,0.97636,31,0.34762,23,-0.0693,14,-1.0224
ENSG00000069535,MAOB,2,-4.9759,57,-0.1731,178,1.71483,93,0.59808,56,-0.2113,93,0.59666,43,-0.5770,59,-0.1006,47,-0.5808
ENSG00000124479,NDP,2,-3.5117,42,0.98110,27,0.27825,38,0.80230,34,0.72099,24,0.11240,35,0.69846,9,-1.3716,12,-1.1251
ENSG00000069509,FUNDC1,2,-4.4909,30,-0.5974,35,-0.3778,49,0.13644,37,-0.3519,52,0.21335,54,0.26763,48,0.08593,61,0.67278
ENSG00000147121,KRBOX4,2,-2.4601,9,-0.3256,6,-0.9081,11,0.05710,16,0.68119,20,0.99779,24,1.27951,5,-1.0065,8,-0.6230
ENSG00000147119,CHST7,53,2.22700,6,-1.3626,17,0.22214,24,0.82324,17,0.34183,4,-1.8589,1,-3.4352,9,-0.6114,9,-0.8141
ENSG00000065923,SLC9A7,2,-4.4765,5,-3.2643,6,-2.8700,109,1.46117,30,-0.6404,28,-0.7017,53,0.25713,55,0.32174,66,0.89022
ENSG00000130988,RGN,2,-2.8884,54,2.18571,47,1.93832,1,-3.0259,13,-0.2237,12,-0.3264,9,-0.7714,6,-1.3648,9,-0.9517
ENSG00000147123,NDUFB11,218,-0.2763,213,-0.3168,257,-0.0214,277,0.09553,232,-0.1953,263,0.01275,356,0.49053,242,-0.1188,275,0.11297
ENSG00000182872,RBM10,110,1.59440,44,0.07457,52,0.35904,15,-1.4862,40,-0.0818,28,-0.5971,22,-0.9694,40,-0.0740,38,-0.1937
ENSG00000130985,UBA1,53,-1.6647,116,-0.5124,153,-0.0854,220,0.48613,116,-0.5496,164,0.02715,276,0.85970,224,0.51970,165,0.04924
ENSG00000102225,CDK16,122,0.73913,43,-0.8778,61,-0.3361,23,-1.7708,81,0.09501,69,-0.1643,75,-0.0371,109,0.55884,83,0.16426
ENSG00000102226,USP11,110,-1.4015,83,-1.8073,171,-0.7402,600,1.26226,153,-0.9617,455,0.79694,347,0.35594,411,0.63018,278,0.01281
ENSG00000078061,ARAF,2,-2.5391,25,1.22160,23,1.09683,22,0.99388,18,0.81612,5,-1.2348,9,-0.2836,1,-3.0022,6,-1.0326
ENSG00000008056,SYN1,246,-0.6894,21,-4.2719,81,-2.3330,324,-0.2709,294,-0.4532,504,0.42151,684,0.92190,510,0.44218,514,0.64483
ENSG00000102265,TIMP1,2,-3.1230,37,1.19245,56,1.94735,22,0.39131,29,0.92950,4,-2.0823,4,-1.9936,7,-1.4015,9,-1.2095
ENSG00000126767,ELK1,2,-4.0697,9,-1.9168,17,-1.0598,35,0.04617,36,0.11852,51,0.65751,60,0.91532,20,-0.8169,43,0.54757
ENSG00000126756,UXT,39,-0.5505,122,1.28006,70,0.34745,71,0.37881,65,0.27688,24,-1.2902,33,-0.7840,59,0.10141,44,-0.4730
ENSG00000068438,FTSJ1,2,-3.2079,20,0.09600,6,-1.5896,10,-0.8431,18,0.00130,43,1.36877,33,0.92860,11,-0.7262,19,0.09587
ENSG00000102312,PORCN,2,-3.5759,11,-1.1321,10,-1.3064,18,-0.4200,24,0.04680,44,0.99306,36,0.66321,43,0.95328,24,0.01087
ENSG00000147155,EBP,6,-2.8293,15,-1.4581,43,0.13893,106,1.61706,23,-0.8613,71,0.93646,36,-0.1674,47,0.26779,36,-0.1743
ENSG00000068354,TBC1D25,2,-3.3553,10,-1.0277,6,-1.7679,1,-3.8973,19,-0.1562,64,1.90633,18,-0.1641,16,-0.3622,28,0.67344
ENSG00000102317,RBM3,23,-1.8331,78,-0.0264,72,-0.1445,125,0.73406,89,0.20603,76,-0.0589,76,-0.0505,68,-0.2343,83,0.09310
ENSG00000101940,WDR13,2,-5.2374,53,-0.5437,56,-0.4586,125,0.78711,91,0.30352,107,0.53852,108,0.55300,105,0.50481,63,-0.3775
ENSG00000094631,HDAC6,2,-3.9615,31,-0.0010,48,0.69166,40,0.38113,24,-0.4625,13,-1.3146,15,-1.1056,84,1.62517,31,0.01908
ENSG00000102109,PCSK1N,555,-0.3111,223,-1.6830,437,-0.6751,1031,0.66743,734,0.13612,510,-0.4413,639,-0.0933,823,0.30520,783,0.30917
ENSG00000102103,PQBP1,12,-2.1434,61,0.22430,33,-0.7219,82,0.69098,45,-0.2713,49,-0.1291,55,0.06746,88,0.80850,54,0.06054
ENSG00000126768,TIMM17B,2,-5.0298,67,0.03615,93,0.53922,93,0.54302,60,-0.1599,56,-0.2357,126,1.05094,77,0.24462,55,-0.3443
ENSG00000102100,SLC35A2,35,0.80750,21,-0.0097,2,-3.3322,37,0.92241,13,-0.7730,26,0.31921,24,0.21978,24,0.21016,19,-0.1574
ENSG00000102096,PIM2,40,1.30966,2,-3.2571,7,-1.3200,32,0.90540,11,-0.8356,8,-1.1029,32,0.93166,3,-2.3764,22,0.40260
ENSG00000068308,OTUD5,2,-4.8207,43,-0.4397,48,-0.2606,103,0.95690,58,0.04316,62,0.13789,79,0.51948,47,-0.3044,60,0.10369
ENSG00000068400,GRIPAP1,2,-4.9694,31,-1.0782,17,-1.9759,118,1.01204,45,-0.5377,121,1.04305,79,0.35187,107,0.83831,64,0.02295
ENSG00000068323,TFE3,65,0.64122,33,-0.4097,30,-0.5495,77,0.89928,35,-0.3578,31,-0.5054,28,-0.6725,46,0.09130,46,0.12625
ENSG00000243279,PRAF2,18,-2.7191,99,-0.2346,91,-0.3650,218,1.03102,99,-0.2539,149,0.41001,155,0.46908,95,-0.3007,118,0.05789
ENSG00000196998,WDR45,2,-4.4670,24,-0.9132,35,-0.3608,130,1.79291,33,-0.4846,39,-0.1824,44,-0.0187,46,0.04290,48,0.15082
ENSG00000068394,GPKOW,41,0.32606,36,0.14602,47,0.56201,35,0.09419,26,-0.3900,25,-0.4353,50,0.65462,39,0.28209,26,-0.4781
ENSG00000102003,SYP,228,-1.2466,49,-3.5023,188,-1.5374,535,0.04929,334,-0.7232,681,0.43337,777,0.64534,695,0.46520,728,0.77881
ENSG00000101997,CCDC22,2,-1.9618,14,0.92714,9,0.24278,0,-3.5239,9,0.21068,5,-0.7224,18,1.32243,0,-3.5074,8,0.23658
ENSG00000049769,PPP1R3F,2,-3.9941,21,-0.6784,7,-2.2346,3,-3.4935,32,-0.0594,42,0.36093,53,0.74290,50,0.63053,48,0.81418
ENSG00000273820,USP27X,3,-3.4896,7,-2.3371,27,-0.4605,52,0.54013,21,-0.9122,61,0.79175,43,0.24029,82,1.29779,41,0.19625
ENSG00000122824,NUDT10,2,-3.0124,3,-2.4456,0,-7.8610,15,-0.1043,10,-0.7111,38,1.39964,38,1.40636,16,0.03164,19,0.35734
ENSG00000196368,NUDT11,14,-1.6600,1,-5.2249,33,-0.3582,31,-0.4580,31,-0.5029,90,1.23386,98,1.38288,35,-0.3017,46,0.17690
ENSG00000189369,GSPT2,2,-3.0997,12,-0.4891,3,-2.6386,0,-4.3315,16,-0.1373,42,1.48069,16,-0.0932,19,0.13019,24,0.76579
ENSG00000179222,MAGED1,406,0.26979,92,-1.9778,174,-1.0316,435,0.37791,186,-0.9878,409,0.27993,497,0.59377,672,1.09345,347,0.03282
ENSG00000184194,GPR173,36,1.93163,8,-0.4504,0,-7.3358,0,-3.9092,9,-0.3976,19,0.82122,10,-0.1044,3,-2.0112,13,0.29871
ENSG00000184205,TSPYL2,67,-0.6987,12,-3.1488,46,-1.2625,203,1.05962,83,-0.4030,181,0.86656,125,0.27218,110,0.06686,115,0.18592
ENSG00000232593,KANTR,5,-1.6759,10,-0.5396,15,0.02771,54,2.19572,17,0.20663,15,0.06136,9,-0.6995,16,0.09049,8,-0.9978
ENSG00000126012,KDM5C,43,0.54653,18,-0.7851,10,-1.6102,32,0.08761,21,-0.5992,69,1.32178,41,0.46547,31,0.02756,27,-0.2184
ENSG00000124313,IQSEC2,82,0.33993,10,-2.7223,19,-1.8635,50,-0.4345,58,-0.2270,103,0.71615,93,0.54135,58,-0.2023,82,0.47033
ENSG00000072501,SMC1A,2,-3.0452,48,1.75537,58,2.12247,1,-3.7023,15,-0.1341,23,0.53103,7,-1.1622,9,-0.8503,9,-1.1367
ENSG00000072506,HSD17B10,14,-1.2759,69,1.23417,70,1.26636,26,-0.3456,35,0.13809,15,-1.1583,24,-0.4719,17,-0.9548,29,-0.2381
ENSG00000086758,HUWE1,131,0.90019,56,-0.4458,53,-0.5370,41,-0.9270,63,-0.2941,104,0.52284,105,0.53680,62,-0.2761,74,-0.0309
ENSG00000184083,FAM120C,2,-2.7121,20,0.64850,19,0.56494,27,1.16051,16,0.31787,7,-0.9771,7,-0.8911,17,0.39881,10,-0.5108
ENSG00000158526,TSR2,2,-5.3477,91,0.16760,52,-0.6934,161,1.08351,80,-0.0344,103,0.35618,64,-0.3793,63,-0.3990,93,0.25441
ENSG00000102316,MAGED2,149,0.01885,86,-0.8208,132,-0.1696,218,0.62956,118,-0.3649,77,-0.9902,181,0.32714,205,0.52833,156,0.13512
ENSG00000067445,TRO,69,0.39786,5,-3.2709,15,-1.8376,53,-0.0020,30,-0.9488,83,0.70788,62,0.24291,98,0.97662,62,0.31700
ENSG00000182518,FAM104B,36,1.10530,27,0.63699,36,1.10577,16,-0.1510,10,-0.9941,17,-0.1175,13,-0.4535,5,-1.8758,16,-0.2154
ENSG00000256045,MTRNR2L10,2,-5.0570,65,-0.0486,84,0.35245,75,0.17435,152,1.55159,56,-0.2637,14,-2.2860,65,-0.0398,51,-0.5212
ENSG00000187601,MAGEH1,9,-3.8957,114,-0.2493,110,-0.3024,220,0.79080,86,-0.7300,206,0.68514,175,0.41779,121,-0.1648,154,0.29779
ENSG00000083750,RRAGB,2,-3.9623,20,-0.6771,10,-1.6515,13,-1.2721,20,-0.7368,58,0.97510,40,0.38956,29,-0.1110,49,1.03578
ENSG00000188021,UBQLN2,3,-5.4539,61,-1.1104,101,-0.3639,138,0.11915,97,-0.4612,238,1.00152,198,0.69852,127,-0.0048,150,0.35030
ENSG00000204272,NBDY,143,1.03597,54,-0.4884,58,-0.3969,29,-1.4148,66,-0.2224,96,0.39427,113,0.65735,43,-0.8386,76,0.04206
ENSG00000204271,SPIN3,2,-2.8531,8,-0.7668,16,0.13957,0,-4.4058,11,-0.3600,16,0.17378,30,1.20308,22,0.63989,17,0.38974
ENSG00000186787,SPIN2B,2,-3.2554,12,-0.6509,11,-0.7830,11,-0.8254,13,-0.6277,20,0.07802,40,1.19872,43,1.30381,21,0.16463
ENSG00000198455,ZXDB,91,3.20147,10,-0.6572,5,-1.5649,0,-4.5276,7,-1.2603,16,-0.0083,11,-0.5230,4,-2.0687,13,-0.3126
ENSG00000235437,LINC01278,7,-1.0228,12,-0.3001,1,-3.8077,14,-0.0081,11,-0.4121,14,-0.0612,8,-0.9202,32,1.30624,19,0.63025
ENSG00000131089,ARHGEF9,25,-2.2085,18,-2.6398,71,-0.6529,113,0.06737,96,-0.2047,211,1.07199,115,0.09347,137,0.37278,132,0.42722
ENSG00000126970,ZC4H2,2,-2.5201,11,-0.0665,26,1.35668,19,0.82156,8,-0.6370,10,-0.1419,14,0.34630,9,-0.3803,10,-0.2151
ENSG00000102053,ZC3H12B,2,-2.4855,5,-1.2139,0,-7.3403,1,-3.1048,10,-0.1830,24,1.24841,13,0.25907,10,-0.1397,17,1.03272
ENSG00000001497,LAS1L,2,-2.5177,25,1.28836,0,-4.4147,0,-3.8859,14,0.30994,11,-0.0579,9,-0.2576,10,-0.1576,15,0.67049
ENSG00000147065,MSN,76,2.03724,53,1.37771,66,1.79083,0,-5.0441,22,-0.0036,13,-0.8266,0,-4.8381,10,-1.2522,7,-1.9109
ENSG00000089472,HEPH,49,1.45657,20,-0.0003,52,1.56450,23,0.18988,25,0.36055,9,-1.1875,1,-3.9730,20,-0.0111,9,-1.3760
ENSG00000079482,OPHN1,2,-2.5188,8,-0.4218,5,-1.1078,0,-3.9212,18,0.81632,9,-0.2594,5,-1.2885,22,1.04114,15,0.56951
ENSG00000181704,YIPF6,2,-3.7927,55,1.09114,26,-0.1029,23,-0.2678,26,-0.0759,24,-0.2267,37,0.46386,29,0.06084,28,0.01463
ENSG00000181191,PJA1,55,-0.5723,37,-1.1452,53,-0.6079,92,0.23471,49,-0.7842,106,0.45717,114,0.56335,135,0.83921,86,0.16087
ENSG00000089289,IGBP1,45,0.06883,56,0.40221,39,-0.1636,30,-0.5573,45,0.07606,39,-0.1592,66,0.65377,28,-0.6509,42,-0.0456
ENSG00000120509,PDZD11,34,-0.5734,32,-0.6811,62,0.35209,51,0.04807,54,0.13463,46,-0.1061,58,0.25189,56,0.18431,49,-0.0041
ENSG00000082458,DLG3,39,-0.7877,3,-4.4447,24,-1.4833,115,0.91426,42,-0.7165,111,0.84301,63,-0.0615,68,0.07446,85,0.59201
ENSG00000147164,SNX12,27,-0.1708,23,-0.4529,33,0.13094,24,-0.3635,28,-0.1534,40,0.44145,58,1.02938,27,-0.1650,27,-0.2466
ENSG00000184481,FOXO4,2,-1.9329,26,2.04458,10,0.51273,1,-2.7641,9,0.39843,2,-1.8768,2,-1.8531,6,-0.2133,7,-0.0571
ENSG00000196338,NLGN3,44,-0.5012,79,0.40069,62,0.02612,47,-0.3960,60,-0.0226,78,0.38716,47,-0.3857,53,-0.2084,66,0.14951
ENSG00000169562,GJB1,2,-3.6788,231,4.68612,47,0.97640,0,-5.2268,17,-0.6914,5,-2.4641,4,-2.7669,2,-3.5448,2,-3.6972
ENSG00000147130,ZMYM3,45,0.06507,19,-1.1937,22,-0.9963,43,0.00291,31,-0.5236,47,0.13618,43,0.00077,86,1.10722,48,0.22686
ENSG00000147140,NONO,2,-5.3517,85,0.04462,115,0.52281,86,0.07538,71,-0.2554,75,-0.1417,75,-0.1390,94,0.20401,99,0.40720
ENSG00000147133,TAF1,2,-2.3025,14,0.61028,14,0.54433,15,0.71607,14,0.61092,6,-0.6521,7,-0.3721,9,-0.0334,7,-0.5065
ENSG00000147162,OGT,2,-5.0793,45,-0.6160,54,-0.3601,13,-2.4128,48,-0.5755,96,0.54187,101,0.61839,79,0.22838,100,0.88216
ENSG00000242732,RTL5,2,-2.8442,6,-1.2751,19,0.46324,16,0.15400,14,-0.0084,9,-0.6534,9,-0.7051,12,-0.2558,21,0.88086
ENSG00000102309,PIN4,102,0.75662,66,0.05570,62,-0.0380,4,-3.9221,65,0.03337,54,-0.2611,70,0.16551,92,0.59272,61,-0.0709
ENSG00000198034,RPS4X,556,0.32813,755,0.82337,649,0.57635,337,-0.4537,577,0.42866,298,-0.6376,276,-0.7567,367,-0.3220,370,-0.4000
ENSG00000125931,CITED1,2,-2.6250,1,-3.3664,0,-4.6456,4,-1.4732,11,-0.1415,1,-3.2794,9,-0.4881,12,-0.0258,27,2.15551
ENSG00000147099,HDAC8,2,-2.5119,7,-0.6280,17,0.67472,0,-3.7426,11,0.03627,12,0.13487,11,-0.0359,15,0.40209,15,0.55786
ENSG00000186462,NAP1L2,138,-0.5855,18,-3.5379,40,-2.4113,232,0.21487,109,-1.0017,259,0.39136,358,0.91785,254,0.35727,278,0.71845
ENSG00000204116,CHIC1,61,0.73164,11,-1.8704,28,-0.5025,4,-3.1046,29,-0.4471,49,0.36371,55,0.54785,40,0.03365,49,0.52038
ENSG00000230590,FTX,31,0.49020,16,-0.5114,15,-0.6136,20,-0.1381,25,0.18088,34,0.66109,20,-0.1727,19,-0.2266,21,-0.0849
ENSG00000225470,JPX,35,0.15493,78,1.44526,54,0.82509,12,-1.4958,31,-0.0355,23,-0.5174,14,-1.2708,25,-0.3622,28,-0.2441
ENSG00000147100,SLC16A2,45,1.24806,10,-1.0413,40,1.03581,29,0.52974,15,-0.4972,33,0.70279,9,-1.2498,3,-2.8577,18,-0.3108
ENSG00000131263,RLIM,14,-2.4354,28,-1.3762,58,-0.3116,141,1.10663,57,-0.3611,110,0.69013,111,0.71268,64,-0.1626,71,-0.0068
ENSG00000050030,NEXMIF,8,-1.7555,1,-4.7160,0,-6.9789,59,1.22893,21,-0.4672,49,0.92263,43,0.69478,40,0.58266,29,0.12355
ENSG00000094841,UPRT,2,-3.0002,5,-1.7315,22,0.48204,45,1.71613,7,-1.3294,15,-0.0540,19,0.26162,14,-0.2114,18,0.25311
ENSG00000102390,PBDC1,4,-1.8699,17,0.02951,14,-0.2378,47,1.70035,14,-0.2800,22,0.46487,8,-1.0166,7,-1.2515,17,0.03876
ENSG00000198934,MAGEE1,44,-0.5718,9,-2.9187,15,-2.1304,23,-1.5180,36,-0.9529,106,0.78212,133,1.16030,88,0.48352,88,0.68350
ENSG00000085224,ATRX,84,-0.7442,128,-0.1044,110,-0.3483,147,0.10450,126,-0.1491,247,0.94541,126,-0.1365,157,0.20861,134,-0.0555
ENSG00000102158,MAGT1,2,-3.2219,79,2.50541,77,2.46349,16,-0.1935,15,-0.3061,13,-0.5278,5,-1.7671,3,-2.6469,4,-2.6235
ENSG00000131174,COX7B,148,-1.7148,314,-0.5876,375,-0.3184,527,0.21354,480,0.07156,319,-0.5627,678,0.61653,509,0.15945,538,0.33789
ENSG00000102144,PGK1,5,-6.0535,156,-1.2823,205,-0.8761,429,0.26094,275,-0.4646,351,-0.0550,647,0.92681,581,0.74891,451,0.47057
ENSG00000187325,TAF9B,2,-3.6971,43,0.79351,42,0.75307,6,-2.1069,30,0.23315,35,0.48679,36,0.51757,16,-0.6896,24,-0.1294
ENSG00000078596,ITM2A,114,0.43471,99,0.21287,330,2.31473,101,0.24032,128,0.69373,44,-1.0138,17,-2.4152,47,-0.9171,29,-1.9454
ENSG00000198157,HMGN5,2,-2.5716,45,2.26313,22,0.98634,0,-4.0436,21,1.06943,14,0.23891,1,-3.2695,3,-2.0300,6,-1.2284
ENSG00000131171,SH3BGRL,40,-1.3566,147,0.63489,186,1.03045,102,0.05997,112,0.21779,99,0.00676,95,-0.0474,79,-0.3386,77,-0.4908
ENSG00000155008,APOOL,2,-3.2867,24,0.33496,21,0.12136,27,0.51434,19,-0.0258,15,-0.4027,28,0.59695,13,-0.5442,21,0.14900
ENSG00000147180,ZNF711,2,-3.7044,17,-0.8528,23,-0.4391,34,0.19178,17,-0.8699,50,0.80893,28,-0.0856,22,-0.4708,45,0.92303
ENSG00000188419,CHM,57,0.59190,16,-1.3557,9,-2.1778,48,0.32093,23,-0.8612,47,0.28813,51,0.40933,27,-0.5434,52,0.62957
ENSG00000126733,DACH2,2,-3.6396,1,-4.1115,3,-2.8116,19,-0.4353,18,-0.5218,51,1.16450,55,1.28885,21,-0.2697,34,0.67556
ENSG00000102271,KLHL4,2,-3.0837,80,2.73491,33,1.07275,0,-4.6350,7,-1.3641,4,-1.9723,30,0.90721,8,-1.1267,12,-0.6369
ENSG00000186310,NAP1L3,77,-1.5063,42,-2.3871,132,-0.7018,490,1.40650,111,-1.0204,315,0.66188,314,0.65772,267,0.39226,211,0.03325
ENSG00000179083,FAM133A,2,-2.3981,6,-0.8151,15,0.53235,0,-3.9524,9,-0.1529,25,1.42014,14,0.42957,4,-1.2289,12,0.39074
ENSG00000165194,PCDH19,50,0.88090,0,-5.1273,0,-5.1362,34,0.28479,19,-0.7088,1,-4.0332,59,1.15402,39,0.46604,38,0.61628
ENSG00000126950,TMEM35A,2,-5.0264,5,-3.5860,14,-2.2985,131,1.11544,35,-1.0276,37,-0.8574,105,0.74472,85,0.41499,101,1.01156
ENSG00000102385,DRP2,2,-2.8787,1,-3.5398,0,-7.7287,0,-4.4314,6,-1.3128,13,-0.2087,23,0.72012,34,1.36389,26,1.42844
ENSG00000241343,RPL36A,566,-0.0016,946,0.82230,999,0.91303,414,-0.4841,740,0.46832,312,-0.9096,373,-0.6419,568,0.00635,426,-0.5613
ENSG00000126945,HNRNPH2,85,-0.8209,95,-0.6540,98,-0.6057,186,0.39024,89,-0.7982,172,0.27364,173,0.28111,269,0.99713,157,0.17124
ENSG00000196440,ARMCX4,141,2.56691,14,-1.2683,0,-5.2693,72,1.29771,17,-1.0036,30,-0.1183,29,-0.1803,9,-1.8924,23,-0.6651
ENSG00000126947,ARMCX1,87,0.81514,13,-2.0942,17,-1.6626,69,0.44516,32,-0.7792,68,0.41979,70,0.45315,101,1.05688,47,-0.1984
ENSG00000198960,ARMCX6,2,-3.2433,24,0.38247,36,1.03463,39,1.17828,19,-0.0197,17,-0.1684,10,-0.9995,15,-0.3584,16,-0.2896
ENSG00000102401,ARMCX3,2,-5.6194,69,-0.5472,88,-0.1877,141,0.56173,80,-0.3542,152,0.67897,118,0.27430,98,-0.0141,115,0.31871
ENSG00000184867,ARMCX2,76,0.06059,17,-2.1268,63,-0.2146,85,0.24526,49,-0.6373,104,0.57343,115,0.73691,73,0.01112,78,0.14835
ENSG00000166432,ZMAT1,22,0.85515,26,1.13049,24,0.95972,0,-4.2626,8,-0.8188,23,0.90472,9,-0.4791,12,-0.0511,9,-0.7271
ENSG00000184905,TCEAL2,21,-3.5154,97,-1.2735,163,-0.4969,287,0.38597,203,-0.1759,304,0.47809,235,0.06730,350,0.70626,265,0.35769
ENSG00000204071,TCEAL6,119,0.59937,32,-1.3843,64,-0.3651,42,-0.9950,50,-0.7858,91,0.16709,83,0.03521,92,0.19123,108,0.64216
ENSG00000184515,BEX5,281,-0.3628,39,-3.2906,146,-1.3539,427,0.28738,285,-0.3716,375,0.08309,573,0.76130,481,0.47639,434,0.43188
ENSG00000125962,ARMCX5,8,-0.8392,8,-0.9684,0,-7.7429,8,-0.9799,8,-0.9419,45,1.84174,16,0.12431,28,0.99838,16,0.15651
ENSG00000271147,ARMCX5-GPRASP2,2,-2.3086,6,-0.6561,3,-1.4784,0,-3.8664,12,0.31271,4,-1.2392,10,0.11628,12,0.29704,16,1.19573
ENSG00000198932,GPRASP1,2,-6.0981,16,-3.1973,37,-1.9598,336,1.45930,87,-0.7670,190,0.49962,206,0.63163,206,0.63044,158,0.28850
ENSG00000158301,GPRASP2,177,0.89732,10,-3.3611,26,-2.0455,137,0.47462,43,-1.3874,147,0.58702,153,0.65806,173,0.85787,102,0.01805
ENSG00000133169,BEX1,285,-1.6129,113,-2.9640,218,-2.0084,1292,0.71388,549,-0.6743,899,0.13192,1258,0.66938,1337,0.76936,1061,0.55496
ENSG00000102409,BEX4,252,-0.6335,286,-0.4401,282,-0.4630,267,-0.5444,297,-0.4117,513,0.47291,467,0.32346,520,0.49531,441,0.31879
ENSG00000180964,TCEAL8,2,-5.2817,96,0.31740,106,0.47907,129,0.79990,71,-0.1598,69,-0.1994,78,-0.0132,79,0.01084,79,0.02677
ENSG00000204065,TCEAL5,10,-3.1213,45,-0.9604,82,-0.0406,163,1.05459,66,-0.4217,148,0.89906,111,0.43361,71,-0.2795,84,-0.0011
ENSG00000133134,BEX2,124,-1.9442,145,-1.7138,286,-0.6965,557,0.33594,328,-0.5251,669,0.63158,729,0.77133,611,0.48483,518,0.30510
ENSG00000182916,TCEAL7,116,-0.7155,182,-0.0222,157,-0.2496,418,1.33702,119,-0.7244,231,0.35276,187,0.01948,178,-0.0584,174,-0.1277
ENSG00000185222,TCEAL9,2,-4.5647,96,1.13562,120,1.52624,24,-1.0505,50,0.09938,48,0.01389,48,0.00963,34,-0.4978,36,-0.5270
ENSG00000166681,BEX3,477,-0.9101,490,-0.8688,497,-0.8492,1273,0.61592,730,-0.2835,884,0.03442,1190,0.50682,882,0.03119,1021,0.36167
ENSG00000133142,TCEAL4,306,0.51505,247,0.17101,185,-0.2737,100,-1.2125,216,-0.0405,236,0.10104,251,0.19726,233,0.08071,221,0.00302
ENSG00000196507,TCEAL3,57,-0.8513,172,0.88937,148,0.64048,64,-0.6735,99,0.00894,97,-0.0286,85,-0.2301,121,0.31896,86,-0.2883
ENSG00000172465,TCEAL1,169,1.24621,34,-1.2591,43,-0.9152,27,-1.5753,59,-0.4790,116,0.62433,95,0.30816,100,0.38919,79,0.01984
ENSG00000123562,MORF4L2,154,-1.1116,178,-0.8979,207,-0.6681,224,-0.5480,215,-0.6581,483,0.65769,551,0.87468,482,0.65237,362,0.26699
ENSG00000123560,PLP1,920,-1.3828,18505,4.30577,4072,0.92913,623,-1.9588,1175,-1.0819,809,-1.5738,277,-3.1425,786,-1.6160,346,-3.1850
ENSG00000123570,RAB9B,2,-3.4173,4,-2.3182,0,-7.5368,13,-0.7311,20,-0.1148,23,0.13554,37,0.84364,33,0.66213,32,0.89990
ENSG00000123575,FAM199X,119,0.98095,34,-0.9603,58,-0.1634,78,0.29459,47,-0.5205,53,-0.3013,59,-0.1277,58,-0.1550,71,0.20888
ENSG00000157502,PWWP3B,2,-2.8267,6,-1.2413,1,-2.9702,37,1.55158,4,-1.8310,4,-1.9141,57,2.41106,4,-1.7209,16,0.24811
ENSG00000147224,PRPS1,2,-5.1605,26,-1.4992,124,0.86568,85,0.26091,37,-1.0742,151,1.19646,92,0.38537,115,0.74965,67,-0.1533
ENSG00000157514,TSC22D3,40,-1.2144,94,0.09883,149,0.82968,104,0.25241,76,-0.2631,83,-0.0897,99,0.18084,100,0.18761,82,-0.1434
ENSG00000101843,PSMD10,45,-0.3932,59,0.02625,90,0.70769,85,0.61124,48,-0.2887,84,0.60583,55,-0.0572,52,-0.1631,46,-0.4626
ENSG00000188153,COL4A5,2,-2.8826,122,4.31124,22,0.62475,0,-4.4353,12,-0.3641,4,-1.6860,3,-2.3764,0,-4.9220,3,-2.3476
ENSG00000068366,ACSL4,4,-4.1477,17,-2.3030,61,-0.4048,230,1.78546,35,-1.2908,95,0.28910,116,0.60410,108,0.49293,82,0.06489
ENSG00000101938,CHRDL1,35,1.25975,1,-3.5094,47,1.78366,4,-1.8118,21,0.49063,9,-0.8432,0,-4.3332,12,-0.4281,14,-0.2654
ENSG00000077264,PAK3,38,-1.7340,20,-2.6705,30,-2.0834,99,-0.3144,142,0.26878,246,1.14767,140,0.22035,148,0.30686,143,0.35899
ENSG00000101901,ALG13,84,1.80750,36,0.39007,29,0.03699,0,-5.2341,24,-0.2820,16,-0.8867,26,-0.1157,62,1.26678,17,-0.9876
ENSG00000126016,AMOT,2,-3.3063,32,0.74812,46,1.36260,8,-1.3977,28,0.59714,16,-0.3416,9,-1.2060,10,-1.0467,20,0.02019
ENSG00000147246,HTR2C,39,1.46969,0,-9.6104,0,-4.5758,14,-0.2326,10,-0.7325,22,0.51368,3,-2.1312,22,0.52695,21,0.65581
ENSG00000130224,LRCH2,2,-2.7341,16,0.33800,15,0.24266,0,-4.2053,10,-0.5073,37,1.70597,14,0.14503,3,-1.9326,16,0.37225
ENSG00000102024,PLS3,77,0.15991,92,0.44591,64,-0.1288,172,1.49740,34,-1.1359,62,-0.1575,64,-0.1252,141,1.15477,40,-1.0354
ENSG00000131725,WDR44,3,-2.3936,18,0.32434,11,-0.4850,13,-0.1775,9,-0.8172,23,0.67140,24,0.74994,10,-0.6429,18,0.46858
ENSG00000131724,IL13RA1,54,2.39284,33,1.44465,23,0.87100,3,-1.9781,18,0.54774,9,-0.5074,1,-3.0884,5,-1.3844,2,-3.0262
ENSG00000174460,ZCCHC12,2,-5.2347,0,-6.3847,31,-1.3509,331,2.58728,35,-1.2525,72,-0.0787,95,0.34765,133,0.90500,63,-0.3648
ENSG00000101856,PGRMC1,101,-1.8552,274,-0.3603,249,-0.5076,728,1.21120,157,-1.2765,391,0.19281,613,0.91973,478,0.51123,338,-0.0503
ENSG00000005022,SLC25A5,75,-1.2606,183,0.10497,182,0.09798,81,-1.1442,171,-0.0015,106,-0.7286,178,0.05837,235,0.49739,211,0.45893
ENSG00000018610,CXorf56,2,-3.3038,9,-1.1842,13,-0.6411,64,1.95641,15,-0.3984,14,-0.5456,25,0.37912,15,-0.3885,21,0.13708
ENSG00000077721,UBE2A,49,0.25658,54,0.41127,52,0.34744,15,-1.5269,27,-0.6713,38,-0.1397,46,0.17627,50,0.28691,45,0.17808
ENSG00000186416,NKRF,102,1.23310,7,-2.8435,6,-2.9568,63,0.43319,17,-1.5902,70,0.60493,50,0.06672,47,-0.0256,60,0.50993
ENSG00000125354,SEPTIN6,42,0.41306,5,-2.6895,31,-0.0405,21,-0.6134,29,-0.1619,24,-0.4256,55,0.86460,28,-0.2110,38,0.36263
ENSG00000198918,RPL39,830,0.15836,1356,0.95221,1085,0.58597,514,-0.5830,1038,0.57101,486,-0.6676,486,-0.6693,571,-0.4224,589,-0.4824
ENSG00000125351,UPF3B,2,-2.9854,24,0.63758,11,-0.5873,1,-3.4196,18,0.23998,25,0.74074,13,-0.2399,12,-0.4200,20,0.53065
ENSG00000125352,RNF113A,2,-2.3802,9,-0.1300,3,-1.6493,11,0.13990,13,0.44476,8,-0.3155,22,1.20250,4,-1.3506,12,0.27560
ENSG00000125356,NDUFA1,421,-0.2283,398,-0.3129,511,0.07593,641,0.43485,484,-0.0102,388,-0.3504,581,0.27702,583,0.28262,460,-0.1168
ENSG00000101882,NKAP,2,-3.4568,49,1.30265,27,0.31152,0,-4.9363,30,0.54214,32,0.57588,15,-0.5852,18,-0.2980,21,-0.1247
ENSG00000177485,ZBTB33,2,-3.2451,16,-0.2433,20,0.06269,6,-1.6456,22,0.23081,9,-1.1016,24,0.36331,32,0.82367,23,0.46934
ENSG00000005893,LAMP2,54,-1.4435,858,3.38043,318,1.32251,42,-1.8157,115,-0.3462,75,-0.9630,41,-1.8588,61,-1.2725,40,-2.2010
ENSG00000158290,CUL4B,2,-4.4512,31,-0.5202,58,0.44252,99,1.32646,31,-0.5886,89,1.12933,30,-0.5791,52,0.25413,37,-0.3285
ENSG00000232119,MCTS1,2,-5.6147,50,-1.0440,64,-0.6690,124,0.35183,91,-0.1421,146,0.61801,176,0.92397,94,-0.0814,112,0.27145
ENSG00000171155,C1GALT1C1,2,-3.1081,22,0.37295,17,0.01751,64,2.23596,11,-0.6661,8,-1.0739,18,0.03428,18,0.10624,13,-0.5610
ENSG00000125675,GRIA3,131,-0.2321,20,-2.9916,33,-2.2931,349,1.35609,82,-1.0086,415,1.66762,195,0.39059,130,-0.2445,136,-0.2326
ENSG00000125676,THOC2,2,-3.6380,55,1.28493,43,0.86729,17,-0.5403,31,0.40106,34,0.48219,14,-0.8985,23,-0.0868,18,-0.6144
ENSG00000101966,XIAP,2,-4.6611,59,0.07406,59,0.07061,54,-0.0616,51,-0.1632,85,0.66407,58,0.05997,95,0.84213,54,-0.0840
ENSG00000101972,STAG2,31,-0.0597,107,2.02050,82,1.52769,2,-3.5900,31,-0.0610,26,-0.3221,19,-0.8123,18,-0.8707,18,-1.0882
ENSG00000009694,TENM1,2,-3.7424,0,-5.7580,12,-1.1806,45,0.83532,24,-0.2119,89,2.01125,8,-1.8300,13,-1.0497,33,0.45529
ENSG00000102038,SMARCA1,4,-3.2418,47,0.43003,24,-0.5634,32,-0.1485,29,-0.3242,66,0.98595,35,-0.0128,25,-0.5234,42,0.38635
ENSG00000122126,OCRL,50,0.22090,11,-2.0741,20,-1.1967,61,0.52291,33,-0.4604,57,0.42849,57,0.40763,52,0.26140,49,0.22672
ENSG00000171388,APLN,2,-2.3316,61,3.35147,16,0.78449,0,-3.8892,14,0.61691,0,-5.9850,2,-1.9427,4,-1.1467,3,-1.7581
ENSG00000188706,ZDHHC9,53,0.21279,193,2.47101,104,1.30565,49,0.09007,27,-0.8662,17,-1.4832,15,-1.6377,33,-0.5143,21,-1.4159
ENSG00000156709,AIFM1,2,-3.3821,13,-0.6910,16,-0.4389,75,2.17976,12,-0.8750,24,0.22591,26,0.33490,16,-0.3672,19,-0.2199
ENSG00000134594,RAB33A,47,0.38432,100,1.66240,29,-0.3457,35,-0.0414,15,-1.4200,28,-0.4065,43,0.25045,33,-0.1551,32,-0.2348
ENSG00000102078,SLC25A14,2,-4.0968,6,-2.5027,27,-0.3573,73,1.20995,17,-1.0736,42,0.31444,61,0.90813,41,0.28085,40,0.32345
ENSG00000134597,RBMX2,2,-3.0810,27,0.76592,14,-0.3220,27,0.73017,17,0.06082,27,0.72701,10,-0.7344,2,-2.7596,19,0.22394
ENSG00000165675,ENOX2,2,-2.1655,18,1.17083,13,0.63266,2,-2.2121,8,-0.1958,11,0.31813,8,-0.1665,2,-2.1723,11,0.42265
ENSG00000123728,RAP2C,2,-2.6728,21,0.80255,18,0.55975,16,0.38567,13,0.07330,6,-1.0403,17,0.48493,10,-0.3886,12,-0.1302
ENSG00000171004,HS6ST2,2,-3.7934,1,-4.0181,5,-2.5579,7,-1.9555,18,-0.7182,134,2.78967,33,0.28095,38,0.47787,26,-0.1015
ENSG00000076716,GPC4,2,-2.3483,14,0.48529,36,2.15165,0,-3.9056,10,0.04059,12,0.22816,35,2.08192,4,-1.3477,2,-2.6836
ENSG00000156531,PHF6,2,-3.1082,33,1.03682,22,0.41266,0,-4.5964,17,-0.0188,25,0.61553,24,0.54185,5,-1.7253,19,0.23210
ENSG00000165704,HPRT1,151,-0.1904,9,-4.3532,35,-2.3844,135,-0.3690,96,-0.9336,245,0.57043,300,0.90259,257,0.64673,225,0.61091
ENSG00000156504,FAM122B,45,0.54922,24,-0.4611,20,-0.7094,55,0.85529,30,-0.1373,28,-0.2158,47,0.61577,21,-0.6418,29,-0.1784
ENSG00000134590,RTL8C,628,0.68854,233,-0.8554,243,-0.7918,432,0.08887,296,-0.5324,402,-0.0239,580,0.55757,424,0.06035,442,0.17171
ENSG00000203950,RTL8A,81,0.74034,78,0.67616,46,-0.1295,23,-1.2104,36,-0.5768,38,-0.4486,48,-0.0745,51,-0.0021,56,0.20265
ENSG00000196972,SMIM10L2B,2,-4.6622,4,-3.5991,14,-1.9053,58,0.20040,44,-0.2253,57,0.18533,66,0.41451,71,0.53448,75,0.89162
ENSG00000178947,SMIM10L2A,2,-4.7309,7,-2.8755,16,-1.7927,96,0.94702,64,0.32111,59,0.16136,73,0.49389,50,-0.1128,65,0.44408
ENSG00000169446,MMGT1,2,-3.4969,32,0.40897,28,0.16731,60,1.42906,22,-0.1639,24,-0.0767,16,-0.6284,20,-0.2943,24,-0.0760
ENSG00000198689,SLC9A6,78,-0.8340,29,-2.2838,77,-0.8692,214,0.73075,72,-1.0163,171,0.36407,188,0.51986,187,0.50605,168,0.47287
ENSG00000022267,FHL1,63,-1.2884,56,-1.4710,157,0.09375,250,0.84644,122,-0.3157,96,-0.6624,152,0.04499,144,-0.0389,189,0.54990
ENSG00000102241,HTATSF1,40,-1.1234,91,0.12987,37,-1.2489,178,1.22405,78,-0.1199,92,0.14217,93,0.15524,84,0.01208,80,-0.1023
ENSG00000129675,ARHGEF6,14,-0.6348,35,0.78884,55,1.56721,5,-2.1431,23,0.15925,1,-3.5640,18,-0.2163,27,0.39265,18,-0.2992
ENSG00000147274,RBMX,2,-4.9966,87,0.48080,176,1.66801,45,-0.5390,55,-0.2735,74,0.21127,54,-0.2771,74,0.22514,54,-0.3559
ENSG00000129682,FGF13,2,-5.4594,4,-4.3584,56,-0.7380,146,0.75921,114,0.40360,193,1.23494,53,-0.8179,86,-0.0848,102,0.25791
ENSG00000101977,MCF2,2,-2.5770,0,-7.3611,5,-1.1675,31,1.55077,11,-0.1482,14,0.28212,26,1.20888,6,-1.0812,12,0.09141
ENSG00000203930,LINC00632,616,1.56300,255,0.10097,305,0.37970,113,-1.1480,327,0.54898,68,-1.8889,104,-1.2662,149,-0.7248,212,-0.2452
ENSG00000182195,LDOC1,71,-0.4601,70,-0.4840,72,-0.4445,69,-0.5012,82,-0.2532,130,0.48805,111,0.23662,126,0.43942,107,0.24763
ENSG00000179542,SLITRK4,2,-4.7327,4,-3.7089,14,-1.9447,38,-0.5381,42,-0.4087,69,0.38896,57,0.10082,51,-0.0707,94,1.40522
ENSG00000185985,SLITRK2,34,0.44828,34,0.42905,32,0.35253,2,-3.6535,36,0.59375,17,-0.6578,30,0.23876,10,-1.3446,26,-0.0013
ENSG00000102081,FMR1,112,1.27394,50,-0.0366,35,-0.5917,25,-1.0664,38,-0.4775,54,0.07903,46,-0.1629,65,0.37368,50,-0.0295
ENSG00000155966,AFF2,2,-2.6318,0,-4.1104,0,-4.5714,34,1.68860,11,-0.1880,13,0.10990,5,-1.2919,20,0.79491,15,0.50833
ENSG00000010404,IDS,558,-0.7031,162,-2.5358,459,-0.9997,1198,0.48436,970,0.16249,1148,0.41585,796,-0.1597,810,-0.1327,1100,0.48521
ENSG00000197620,CXorf40A,30,1.67050,11,0.00727,4,-1.5159,0,-4.0012,8,-0.4442,9,-0.2169,20,0.99637,2,-2.0523,12,0.16482
ENSG00000269556,TMEM185A,36,0.92484,15,-0.4070,7,-1.5168,27,0.44683,10,-1.1246,26,0.42868,14,-0.5707,21,0.05783,24,0.35990
ENSG00000197021,CXorf40B,2,-2.5556,10,-0.1951,13,0.12716,21,0.95096,8,-0.5424,2,-2.1456,25,1.19398,11,-0.0231,12,0.15232
ENSG00000013619,MAMLD1,2,-2.6581,7,-0.8198,2,-2.6945,19,0.61408,12,-0.0906,15,0.33281,25,1.12163,8,-0.6547,15,0.41114
ENSG00000171100,MTM1,35,1.71173,20,0.72075,21,0.86189,8,-0.7170,11,-0.1984,16,0.37065,10,-0.2421,0,-4.7751,7,-0.9968
ENSG00000063601,MTMR1,2,-3.5802,9,-1.3596,20,-0.2418,42,0.91302,19,-0.3720,29,0.29092,28,0.25333,28,0.24256,28,0.36709
ENSG00000102181,CD99L2,141,0.39054,81,-0.4764,80,-0.4906,142,0.39782,78,-0.5604,117,0.08998,151,0.50032,84,-0.4207,120,0.17946
ENSG00000029993,HMGB3,2,-3.3390,9,-1.1267,27,0.47004,6,-1.7015,17,-0.2593,14,-0.4972,22,0.10207,15,-0.4051,33,1.15660
ENSG00000160131,VMA21,137,0.81164,53,-0.6880,52,-0.6963,131,0.73190,49,-0.8338,66,-0.3345,77,-0.1027,122,0.61967,84,0.03342
ENSG00000130032,PRRG3,25,-0.0724,1,-4.2325,10,-1.4728,87,2.00992,11,-1.3550,40,0.68049,29,0.15254,12,-1.1478,29,0.19050
ENSG00000011677,GABRA3,2,-3.7169,1,-4.2815,0,-5.4846,0,-5.1844,19,-0.5363,62,1.38686,21,-0.3063,37,0.53901,45,1.30749
ENSG00000147400,CETN2,100,0.64401,49,-0.4627,76,0.22228,37,-0.8941,61,-0.1505,66,-0.0112,69,0.06388,57,-0.2468,72,0.17025
ENSG00000147383,NSDHL,40,0.83439,26,0.12736,44,0.99496,0,-5.1171,15,-0.7440,19,-0.3234,37,0.71754,20,-0.2530,23,-0.0790
ENSG00000183837,PNMA3,48,-0.3525,1,-5.2320,17,-1.8695,35,-0.8128,31,-1.0427,92,0.67601,83,0.51042,140,1.38556,75,0.49680
ENSG00000235961,PNMA6A,5,-3.2544,5,-3.2683,29,-0.6733,116,1.53706,31,-0.6099,56,0.30996,72,0.73080,44,-0.0416,51,0.22514
ENSG00000063587,ZNF275,36,1.17288,16,-0.1316,38,1.24192,42,1.41355,15,-0.2109,17,-0.0084,8,-1.1635,6,-1.4947,8,-1.3556
ENSG00000213397,HAUS7,38,1.78276,12,-0.0474,17,0.44555,0,-4.2161,13,0.00974,20,0.67073,5,-1.2568,1,-3.0106,11,-0.1899
ENSG00000182492,BGN,2,-3.0545,39,1.38321,88,3.00867,0,-4.6060,27,0.86515,0,-7.2787,0,-8.8041,13,-0.3070,5,-2.0982
ENSG00000067842,ATP2B3,2,-4.2292,2,-3.9431,0,-7.4097,31,-0.2907,23,-0.7928,51,0.47644,64,0.84784,60,0.74854,58,1.01863
ENSG00000262919,CCNQ,154,1.54756,60,-0.0043,25,-1.3247,43,-0.5231,44,-0.4948,56,-0.0979,72,0.29377,44,-0.4818,59,-0.0190
ENSG00000130822,PNCK,74,-0.6604,9,-3.6305,29,-2.0297,146,0.38309,72,-0.7619,77,-0.6071,192,0.82634,138,0.28809,170,0.91190
ENSG00000130821,SLC6A8,2,-4.8101,190,1.68160,133,1.05798,55,-0.3384,66,-0.0642,68,-0.0137,20,-1.8275,75,0.13854,55,-0.4531
ENSG00000185825,BCAP31,47,-1.8173,98,-0.7290,109,-0.5711,94,-0.8043,145,-0.1535,222,0.53577,217,0.49791,210,0.44346,193,0.43306
ENSG00000067829,IDH3G,90,-0.1769,47,-1.1460,118,0.24684,98,-0.0489,79,-0.4136,118,0.24987,131,0.41300,106,0.07211,112,0.21196
ENSG00000180879,SSR4,312,0.66316,318,0.69269,245,0.27497,273,0.44864,150,-0.5263,150,-0.4835,155,-0.4362,176,-0.2384,186,-0.2021
ENSG00000067840,PDZD4,58,-0.6739,22,-2.0896,71,-0.3840,35,-1.4151,154,0.95151,178,1.09033,81,-0.1739,74,-0.3215,88,-0.0614
ENSG00000198910,L1CAM,50,-0.9517,4,-4.3756,21,-2.2253,101,0.10845,62,-0.6968,167,0.91493,147,0.70940,70,-0.4621,136,0.82874
ENSG00000089820,ARHGAP4,2,-2.4941,6,-0.8241,0,-7.3489,46,2.41089,12,0.09649,3,-1.8961,1,-3.0192,3,-1.7069,15,0.66367
ENSG00000102030,NAA10,47,-0.5803,60,-0.1982,69,0.01136,67,-0.0353,63,-0.1404,54,-0.3555,100,0.60298,125,0.96920,60,-0.2544
ENSG00000172534,HCFC1,2,-3.6904,30,0.22525,9,-1.5078,10,-1.4656,39,0.71935,38,0.60150,22,-0.2342,26,0.01297,30,0.34425
ENSG00000184216,IRAK1,2,-3.2824,19,0.00438,15,-0.4258,12,-0.7549,25,0.46977,16,-0.3165,14,-0.4922,43,1.30108,20,0.07412
ENSG00000169057,MECP2,37,-0.0158,40,0.08306,23,-0.7400,71,1.02155,48,0.42587,58,0.68163,28,-0.4221,16,-1.2245,30,-0.4668
ENSG00000196924,FLNA,3,-2.6244,23,0.05902,77,2.13734,2,-3.4850,32,0.66128,30,0.49488,7,-1.6468,30,0.50300,12,-1.1057
ENSG00000102119,EMD,2,-4.2280,35,-0.1263,15,-1.3493,29,-0.4063,36,-0.0619,54,0.57367,50,0.43921,56,0.61948,44,0.34057
ENSG00000147403,RPL10,830,0.11411,1907,1.49356,1760,1.35154,313,-1.3690,944,0.35029,441,-0.8575,437,-0.8709,450,-0.8264,501,-0.8301
ENSG00000102125,TAZ,2,-1.9742,12,0.71428,12,0.70860,0,-3.5362,13,0.98007,13,0.80586,11,0.56969,1,-2.9744,5,-0.6538
ENSG00000197180,AC244090.1,2,-3.0329,24,0.60089,16,-0.0025,22,0.43980,17,0.11517,14,-0.2200,17,0.09869,17,0.03889,16,-0.0028
ENSG00000071553,ATP6AP1,168,-0.6992,158,-0.7964,183,-0.5724,320,0.29550,167,-0.7601,345,0.41401,423,0.74320,350,0.43860,292,0.20508
ENSG00000203879,GDI1,206,-1.4225,321,-0.7577,371,-0.5384,621,0.26216,337,-0.7320,738,0.53805,719,0.49542,685,0.41704,625,0.37669
ENSG00000071859,FAM50A,84,0.40226,87,0.45949,69,0.08376,31,-1.1185,51,-0.4063,76,0.24174,83,0.39320,89,0.48988,56,-0.2934
ENSG00000130827,PLXNA3,2,-2.8596,15,0.08235,15,0.10284,37,1.52756,12,-0.3004,17,0.22841,10,-0.4931,9,-0.6586,14,0.00272
ENSG00000196976,LAGE3,69,-0.7699,72,-0.7055,118,0.05582,23,-2.3675,118,0.06684,142,0.35502,174,0.67747,116,0.03665,132,0.31814
ENSG00000102178,UBL4A,56,0.43197,26,-0.7091,15,-1.5132,4,-3.3957,37,-0.1953,38,-0.1455,66,0.71260,35,-0.2786,58,0.72018
ENSG00000071889,FAM3A,2,-4.1632,74,1.16742,85,1.40098,30,-0.2535,31,-0.2517,28,-0.3550,43,0.27745,25,-0.5480,29,-0.3943
ENSG00000160211,G6PD,2,-3.5155,29,0.37903,20,-0.1816,19,-0.2445,22,-0.0556,31,0.46162,26,0.21918,26,0.18803,25,0.17334
ENSG00000269335,IKBKG,2,-3.4702,33,0.61109,25,0.18881,1,-4.6058,13,-0.8684,22,-0.0094,48,1.26133,28,0.37327,26,0.33052
ENSG00000130826,DKC1,2,-3.1219,23,0.43943,27,0.71130,45,1.55721,17,0.01189,18,0.02622,21,0.27529,6,-1.4524,12,-0.6756
ENSG00000130830,MPP1,2,-4.6079,22,-1.2178,49,0.00017,88,0.92699,38,-0.4212,52,0.07785,79,0.75121,26,-0.9720,61,0.48903
ENSG00000185010,F8,2,-2.7255,4,-1.5858,8,-0.6624,1,-3.6559,14,0.10474,15,0.16887,27,1.12312,19,0.56644,17,0.53240
ENSG00000277203,F8A1,2,-3.3175,13,-0.6318,18,-0.1664,39,1.06113,13,-0.6686,28,0.53928,26,0.40051,16,-0.3405,23,0.28901
ENSG00000165775,FUNDC2,179,1.12750,101,0.18929,109,0.31142,13,-2.7917,78,-0.2198,36,-1.3801,57,-0.6924,108,0.29594,100,0.24938
ENSG00000182712,CMC4,2,-2.7267,32,1.44799,15,0.18199,1,-3.4714,29,1.43689,10,-0.3784,6,-1.0109,5,-1.4959,11,-0.4152
ENSG00000185515,BRCC3,2,-2.9873,8,-1.0201,18,0.23263,35,1.27599,10,-0.6477,11,-0.5167,17,0.13766,21,0.43279,18,0.26997
ENSG00000155959,VBP1,2,-5.5063,133,0.23114,120,0.06442,151,0.42970,94,-0.3381,88,-0.4103,149,0.40682,133,0.22623,133,0.30807
ENSG00000155961,RAB39B,2,-3.8618,16,-0.8676,9,-1.6578,28,-0.0705,21,-0.5000,41,0.52290,41,0.55260,56,1.03366,36,0.43830
ENSG00000185973,TMLHE,2,-2.4973,11,0.02890,7,-0.7183,13,0.22097,8,-0.6072,7,-0.6563,16,0.53744,11,0.01696,16,0.75066
ENSG00000124333,VAMP7,76,1.30250,36,0.07681,25,-0.4640,6,-2.5006,23,-0.6752,50,0.58752,48,0.52825,19,-0.8506,35,0.03083
ENSG00000129824,RPS4Y1,99,-0.3292,148,0.29503,103,-0.2647,79,-0.6773,146,0.30147,77,-0.7158,90,-0.4735,237,1.06365,117,-0.0915
ENSG00000099715,PCDH11Y,2,-3.2172,3,-2.6258,15,-0.3316,59,1.94245,28,0.73341,34,0.96481,8,-1.2309,10,-0.9197,13,-0.6176
ENSG00000114374,USP9Y,2,-3.9623,20,-0.6510,14,-1.1869,76,1.45767,27,-0.2691,39,0.34023,30,-0.0742,28,-0.1842,36,0.30542
ENSG00000067048,DDX3Y,35,0.34294,30,0.10973,18,-0.6890,64,1.32263,21,-0.4962,19,-0.5868,34,0.30274,30,0.10414,24,-0.3532
ENSG00000165246,NLGN4Y,2,-3.7501,18,-0.6375,23,-0.2399,56,1.16342,19,-0.5865,43,0.75619,20,-0.4530,42,0.68923,27,0.03289
ENSG00000176728,TTTY14,2,-2.4325,11,0.03994,1,-3.4124,11,0.08260,11,0.03489,15,0.51002,12,0.15696,13,0.30567,13,0.43623
ENSG00000012817,KDM5D,2,-2.8873,18,0.35877,32,1.26323,7,-1.0274,12,-0.2884,13,-0.2270,17,0.23200,13,-0.2244,16,0.17803
ENSG00000198692,EIF1AY,50,0.70709,40,0.35630,60,1.01583,35,0.12250,28,-0.2386,21,-0.6384,48,0.62832,30,-0.1076,19,-0.9576
ENSG00000198888,MT-ND1,10546,-0.2244,9162,-0.4407,10471,-0.2355,9203,-0.4339,23465,1.21131,8616,-0.5346,5355,-1.2519,11679,-0.0661,11610,-0.0996
ENSG00000198763,MT-ND2,7709,-0.2488,9406,0.06057,5701,-0.7101,6705,-0.4632,18089,1.28855,5571,-0.7453,3263,-1.5463,12148,0.46677,7738,-0.3158
ENSG00000198804,MT-CO1,19479,0.03238,9493,-1.0662,11469,-0.7814,12987,-0.5928,31958,0.93300,12216,-0.6859,11851,-0.7318,25015,0.42863,20403,0.14190
ENSG00000198712,MT-CO2,17911,-0.0845,13313,-0.5414,11695,-0.7383,14072,-0.4567,32504,0.98357,12886,-0.5911,9303,-1.0831,17168,-0.1504,21117,0.23615
ENSG00000228253,MT-ATP8,1286,0.92732,595,-0.3026,788,0.13514,431,-0.7922,1415,1.24430,363,-1.0497,185,-2.0505,652,-0.1595,567,-0.4831
ENSG00000198899,MT-ATP6,13506,-0.2178,12394,-0.3501,10987,-0.5346,13022,-0.2741,29559,1.18633,11288,-0.4934,8243,-0.9698,9027,-0.8329,16101,0.07482
ENSG00000198938,MT-CO3,20027,-0.1491,11612,-0.9803,14490,-0.6456,17842,-0.3276,36498,0.91081,15785,-0.5153,13967,-0.7015,20240,-0.1327,24893,0.26103
ENSG00000198840,MT-ND3,10024,-0.2032,9236,-0.3296,8370,-0.4806,8916,-0.3838,20206,1.03975,8723,-0.4174,6222,-0.9304,13068,0.21123,10888,-0.0993
ENSG00000212907,MT-ND4L,676,-0.3745,897,0.06428,981,0.20557,609,-0.5348,1758,1.33309,555,-0.6756,305,-1.5714,484,-0.8828,792,-0.1702
ENSG00000198886,MT-ND4,10647,-0.4440,11512,-0.3241,9320,-0.6470,11442,-0.3334,27018,1.18819,8933,-0.7113,7083,-1.0613,14403,0.02337,14271,0.01199
ENSG00000198786,MT-ND5,2076,0.04461,1726,-0.2426,2325,0.22338,1757,-0.2147,3787,1.15914,1166,-0.8402,680,-1.6457,2013,-0.0037,1727,-0.3133
ENSG00000198695,MT-ND6,2,-5.0538,41,-0.7386,59,-0.1916,48,-0.5158,173,1.85503,45,-0.6199,19,-1.8495,67,0.00094,61,-0.1992
ENSG00000198727,MT-CYB,8441,-0.1957,7054,-0.4718,5102,-0.9628,7371,-0.4045,17122,1.06184,5894,-0.7453,4574,-1.1269,10320,0.11770,10364,0.16840
ENSG00000278817,AC007325.4,116,1.60546,19,-1.2455,39,-0.1937,18,-1.3319,31,-0.5688,48,0.13635,76,0.87580,16,-1.4650,44,0.00730
